4 0.3046875 0.58984375 0.3125 0.54921875 0.3171875 0.45703125 0.3328125 0.42578125 0.3828125 0.36640625 0.403125 0.30078125 0.41015625 0.296875 0.4359375 0.31171875 0.45859375 0.3609375 0.465625 0.35390625 0.4515625 0.29296875 0.47890625 0.3203125 0.4890625 0.31953125 0.453125 0.25703125 0.4375 0.24296875 0.425 0.18203125 0.39921875 0.1625 0.38515625 0.1625 0.35703125 0.184375 0.3171875 0.24140625 0.28125 0.32421875 0.2734375 0.36171875 0.25625 0.38046875 0.240625 0.41328125 0.209375 0.51015625 0.21171875 0.515625 0.23125 0.51484375 0.2328125 0.55703125 0.24453125 0.5625 0.275 0.51015625 0.28359375 0.50625
4 0.1046875 0.67109375 0.10625 0.61953125 0.13125 0.57734375 0.13125 0.55546875 0.15625 0.52265625 0.1671875 0.49453125 0.22544642857142855 0.45424107142857145 0.2296875 0.42109375 0.1953125 0.34140625 0.17734375 0.334375 0.16484375 0.3375 0.1484375 0.35234375 0.1140625 0.40234375 0.0921875 0.44140625 0.0671875 0.51015625 0.065625 0.56171875 0.0734375 0.62109375 0.0859375 0.63203125 0.09375 0.66640625
4 0.053125 0.57734375 0.0671875 0.57265625 0.0671875 0.50703125 0.0890625 0.44765625 0.1546875 0.34296875 0.14609375 0.3046875 0.10859375 0.325 0.0890625 0.34296875 0.04375 0.42109375 0.0296875 0.52578125 0.0359375 0.56328125
4 0.2296875 0.36953125 0.24296875 0.3421875 0.25859375 0.3671875 0.2703125 0.36328125 0.29375 0.27890625 0.271875 0.21328125 0.2328125 0.13046875 0.21015625 0.1109375 0.17421875 0.1078125 0.15390625 0.11875 0.1296875 0.15234375 0.1265625 0.20390625 0.17890625 0.3015625 0.1890625 0.29609375 0.184375 0.25546875 0.18828125 0.2515625 0.2125 0.26328125 0.2234375 0.31484375 0.2234375 0.35546875
4 0.5390625 0.29921875 0.60078125 0.26875 0.63125 0.26640625 0.65 0.21796875 0.646875 0.16171875 0.6359375 0.13828125 0.5765625 0.06328125 0.5390625 0.02734375 0.55 0.01640625 0.55078125 0 0.47578125 0 0.48125 0.02734375 0.490625 0.03203125 0.475 0.04453125 0.4734375 0.05546875 0.4859375 0.07890625 0.503125 0.09140625 0.5171875 0.14453125 0.5125 0.21484375 0.51953125 0.21875 0.528125 0.19609375 0.54609375 0.184375 0.55625 0.21640625 0.5765625 0.24609375 0.57109375 0.2578125 0.528125 0.28671875 0.5296875 0.29765625
4 0.515625 0.73046875 0.55078125 0.7234375 0.56875 0.70703125 0.5828125 0.68203125 0.58125 0.61953125 0.5484375 0.53359375 0.51796875 0.4890625 0.5125 0.50078125 0.5296875 0.54609375 0.52734375 0.5625 0.49296875 0.546875 0.45234375 0.5484375 0.4109375 0.49921875 0.3875 0.44765625 0.36796875 0.4328125 0.35234375 0.4328125 0.3484375 0.47734375 0.33828125 0.46875 0.3359375 0.47890625 0.3375 0.52265625 0.353125 0.55078125 0.3546875 0.57890625 0.3484375 0.58984375 0.353125 0.60703125 0.47890625 0.7234375 0.49609375 0.73125
4 0.6609375 0.99921875 0.6625 0.96640625 0.66796875 0.9625 0.67578125 0.96875 0.6828125 0.96328125 0.68125 0.92265625 0.67890625 0.915625 0.665625 0.91484375 0.665625 0.89453125 0.70625 0.53984375 0.6921875 0.49140625 0.67890625 0.478125 0.65703125 0.475 0.6390625 0.48671875 0.621875 0.53359375 0.6265625 0.61015625 0.615625 0.65859375 0.6109375 0.73671875 0.596875 0.79921875 0.5953125 0.84140625 0.6171875 0.93515625 0.6125 0.95390625 0.615625 0.98359375 0.62421875 1
4 0.828125 0.61015625 0.8375 0.54765625 0.859375 0.46953125 0.8625 0.35390625 0.840625 0.19921875 0.8171875 0.14609375 0.80703125 0.1453125 0.778125 0.17265625 0.7515625 0.23984375 0.75390625 0.2453125 0.76484375 0.240625 0.78046875 0.2453125 0.790625 0.26328125 0.803125 0.39609375 0.790625 0.44296875 0.7984375 0.50078125 0.7953125 0.59921875 0.80234375 0.609375 0.81640625 0.6015625 0.82109375 0.6109375
4 0.853125 0.75546875 0.8640625 0.74765625 0.871875 0.69765625 0.8828125 0.50078125 0.88125 0.42890625 0.86640625 0.384375 0.8609375 0.39296875 0.85625 0.48984375 0.8375 0.54921875 0.8296875 0.60859375 0.81953125 0.6125 0.8125 0.62421875 0.8046875 0.66953125 0.80625 0.68359375 0.81875 0.69765625 0.825 0.74609375 0.84296875 0.75625
4 0.7359375 0.88046875 0.82890625 0.8546875 0.8390625 0.83828125 0.8625 0.82109375 0.8671875 0.76484375 0.86328125 0.7546875 0.84296875 0.7578125 0.81640625 0.7515625 0.79609375 0.75625 0.76796875 0.7359375 0.73828125 0.7359375 0.728125 0.72265625 0.7375 0.71015625 0.73828125 0.690625 0.7015625 0.71015625 0.6984375 0.72578125 0.68125 0.75078125 0.675 0.83046875 0.675 0.85390625 0.68671875 0.86875 0.70546875 0.8796875
1 0.8015625 0.75078125 0.81484375 0.746875 0.8203125 0.73515625 0.8140625 0.69921875 0.803125 0.68046875 0.8046875 0.61953125 0.7921875 0.59296875 0.7953125 0.49453125 0.7890625 0.43515625 0.8 0.38984375 0.7875 0.26484375 0.77578125 0.246875 0.75390625 0.25 0.75 0.24453125 0.76171875 0.184375 0.71796875 0.1640625 0.66328125 0.1515625 0.665625 0.16640625 0.6546875 0.18515625 0.65625 0.21640625 0.6625 0.22109375 0.6671875 0.25078125 0.6625 0.29453125 0.66875 0.29765625 0.665625 0.44921875 0.671875 0.47109375 0.7 0.50078125 0.709375 0.54609375 0.690625 0.71171875 0.72109375 0.696875 0.73046875 0.6828125 0.74296875 0.68125 0.74375 0.71953125