4 0.475 0.29296875 0.475 0.27734375 0.4640625 0.27421875 0.47421875 0.246875 0.53203125 0.2734375 0.58046875 0.265625 0.5859375 0.28828125 0.59375 0.28515625 0.6390625 0.22734375 0.64453125 0.121875 0.6328125 0.12265625 0.63203125 0.1375 0.59609375 0.109375 0.54453125 0.096875 0.48203125 0.0984375 0.45234375 0.0859375 0.40703125 0.096875 0.39296875 0.090625 0.3734375 0.09296875 0.384375 0.11171875 0.3625 0.13203125 0.35 0.15703125 0.353125 0.17265625 0.41875 0.22109375 0.43984375 0.284375
4 0.609375 0.56328125 0.628125 0.55546875 0.621875 0.51171875 0.65234375 0.5078125 0.6796875 0.48515625 0.6796875 0.47890625 0.6671875 0.47109375 0.6796875 0.46640625 0.6763392857142858 0.4665178571428571 0.671875 0.45703125 0.6796875000000001 0.4631696428571429 0.6841517857142858 0.4564732142857143 0.6808035714285714 0.4453125 0.6765625 0.43515625 0.6546875 0.40078125 0.63203125 0.3828125 0.57890625 0.359375 0.53671875 0.321875 0.51171875 0.309375 0.46015625 0.3015625 0.40546875 0.325 0.409375 0.34296875 0.4 0.36171875 0.3984375 0.38359375 0.4109375 0.45546875 0.396875 0.55234375 0.40234375 0.5546875 0.409375 0.54453125 0.42421875 0.490625 0.4484375 0.53046875 0.4609375 0.53203125 0.4515625 0.48828125 0.46328125 0.478125 0.49453125 0.5046875 0.56796875 0.5140625 0.58125 0.52890625 0.5828125 0.55078125
4 0.715625 0.63203125 0.75546875 0.5515625 0.78828125 0.5671875 0.7953125 0.56328125 0.809375 0.49140625 0.7734375 0.42109375 0.753125 0.36015625 0.721875 0.29453125 0.67734375 0.2421875 0.6390625 0.22578125 0.64375 0.12265625 0.63203125 0.121875 0.62265625 0.1296875 0.59453125 0.109375 0.54296875 0.096875 0.49140625 0.1 0.45078125 0.0859375 0.40546875 0.096875 0.37734375 0.090625 0.3734375 0.09453125 0.384375 0.11171875 0.3625 0.13203125 0.3515625 0.15390625 0.3515625 0.16953125 0.4171875 0.21953125 0.43984375 0.284375 0.45546875 0.2921875 0.48125 0.28984375 0.48125 0.28359375 0.465625 0.27265625 0.47421875 0.246875 0.53203125 0.2734375 0.5796875 0.26796875 0.584375 0.29765625 0.5765625 0.34609375 0.58671875 0.359375 0.63046875 0.3734375 0.6546875 0.39765625 0.684375 0.44453125 0.6875 0.47109375 0.7109375 0.49453125 0.7109375 0.55078125 0.6984375 0.61171875 0.7109375 0.60859375
4 0.7515625 0.78046875 0.81328125 0.7515625 0.8375 0.72421875 0.8578125 0.67578125 0.8609375 0.62421875 0.85625 0.60078125 0.82421875 0.525 0.815625 0.53984375 0.821875 0.56328125 0.8046875 0.58203125 0.79453125 0.6265625 0.76328125 0.64375 0.69453125 0.640625 0.6890625 0.64765625 0.6890625 0.66328125 0.6841517857142858 0.6763392857142858 0.6919642857142858 0.7265625000000001 0.6984375 0.74921875 0.7046875 0.76484375 0.71484375 0.775
4 0.7265625 0.88203125 0.77734375 0.86875 0.815625 0.83671875 0.853125 0.75703125 0.85078125 0.7078125 0.81796875 0.7484375 0.75546875 0.7796875 0.71484375 0.775 0.69375 0.76171875 0.6796875 0.80546875 0.6796875 0.83828125 0.69453125 0.8765625
4 0.3703125 0.82578125 0.378125 0.76484375 0.40234375 0.715625 0.45703125 0.7375 0.52578125 0.7125 0.5515625 0.74140625 0.5390625 0.76484375 0.55390625 0.76875 0.56875 0.75859375 0.5765625 0.73046875 0.5765625 0.69765625 0.61328125 0.6765625 0.6390625 0.64765625 0.6390625 0.63046875 0.625 0.61015625 0.62734375 0.5609375 0.60390625 0.56875 0.57421875 0.5546875 0.53671875 0.55625 0.45234375 0.540625 0.40703125 0.55625 0.35625 0.58828125 0.34375 0.65390625 0.3515625 0.70546875 0.346875 0.79765625 0.35234375 0.8015625 0.3625 0.78671875 0.3640625 0.81484375
4 0.5109375 0.91015625 0.53515625 0.9078125 0.58359375 0.890625 0.61796875 0.8734375 0.63671875 0.853125 0.6453125 0.88359375 0.65078125 0.8890625 0.65625 0.88515625 0.6578125 0.80078125 0.66875 0.75703125 0.66328125 0.74375 0.63828125 0.753125 0.60546875 0.7546875 0.58046875 0.7109375 0.56875 0.76171875 0.54921875 0.771875 0.53984375 0.7703125 0.5375 0.76015625 0.52109375 0.7484375 0.49453125 0.7453125 0.47265625 0.7515625 0.46953125 0.7375 0.45 0.74140625 0.4453125 0.76171875 0.43515625 0.775 0.39609375 0.7453125 0.3875 0.74765625 0.3828125 0.76484375 0.3984375 0.79921875 0.396875 0.85078125 0.4046875 0.87890625 0.41640625 0.8890625 0.46484375 0.9078125
4 0.284375 0.54453125 0.3609375 0.51640625 0.3890625 0.45546875 0.38125 0.43984375 0.378125 0.41015625 0.3671875 0.38984375 0.33359375 0.3640625 0.30234375 0.353125 0.25078125 0.3578125 0.23046875 0.34375 0.21796875 0.3453125 0.19609375 0.3625 0.1859375 0.33515625 0.17734375 0.328125 0.16875 0.33828125 0.171875 0.38203125 0.15625 0.38515625 0.165625 0.42265625 0.1546875 0.45859375 0.1578125 0.47890625 0.16953125 0.478125 0.18203125 0.4609375 0.20859375 0.4875 0.23984375 0.48125 0.25234375 0.4859375 0.27578125 0.5109375 0.290625 0.51796875 0.2671875 0.53359375 0.26953125 0.5453125
4 0.146875 0.67109375 0.171875 0.64296875 0.1796875 0.58828125 0.2109375 0.54609375 0.2171875 0.50078125 0.2046875 0.50859375 0.18828125 0.534375 0.165625 0.53359375 0.153125 0.46953125 0.15 0.43671875 0.159375 0.41484375 0.1515625 0.38671875 0.1265625 0.36484375 0.0953125 0.28984375 0.08671875 0.2875 0.084375 0.30234375 0.07578125 0.303125 0.0703125 0.31171875 0.0671875 0.32890625 0.06875 0.42890625 0.090625 0.55390625 0.1296875 0.65546875
4 0.125 0.77421875 0.1421875 0.76015625 0.1546875 0.72109375 0.190625 0.68828125 0.19375 0.67734375 0.1765625 0.67578125 0.17734375 0.65625 0.15390625 0.675 0.14140625 0.671875 0.1296875 0.65703125 0.0890625 0.54765625 0.0671875 0.42109375 0.065625 0.38203125 0.05703125 0.365625 0.0359375 0.43203125 0.0375 0.56640625 0.0578125 0.66328125 0.0890625 0.74453125 0.10234375 0.76875
1 0.7640625 0.63984375 0.7890625 0.62421875 0.7984375 0.57890625 0.75703125 0.55625 0.7296875 0.60859375 0.7234375 0.63984375
1 0.8578125 0.55703125 0.865625 0.47890625 0.859375 0.22734375 0.78046875 0.1828125 0.65078125 0.1421875 0.6421875 0.15703125 0.64375 0.22109375 0.67265625 0.234375 0.7328125 0.30234375 0.7734375 0.41640625 0.8109375 0.48515625 0.8125 0.52265625 0.82578125 0.51875 0.8390625 0.54921875