1 0.559375 0.64609375 0.56796875 0.6359375 0.57734375 0.6375 0.58515625 0.6234375 0.60390625 0.621875 0.60859375 0.6125 0.61484375 0.621875 0.621875 0.61328125 0.6203125 0.60078125 0.62890625 0.603125 0.64296875 0.59375 0.6453125 0.58046875 0.6375 0.57734375 0.6328125 0.56171875 0.6328125 0.49765625 0.62109375 0.4953125 0.61640625 0.48125 0.609375 0.48359375 0.60859375 0.49375 0.6 0.47578125 0.58984375 0.4734375 0.56640625 0.4515625 0.55703125 0.434375 0.55 0.44296875 0.5484375 0.46171875 0.534375 0.47578125 0.540625 0.48046875 0.5390625 0.48828125 0.5296875 0.48515625 0.5359375 0.49609375 0.52890625 0.4953125 0.51796875 0.50625 0.51171875 0.49375 0.50625 0.51171875 0.51484375 0.5375 0.51796875 0.51875 0.521875 0.52578125 0.51875 0.53671875 0.528125 0.59921875 0.5328125 0.59921875 0.53359375 0.5859375 0.5421875 0.62890625 0.54609375 0.634375 0.55390625 0.63125
1 0.7640625 0.45234375 0.76484375 0.446875 0.778125 0.44609375 0.78046875 0.428125 0.7859375 0.44453125 0.79375 0.42734375 0.790625 0.41640625 0.79609375 0.409375 0.80234375 0.421875 0.80625 0.40078125 0.8015625 0.37109375 0.79609375 0.3890625 0.790625 0.37421875 0.79609375 0.35 0.8015625 0.36796875 0.803125 0.34140625 0.75859375 0.3 0.7421875 0.35390625 0.7265625 0.37265625 0.7296875 0.39921875 0.7375 0.40078125 0.7328125 0.41328125 0.74375 0.43671875
4 0.8140625 0.42265625 0.83046875 0.34375 0.8359375 0.34609375 0.8359375 0.41796875 0.8421875 0.41796875 0.8578125 0.32890625 0.8546875 0.26171875 0.81484375 0.1890625 0.79140625 0.1734375 0.74453125 0.1625 0.7453125 0.14453125 0.72734375 0.140625 0.69296875 0.1734375 0.671875 0.18046875 0.671875 0.19296875 0.6875 0.22109375 0.728125 0.26328125 0.709375 0.34453125 0.7203125 0.33984375 0.73046875 0.315625 0.728125 0.35859375 0.73046875 0.365625 0.7359375 0.36171875 0.753125 0.28984375 0.76171875 0.2890625 0.78984375 0.328125 0.8125 0.33828125 0.809375 0.41953125
4 0.1109375 0.30703125 0.1375 0.24921875 0.15390625 0.23125 0.17109375 0.2296875 0.18046875 0.2359375 0.21015625 0.2125 0.24765625 0.20625 0.271875 0.19453125 0.2765625 0.12890625 0.26484375 0.1015625 0.23828125 0.090625 0.22578125 0.0921875 0.14296875 0.125 0.10234375 0.1328125 0.0859375 0.14296875 0.078125 0.17734375 0.1 0.23515625 0.1109375 0.24765625
4 0.1234375 0.39140625 0.12578125 0.3765625 0.14140625 0.3828125 0.16796875 0.3625 0.20234375 0.353125 0.21953125 0.340625 0.26953125 0.3421875 0.30703125 0.334375 0.33125 0.30546875 0.334375 0.27109375 0.328125 0.21484375 0.3578125 0.17421875 0.353125 0.16640625 0.33515625 0.15625 0.3328125 0.17734375 0.32421875 0.1828125 0.29609375 0.1875 0.27109375 0.203125 0.21015625 0.2140625 0.18046875 0.2375 0.16796875 0.2296875 0.14765625 0.2375 0.0953125 0.34609375 0.1 0.36171875 0.1109375 0.36953125 0.109375 0.38984375
4 0.140625 0.52421875 0.16796875 0.503125 0.24296875 0.46875 0.27890625 0.43125 0.31328125 0.421875 0.3265625 0.41015625 0.328125 0.40078125 0.3171875 0.38046875 0.33125 0.35703125 0.32265625 0.3359375 0.21796875 0.3421875 0.20078125 0.3546875 0.16796875 0.3640625 0.12578125 0.396875 0.11328125 0.4 0.10390625 0.3890625 0.0984375 0.39296875 0.090625 0.41171875 0.0890625 0.45546875 0.0953125 0.50234375 0.11328125 0.5234375
4 0.0734375 0.57265625 0.09140625 0.55 0.12109375 0.5484375 0.1328125 0.53828125 0.12421875 0.5265625 0.10859375 0.5234375 0.090625 0.49609375 0.090625 0.30859375 0.10625 0.28203125 0.109375 0.26171875 0.10546875 0.2546875 0.0921875 0.25234375 0.09375 0.22265625 0.07578125 0.18125 0.05 0.22109375 0.0328125 0.36640625 0.0390625 0.52421875 0.0546875 0.56953125
4 0.190625 0.66171875 0.221875 0.64921875 0.21484375 0.634375 0.19609375 0.6359375 0.1953125 0.62578125 0.23046875 0.60625 0.25859375 0.5765625 0.371875 0.53046875 0.37265625 0.5125 0.3484375 0.51484375 0.371875 0.46171875 0.36640625 0.446875 0.3390625 0.43984375 0.35 0.42265625 0.34921875 0.409375 0.32890625 0.4109375 0.31640625 0.421875 0.28203125 0.4296875 0.24453125 0.46875 0.16640625 0.5046875 0.146875 0.52265625 0.134375 0.56328125 0.1359375 0.61796875 0.15078125 0.646875
4 0.2 0.85546875 0.2203125 0.83828125 0.2140625 0.81171875 0.2234375 0.80078125 0.2234375 0.78359375 0.24140625 0.7890625 0.2640625 0.75703125 0.25546875 0.74375 0.19140625 0.7265625 0.18359375 0.703125 0.16953125 0.7046875 0.15390625 0.715625 0.13671875 0.696875 0.1140625 0.68828125 0.1296875 0.67265625 0.13125 0.65859375 0.12578125 0.6546875 0.10703125 0.6609375 0.0765625 0.69609375 0.065625 0.71796875 0.065625 0.76015625 0.075 0.78984375 0.09921875 0.821875 0.11953125 0.8328125 0.16640625 0.840625 0.18515625 0.8546875
4 0.2609375 0.92109375 0.26875 0.90078125 0.26796875 0.88125 0.31328125 0.88125 0.35390625 0.896875 0.40234375 0.8984375 0.43671875 0.88125 0.453125 0.85234375 0.446875 0.78515625 0.4203125 0.74609375 0.4109375 0.71328125 0.37734375 0.6625 0.371875 0.66640625 0.371875 0.68359375 0.3921875 0.72421875 0.390625 0.73359375 0.38046875 0.740625 0.34765625 0.734375 0.31015625 0.7484375 0.3046875 0.72421875 0.315625 0.70859375 0.3125 0.70234375 0.28671875 0.6984375 0.278125 0.70859375 0.2734375 0.74765625 0.2484375 0.78671875 0.234375 0.84609375 0.246875 0.87109375 0.2515625 0.91328125
4 0.5921875 0.91640625 0.590625 0.89921875 0.61328125 0.8921875 0.653125 0.84453125 0.7015625 0.73828125 0.7359375 0.67890625 0.74375 0.60859375 0.7578125 0.59921875 0.7625 0.58671875 0.7625 0.55234375 0.75859375 0.55 0.74921875 0.5625 0.7421875 0.56015625 0.73515625 0.5140625 0.728125 0.51484375 0.7234375 0.53359375 0.7125 0.54140625 0.6953125 0.57265625 0.6671875 0.64140625 0.6234375 0.68984375 0.59921875 0.7390625 0.590625 0.73046875 0.58984375 0.6609375 0.5796875 0.67890625 0.5640625 0.83671875 0.584375 0.91171875
4 0.753125 0.88359375 0.79453125 0.8625 0.81484375 0.8609375 0.8515625 0.81796875 0.8484375 0.76484375 0.8296875 0.74453125 0.84375 0.69140625 0.83984375 0.6765625 0.8265625 0.70390625 0.8046875 0.72421875 0.79296875 0.7453125 0.75 0.73359375 0.7671875 0.69609375 0.76328125 0.690625 0.73671875 0.7046875 0.703125 0.73984375 0.6796875 0.78828125 0.6703125 0.81484375 0.678125 0.85078125 0.69765625 0.871875 0.71796875 0.8828125