4 0.5234375 0.48671875 0.546875 0.40859375 0.5484375 0.38203125 0.575 0.34921875 0.5875 0.30234375 0.571875 0.24296875 0.5484375 0.19921875 0.49765625 0.1390625 0.43671875 0.109375 0.41796875 0.0921875 0.38203125 0.084375 0.37265625 0.0703125 0.36484375 0.0703125 0.3640625 0.08203125 0.33671875 0.0875 0.3140625 0.12109375 0.3546875 0.19921875 0.3421875 0.25546875 0.35 0.27421875 0.3375 0.30859375 0.3375 0.32578125 0.34296875 0.3296875 0.35 0.32421875 0.3609375 0.29140625 0.40546875 0.2484375 0.45390625 0.3140625 0.5078125 0.34609375 0.5046875 0.39765625 0.4859375 0.46640625 0.48984375 0.4734375 0.496875 0.46953125 0.51953125 0.4203125 0.5140625 0.47421875
4 0.6609375 0.35859375 0.7421875 0.24921875 0.74375 0.21484375 0.7375 0.18984375 0.725 0.16796875 0.68359375 0.13125 0.65859375 0.121875 0.60234375 0.1171875 0.57109375 0.1078125 0.56875 0.07890625 0.55546875 0.078125 0.5421875 0.08984375 0.5375 0.10546875 0.5 0.13828125 0.5640625 0.22109375 0.58984375 0.2921875 0.60703125 0.25 0.61640625 0.2515625 0.65546875 0.2875 0.678125 0.28828125 0.6765625 0.30703125 0.6546875 0.35234375 0.6546875 0.35859375
4 0.6921875 0.59140625 0.7203125 0.44453125 0.7609375 0.39765625 0.7765625 0.35859375 0.7828125 0.35546875 0.78515625 0.371875 0.8015625 0.35078125 0.825 0.22109375 0.8265625 0.19765625 0.82109375 0.1890625 0.79296875 0.1875 0.76875 0.20390625 0.7390625 0.26171875 0.671875 0.33984375 0.6546875 0.37578125 0.646875 0.40859375 0.6515625 0.44609375 0.6703125 0.48046875 0.6828125 0.57734375
4 0.725 0.75546875 0.7578125 0.72890625 0.790625 0.66328125 0.80625 0.61328125 0.8203125 0.48828125 0.8203125 0.41640625 0.80390625 0.3609375 0.784375 0.38203125 0.7703125 0.41796875 0.75234375 0.4140625 0.7265625 0.44296875 0.7453125 0.51015625 0.71875 0.55859375 0.7078125 0.61796875 0.68359375 0.6140625 0.65546875 0.5734375 0.6515625 0.58984375 0.6390625 0.60078125 0.678125 0.67890625 0.68125 0.74140625 0.70078125 0.75625
4 0.86875 0.78515625 0.8734375 0.78203125 0.8765625 0.65703125 0.865625 0.61328125 0.8671875 0.43515625 0.84921875 0.40625 0.83203125 0.4015625 0.8203125 0.42109375 0.8203125 0.49609375 0.8078125 0.60078125 0.8125 0.64140625 0.8078125 0.69921875 0.8125 0.71796875 0.834375 0.73984375 0.8578125 0.78046875
4 0.721875 0.88515625 0.76328125 0.8671875 0.81328125 0.8625 0.8390625 0.84609375 0.853125 0.82109375 0.8578125 0.78359375 0.8359375 0.74453125 0.80546875 0.715625 0.78046875 0.7203125 0.72421875 0.7578125 0.70078125 0.7578125 0.7046875 0.77421875 0.6515625 0.82109375 0.653125 0.84609375 0.6703125 0.85546875 0.66796875 0.8796875 0.67734375 0.8859375
4 0.4484375 0.90546875 0.54140625 0.9015625 0.56328125 0.8734375 0.5890625 0.86328125 0.5875 0.84453125 0.609375 0.80546875 0.60625 0.79453125 0.54453125 0.7765625 0.53203125 0.7578125 0.50859375 0.7625 0.49140625 0.7796875 0.45703125 0.75 0.43828125 0.746875 0.43984375 0.728125 0.43671875 0.7359375 0.43359375 0.7296875 0.39921875 0.734375 0.3640625 0.77734375 0.353125 0.81015625 0.3390625 0.81484375 0.3375 0.83203125 0.3671875 0.88203125 0.38046875 0.89375 0.41484375 0.9046875
4 0.265625 0.88671875 0.2546875 0.85546875 0.26875 0.83515625 0.2734375 0.78671875 0.2984375 0.70234375 0.2875 0.70390625 0.25234375 0.7625 0.24375 0.74609375 0.25 0.70234375 0.2484375 0.65859375 0.23984375 0.634375 0.2359375 0.69453125 0.21953125 0.7296875 0.19609375 0.7109375 0.17734375 0.7078125 0.1703125 0.71015625 0.165625 0.73984375 0.15859375 0.740625 0.14296875 0.725 0.12890625 0.7234375 0.11484375 0.7109375 0.0828125 0.74296875 0.0734375 0.77578125 0.10234375 0.8171875 0.18515625 0.85625 0.24453125 0.8640625
4 0.1640625 0.73828125 0.16875 0.70859375 0.1546875 0.65703125 0.17734375 0.6671875 0.178125 0.65546875 0.15625 0.62890625 0.140625 0.58671875 0.11875 0.56328125 0.10625 0.49921875 0.0921875 0.46171875 0.1 0.43203125 0.1234375 0.41484375 0.12109375 0.4046875 0.1015625 0.40078125 0.125 0.38046875 0.12265625 0.365625 0.08671875 0.3796875 0.07734375 0.3921875 0.06171875 0.3890625 0.0453125 0.40390625 0.0375 0.44296875 0.0390625 0.51015625 0.0546875 0.58671875 0.09375 0.68828125 0.12265625 0.7203125 0.14453125 0.725 0.15546875 0.7375
4 0.1578125 0.29453125 0.1890625 0.26953125 0.19375 0.25546875 0.225 0.22578125 0.240625 0.19453125 0.2453125 0.16953125 0.2796875 0.16171875 0.24765625 0.1578125 0.2359375 0.12421875 0.21328125 0.10625 0.18359375 0.1046875 0.12109375 0.1296875 0.09921875 0.128125 0.084375 0.15546875 0.0625 0.17734375 0.0640625 0.19296875 0.05625 0.20390625 0.053125 0.22890625 0.06484375 0.2421875 0.08515625 0.2390625 0.09453125 0.2609375 0.11015625 0.2578125 0.12578125 0.234375 0.15546875 0.2453125 0.1703125 0.24453125 0.16875 0.26171875 0.1484375 0.28671875 0.15078125 0.2953125
1 0.8640625 0.41640625 0.8625 0.23203125 0.82890625 0.2109375 0.8125 0.27890625 0.8046875 0.34453125 0.81875 0.40078125 0.83984375 0.4