1 0.66875 0.77265625 0.6875 0.74296875 0.72421875 0.70625 0.75390625 0.6875 0.76875 0.68984375 0.7671875 0.71328125 0.7546875 0.72265625 0.75390625 0.734375 0.76640625 0.7359375 0.78359375 0.75 0.79453125 0.75 0.81875 0.73359375 0.8109375 0.54453125 0.8015625 0.51953125 0.7890625 0.51328125 0.7890625 0.49609375 0.7984375 0.43515625 0.8125 0.40859375 0.825 0.33828125 0.83203125 0.33125 0.85234375 0.3375 0.8578125 0.32890625 0.8609375 0.23203125 0.85546875 0.2234375 0.78671875 0.1890625 0.70546875 0.1578125 0.55390625 0.1203125 0.50234375 0.115625 0.5046875 0.13046875 0.5609375 0.19609375 0.5890625 0.24453125 0.6078125 0.25390625 0.6125 0.31328125 0.6 0.32578125 0.6 0.38203125 0.58828125 0.3875 0.55703125 0.3671875 0.55078125 0.35625 0.53046875 0.3484375 0.521875 0.35703125 0.521875 0.36640625 0.52890625 0.359375 0.54609375 0.359375 0.546875 0.37421875 0.5640625 0.37734375 0.5546875 0.38515625 0.5546875 0.41796875 0.5609375 0.41796875 0.56953125 0.4015625 0.5734375 0.42890625 0.58515625 0.4203125 0.58984375 0.428125 0.59296875 0.4234375 0.59375 0.43203125 0.603125 0.43671875 0.60390625 0.45 0.60625 0.43984375 0.61640625 0.4328125 0.6125 0.44140625 0.6375 0.47109375 0.640625 0.48359375 0.634375 0.49453125 0.640625 0.49921875 0.634375 0.50859375 0.6484375 0.51015625 0.65625 0.56171875 0.6484375 0.56796875 0.64765625 0.5796875 0.64453125 0.565625 0.634375 0.56953125 0.6484375 0.58515625 0.6484375 0.61640625 0.63515625 0.6140625 0.6296875 0.62109375 0.64140625 0.6234375 0.64453125 0.61875 0.6625 0.64765625 0.659375 0.75703125
4 0.59375 0.38046875 0.6015625 0.37265625 0.596875 0.32421875 0.6 0.31484375 0.609375 0.31171875 0.609375 0.28359375 0.6015625 0.26171875 0.5875 0.24921875 0.55 0.18515625 0.48046875 0.109375 0.44765625 0.090625 0.40234375 0.08125 0.35859375 0.0984375 0.3453125 0.11796875 0.3421875 0.14453125 0.3484375 0.22890625 0.39296875 0.265625 0.40234375 0.2515625 0.42890625 0.275 0.47734375 0.290625 0.48828125 0.334375 0.53046875 0.3328125
4 0.4265625 0.47734375 0.43828125 0.45 0.48203125 0.4484375 0.5234375 0.43671875 0.5265625 0.42109375 0.5109375 0.39453125 0.5046875 0.35703125 0.525 0.33828125 0.48828125 0.3375 0.45078125 0.290625 0.41640625 0.2890625 0.34296875 0.23125 0.31640625 0.2234375 0.28359375 0.2265625 0.2546875 0.25703125 0.2515625 0.28984375 0.25625 0.34140625 0.2796875 0.37734375 0.2765625 0.38984375 0.28125 0.40078125 0.30234375 0.4234375 0.30546875 0.4 0.34296875 0.41875 0.38046875 0.415625 0.403125 0.46484375 0.41640625 0.4765625
4 0.5484375 0.90390625 0.60234375 0.8953125 0.63203125 0.8765625 0.6515625 0.85234375 0.6625 0.81328125 0.6609375 0.77578125 0.6515625 0.74765625 0.65625 0.72734375 0.653125 0.63984375 0.63984375 0.6453125 0.63671875 0.6328125 0.6296875 0.64296875 0.628125 0.70078125 0.61171875 0.75 0.56953125 0.7328125 0.55390625 0.7328125 0.49453125 0.75625 0.4765625 0.73203125 0.4765625 0.71171875 0.46015625 0.709375 0.44609375 0.7140625 0.4390625 0.72421875 0.4421875 0.77109375 0.40703125 0.78125 0.3796875 0.80390625 0.3796875 0.82109375 0.39375 0.84609375 0.3859375 0.87265625 0.39765625 0.8859375 0.44453125 0.9046875
4 0.7328125 0.87890625 0.81953125 0.8515625 0.85 0.81953125 0.853125 0.78515625 0.8671875 0.75859375 0.86640625 0.746875 0.85390625 0.746875 0.84765625 0.740625 0.84140625 0.7578125 0.82109375 0.7390625 0.78359375 0.75625 0.76640625 0.7421875 0.74140625 0.7375 0.740625 0.72578125 0.7609375 0.70859375 0.76328125 0.690625 0.72265625 0.7125 0.7171875 0.72421875 0.6859375 0.75078125 0.665625 0.79609375 0.6625 0.83046875 0.675 0.86328125 0.69765625 0.8796875
4 0.853125 0.78359375 0.865625 0.77109375 0.8703125 0.72734375 0.8796875 0.70234375 0.875 0.67734375 0.8796875 0.63828125 0.875 0.58203125 0.878125 0.45234375 0.8640625 0.36484375 0.8484375 0.34140625 0.83359375 0.3328125 0.8234375 0.35078125 0.8125 0.41796875 0.8 0.43671875 0.790625 0.50859375 0.79296875 0.5140625 0.803125 0.50546875 0.80859375 0.484375 0.825 0.73203125 0.84375 0.75390625
4 0.15625 0.73046875 0.175 0.68359375 0.21640625 0.628125 0.25234375 0.6265625 0.27265625 0.634375 0.3125 0.61328125 0.3375 0.55390625 0.34375 0.48671875 0.31171875 0.4546875 0.27734375 0.4515625 0.22734375 0.478125 0.1546875 0.56015625 0.14375 0.62109375 0.1296875 0.63515625 0.1234375 0.65859375 0.13515625 0.6640625 0.14375 0.67734375 0.146875 0.71953125
4 0.2359375 0.47265625 0.2984375 0.44453125 0.2984375 0.42265625 0.2703125 0.39296875 0.278125 0.38203125 0.2703125 0.36328125 0.25546875 0.3625 0.23828125 0.34375 0.19296875 0.3234375 0.13515625 0.275 0.11484375 0.2765625 0.1 0.28984375 0.0828125 0.32734375 0.0828125 0.38046875 0.096875 0.41484375 0.10390625 0.4234375 0.13984375 0.4390625 0.17890625 0.44375 0.22109375 0.4734375
4 0.11875 0.27265625 0.13515625 0.26875 0.16640625 0.2375 0.17890625 0.2375 0.19921875 0.25 0.23359375 0.253125 0.24765625 0.25 0.27578125 0.225 0.33828125 0.225 0.3421875 0.19921875 0.3296875 0.18515625 0.33125 0.12109375 0.325 0.10703125 0.30703125 0.09375 0.26640625 0.09375 0.21640625 0.1015625 0.16796875 0.1203125 0.13984375 0.121875 0.10859375 0.1359375 0.0953125 0.16015625 0.1046875 0.17265625 0.1015625 0.20546875 0.10625 0.21953125 0.1265625 0.22578125 0.115625 0.26484375
4 0.05 0.54609375 0.05859375 0.5453125 0.0703125 0.52734375 0.0796875 0.45703125 0.096875 0.43203125 0.0828125 0.38359375 0.0828125 0.32421875 0.1 0.28515625 0.096875 0.22890625 0.10625 0.21953125 0.1 0.20859375 0.103125 0.17109375 0.08671875 0.15625 0.06875 0.16484375 0.0546875 0.19453125 0.040625 0.28828125 0.034375 0.46953125 0.0390625 0.53828125 0.04296875 0.546875
4 0.0796875 0.80078125 0.115625 0.76015625 0.13125 0.72734375 0.12421875 0.7203125 0.11015625 0.7359375 0.0984375 0.73671875 0.1078125 0.65859375 0.10625 0.62109375 0.121875 0.60546875 0.1296875 0.57421875 0.146875 0.54140625 0.140625 0.50546875 0.11796875 0.4859375 0.09375 0.49296875 0.0640625 0.54296875 0.04375 0.64296875 0.046875 0.76171875 0.05625 0.79296875 0.06953125 0.8015625