1 0.75625 0.85234375 0.82734375 0.8328125 0.8375 0.82421875 0.840625 0.81171875 0.8625 0.43515625 0.8609375 0.23046875 0.85546875 0.2203125 0.75703125 0.1734375 0.61484375 0.1328125 0.52578125 0.1171875 0.51875 0.12265625 0.546875 0.15859375 0.5609375 0.19140625 0.5625 0.23359375 0.5546875 0.27109375 0.5265625 0.30703125 0.5046875 0.41015625 0.49453125 0.4265625 0.47109375 0.425 0.46328125 0.409375 0.46015625 0.4171875 0.4390625 0.41640625 0.43984375 0.390625 0.46875 0.38828125 0.4828125 0.34140625 0.484375 0.29609375 0.47890625 0.2828125 0.45234375 0.2828125 0.42421875 0.2703125 0.41875 0.31484375 0.42734375 0.3140625 0.4390625 0.33515625 0.4296875 0.35703125 0.4375 0.36171875 0.4375 0.37578125 0.446875 0.38046875 0.43125 0.39296875 0.4359375 0.40234375 0.4328125 0.42421875 0.453125 0.42421875 0.446875 0.43203125 0.44375 0.46171875 0.4296875 0.48203125 0.4359375 0.48671875 0.41875 0.49921875 0.3890625 0.54296875 0.38125 0.58046875 0.3671875 0.59140625 0.359375 0.60859375 0.33046875 0.6265625 0.31015625 0.628125 0.3 0.64296875 0.3015625 0.65390625 0.321875 0.68671875 0.321875 0.71796875 0.3265625 0.71953125 0.33046875 0.70625 0.33828125 0.721875 0.34609375 0.709375 0.3484375 0.71328125 0.35625 0.78828125 0.36171875 0.7859375 0.3671875 0.79296875 0.37265625 0.815625 0.3765625 0.75546875 0.3859375 0.75703125 0.3875 0.74140625 0.403125 0.71328125 0.428125 0.69921875 0.453125 0.62421875 0.46796875 0.603125 0.47734375 0.6015625 0.4890625 0.61328125 0.4875 0.64140625 0.4703125 0.68046875 0.4703125 0.71640625 0.47578125 0.721875 0.51171875 0.725 0.528125 0.71484375 0.5328125 0.69921875 0.5265625 0.67578125 0.50625 0.64140625 0.509375 0.62734375 0.53203125 0.6171875 0.56328125 0.6171875 0.59140625 0.625 0.60859375 0.6203125 0.61875 0.61015625 0.6359375 0.56015625 0.65390625 0.5375 0.66484375 0.5328125 0.671875 0.58828125 0.653125 0.62578125 0.65625 0.66328125 0.7 0.70546875 0.71484375 0.7453125 0.73125 0.73671875 0.7328125 0.70078125 0.74296875 0.6859375 0.7515625 0.68828125 0.75546875 0.7046875 0.76171875 0.7078125 0.77421875 0.7 0.78125 0.70859375 0.7765625 0.73203125 0.7515625 0.78671875 0.746875 0.84765625
4 0.4921875 0.41953125 0.5046875 0.39453125 0.525 0.30234375 0.55 0.27578125 0.5578125 0.25234375 0.559375 0.19609375 0.540625 0.15546875 0.49296875 0.1078125 0.44453125 0.0859375 0.36328125 0.090625 0.29609375 0.109375 0.290625 0.11640625 0.2953125 0.14609375 0.290625 0.18046875 0.27450284090909094 0.19886363636363635 0.28977272727272724 0.2258522727272727 0.30703125 0.2203125 0.31953125 0.215625 0.33125 0.22265625 0.3328125 0.25546875 0.34140625 0.2671875 0.36015625 0.2734375 0.38515625 0.2359375 0.44140625 0.275 0.4875 0.28046875 0.4890625 0.33515625 0.4734375 0.40546875 0.48359375 0.4078125 0.4859375 0.41796875
4 0.2359375 0.46796875 0.2421875 0.44453125 0.23203125 0.3875 0.25234375 0.4015625 0.29453125 0.40625 0.30546875 0.45 0.32109375 0.44375 0.35078125 0.4171875 0.39921875 0.415625 0.41796875 0.428125 0.43125 0.41328125 0.415625 0.37265625 0.415625 0.35703125 0.4296875 0.34609375 0.43125 0.33359375 0.40390625 0.315625 0.37890625 0.2890625 0.33046875 0.265625 0.28671875 0.2265625 0.25390625 0.2109375 0.22421875 0.2125 0.20234375 0.2234375 0.1859375 0.24765625 0.178125 0.28671875 0.1859375 0.33046875
4 0.1859375 0.24453125 0.196875 0.22734375 0.21796875 0.2125 0.275 0.21328125 0.2734375 0.20078125 0.2921875 0.15703125 0.2890625 0.11640625 0.29375 0.10234375 0.28671875 0.0953125 0.23828125 0.0953125 0.18515625 0.1078125 0.15859375 0.1203125 0.13203125 0.11875 0.08125 0.14765625 0.0765625 0.15546875 0.08125 0.18359375 0.090625 0.20546875 0.10390625 0.21875 0.11796875 0.2296875 0.14609375 0.2265625 0.16640625 0.24375
4 0.1984375 0.53359375 0.221875 0.52109375 0.2296875 0.47265625 0.2234375 0.43046875 0.184375 0.32890625 0.1578125 0.23671875 0.14921875 0.228125 0.11484375 0.2296875 0.103125 0.24453125 0.1015625 0.28984375 0.134375 0.37890625 0.153125 0.48984375 0.17578125 0.528125
4 0.11875 0.49921875 0.140625 0.46328125 0.1375 0.40546875 0.0953125 0.27109375 0.0984375 0.23984375 0.109375 0.22578125 0.090625 0.21171875 0.0765625 0.16328125 0.07109375 0.1625 0.05 0.18203125 0.040625 0.23671875 0.053125 0.39765625 0.0890625 0.47734375 0.10546875 0.4953125
4 0.0609375 0.77421875 0.09375 0.72109375 0.1140625 0.61171875 0.115625 0.55703125 0.10625 0.49921875 0.0875 0.47578125 0.0703125 0.43359375 0.06484375 0.4296875 0.05546875 0.4359375 0.04296875 0.428125 0.0390625 0.46328125 0.0484375 0.54453125 0.0390625 0.66640625 0.053125 0.76015625
4 0.1 0.85078125 0.11171875 0.8328125 0.16171875 0.8484375 0.18984375 0.84375 0.225 0.81796875 0.2515625 0.75859375 0.246875 0.70390625 0.21875 0.66328125 0.20625 0.61015625 0.2 0.61484375 0.19375 0.59140625 0.18046875 0.571875 0.1890625 0.67265625 0.16171875 0.6765625 0.12578125 0.6984375 0.1203125 0.68828125 0.11484375 0.615625 0.0953125 0.71953125 0.0609375 0.78515625
4 0.2984375 0.73984375 0.2984375 0.72734375 0.275 0.68984375 0.26875 0.66171875 0.31171875 0.696875 0.3171875 0.69453125 0.2859375 0.63359375 0.31796875 0.6140625 0.33359375 0.6171875 0.3578125 0.60234375 0.3640625 0.58515625 0.3796875 0.57265625 0.384375 0.54296875 0.4203125 0.49296875 0.4390625 0.45390625 0.43671875 0.4375 0.42265625 0.4359375 0.39609375 0.4171875 0.34453125 0.421875 0.32421875 0.44375 0.26953125 0.4671875 0.24375 0.49453125 0.215625 0.54609375 0.2078125 0.61015625 0.2171875 0.65546875 0.275 0.71640625 0.28125 0.73046875
4 0.6375 0.91171875 0.64375 0.90703125 0.640625 0.87578125 0.6484375 0.87265625 0.65 0.86171875 0.584375 0.76484375 0.56328125 0.7515625 0.54921875 0.7671875 0.50078125 0.7265625 0.465625 0.72265625 0.465625 0.68359375 0.484375 0.63203125 0.484375 0.61640625 0.47109375 0.60625 0.4375 0.67578125 0.4328125 0.70703125 0.4109375 0.72109375 0.396875 0.74609375 0.3953125 0.80703125 0.4125 0.84296875 0.45078125 0.8875 0.48046875 0.9046875 0.55703125 0.9015625 0.60078125 0.9078125 0.61796875 0.903125
4 0.7171875 0.88515625 0.7296875 0.87734375 0.7390625 0.85703125 0.746875 0.83046875 0.746875 0.78828125 0.771875 0.73515625 0.7765625 0.71015625 0.77265625 0.7046875 0.75078125 0.734375 0.75 0.69453125 0.74140625 0.690625 0.734375 0.70703125 0.734375 0.73984375 0.71484375 0.75625 0.6953125 0.70234375 0.653125 0.66640625 0.6484375 0.65703125 0.65 0.61796875 0.6671875 0.58515625 0.66328125 0.5765625 0.65 0.58203125 0.6640625 0.55546875 0.66015625 0.5375 0.6359375 0.56484375 0.621875 0.61015625 0.61171875 0.621875 0.59296875 0.628125 0.54140625 0.61875 0.5125 0.62734375 0.509375 0.64140625 0.528125 0.67109375 0.5359375 0.69765625 0.53125 0.71640625 0.51875 0.72734375 0.54140625 0.7296875 0.55390625 0.7578125 0.56171875 0.7484375 0.57734375 0.7546875 0.65078125 0.859375 0.68515625 0.8828125