1 0.825 0.36171875 0.8296875 0.34921875 0.81640625 0.30625 0.79296875 0.315625 0.765625 0.31640625 0.78046875 0.3578125 0.79609375 0.3515625 0.81953125 0.353125
4 0.6484375 0.36796875 0.6515625 0.34296875 0.6421875 0.26015625 0.65625 0.21796875 0.65625 0.18828125 0.640625 0.14609375 0.61640625 0.1234375 0.56796875 0.1015625 0.40703125 0.084375 0.396875 0.09921875 0.4 0.11015625 0.3828125 0.12265625 0.4515625 0.22734375 0.459375 0.28671875 0.46875 0.27734375 0.4875 0.23046875 0.49921875 0.2265625 0.50234375 0.215625 0.53515625 0.2203125 0.57421875 0.2609375 0.6078125 0.25703125 0.6203125 0.29921875 0.61875 0.35859375 0.62421875 0.3671875 0.63515625 0.321875
4 0.38125 0.45234375 0.4109375 0.35234375 0.4375 0.33046875 0.45234375 0.3046875 0.45546875 0.321875 0.459375 0.31640625 0.45 0.24296875 0.4390625 0.20859375 0.403125 0.15078125 0.37890625 0.1234375 0.35703125 0.1109375 0.30859375 0.1 0.28359375 0.084375 0.26328125 0.0859375 0.25078125 0.0671875 0.23671875 0.0671875 0.2359375 0.09140625 0.2265625 0.11015625 0.215625 0.11796875 0.2140625 0.13671875 0.271875 0.23671875 0.27890625 0.2421875 0.29609375 0.2390625 0.3265625 0.28046875 0.359375 0.30234375 0.3578125 0.34609375 0.34140625 0.35625 0.3328125 0.37109375 0.34140625 0.38125 0.3828125 0.37578125 0.3765625 0.41640625 0.3765625 0.45234375
4 0.35625 0.49453125 0.3625 0.47890625 0.34375 0.42265625 0.3546875 0.40390625 0.334375 0.38359375 0.3203125 0.33046875 0.29375 0.29765625 0.2765625 0.24765625 0.2328125 0.16640625 0.21796875 0.146875 0.20390625 0.1453125 0.1796875 0.16015625 0.1671875 0.20703125 0.1734375 0.27265625 0.1875 0.31328125 0.2078125 0.34140625 0.2375 0.36640625 0.2453125 0.43828125 0.259375 0.45859375 0.26484375 0.4625 0.27890625 0.4515625 0.29296875 0.453125 0.32890625 0.484375
4 0.0953125 0.62734375 0.1046875 0.57890625 0.1125 0.56640625 0.10625 0.53046875 0.14609375 0.5234375 0.1484375 0.51171875 0.14375 0.50703125 0.153125 0.49921875 0.153125 0.49296875 0.13125 0.47578125 0.1109375 0.43671875 0.121875 0.36171875 0.11875 0.30390625 0.13515625 0.2953125 0.16171875 0.30625 0.1578125 0.28671875 0.171875 0.28203125 0.16171875 0.265625 0.13984375 0.2515625 0.128125 0.25078125 0.11875 0.22265625 0.10546875 0.2125 0.0890625 0.21796875 0.0703125 0.24921875 0.05 0.37109375 0.0625 0.59609375 0.07265625 0.596875
4 0.2890625 0.79609375 0.29609375 0.775 0.30390625 0.7828125 0.309375 0.77734375 0.3 0.67734375 0.3125 0.63203125 0.3046875 0.58515625 0.31171875 0.5859375 0.3234375 0.60234375 0.315625 0.57734375 0.26640625 0.5359375 0.22734375 0.521875 0.19296875 0.5265625 0.14765625 0.5515625 0.12109375 0.559375 0.1046875 0.58515625 0.0984375 0.63359375 0.109375 0.65546875 0.1296875 0.67578125 0.1453125 0.75859375 0.15078125 0.7609375 0.153125 0.75546875 0.15390625 0.7046875 0.165625 0.77421875 0.17265625 0.7859375 0.178125 0.76640625 0.171875 0.73828125 0.178125 0.69140625 0.19140625 0.6890625 0.22578125 0.7 0.26328125 0.6890625 0.2796875 0.73984375 0.28125 0.78515625
4 0.6046875 0.68359375 0.62109375 0.653125 0.63203125 0.6703125 0.6359375 0.66484375 0.640625 0.63828125 0.6359375 0.59609375 0.64453125 0.6015625 0.65 0.58671875 0.64375 0.51171875 0.6234375 0.39609375 0.6078125 0.33046875 0.584375 0.27890625 0.55078125 0.2328125 0.53671875 0.2234375 0.51484375 0.2203125 0.496875 0.23515625 0.484375 0.26796875 0.48125 0.32890625 0.471875 0.35390625 0.46875 0.43203125 0.47578125 0.4390625 0.484375 0.42734375 0.48984375 0.3796875 0.49921875 0.3796875 0.50703125 0.3953125 0.51328125 0.384375 0.51875 0.38671875 0.559375 0.47890625 0.5609375 0.52890625 0.575 0.57265625 0.5828125 0.66015625
4 0.5765625 0.89921875 0.61640625 0.8890625 0.6671875 0.84140625 0.734375 0.73515625 0.76875 0.66015625 0.7703125 0.63984375 0.7609375 0.63515625 0.759375 0.62734375 0.759375 0.58046875 0.75390625 0.5765625 0.74453125 0.58125 0.70859375 0.6125 0.7015625 0.60234375 0.68359375 0.5140625 0.6765625 0.52265625 0.671875 0.65390625 0.62890625 0.6796875 0.6078125 0.70078125 0.58046875 0.753125 0.5546875 0.73359375 0.5375 0.67578125 0.52890625 0.6703125 0.5140625 0.68203125 0.5140625 0.70546875 0.525 0.72578125 0.54375 0.80078125 0.5421875 0.85078125 0.55 0.87421875 0.5453125 0.87890625 0.56015625 0.896875
4 0.671875 0.92265625 0.69609375 0.9 0.71015625 0.8984375 0.74140625 0.878125 0.78671875 0.8625 0.8265625 0.81171875 0.8375 0.75703125 0.8328125 0.71328125 0.821875 0.68203125 0.8078125 0.67265625 0.78515625 0.634375 0.7765625 0.63984375 0.7765625 0.65546875 0.7859375 0.67109375 0.7859375 0.69296875 0.75 0.71640625 0.6765625 0.83046875 0.634375 0.87734375 0.65703125 0.8828125 0.671875 0.89453125 0.6671875 0.91171875 0.6671875 0.92265625
4 0.8453125 0.86328125 0.8734375 0.73515625 0.8734375 0.70546875 0.865625 0.68203125 0.86875 0.49921875 0.8640625 0.47890625 0.85078125 0.475 0.83515625 0.478125 0.828125 0.48828125 0.8171875 0.52578125 0.8140625 0.57578125 0.81875 0.67421875 0.8375 0.73515625 0.828125 0.81796875 0.8375 0.85859375
4 0.8453125 0.39453125 0.8421875 0.31015625 0.8703125 0.25234375 0.86875 0.23203125 0.85625 0.21328125 0.85625 0.19296875 0.83984375 0.2 0.76953125 0.1640625 0.74140625 0.1625 0.71015625 0.171875 0.703125 0.21015625 0.709375 0.26328125 0.7046875 0.27421875 0.7078125 0.34140625 0.71171875 0.34375 0.71875 0.33359375 0.72265625 0.2984375 0.7296875 0.30234375 0.7375 0.34296875 0.74609375 0.35625 0.74609375 0.290625 0.77578125 0.3140625 0.79296875 0.3140625 0.81640625 0.303125 0.8390625 0.38828125 0.8453125 0.39453125