1 0.3359375 0.86796875 0.3796875 0.81953125 0.4 0.77109375 0.4171875 0.74765625 0.4375 0.68046875 0.46796875 0.6453125 0.52109375 0.6625 0.528125 0.67421875 0.521875 0.76484375 0.503125 0.81640625 0.51328125 0.83125 0.53125 0.80546875 0.5640625 0.72734375 0.5703125 0.67578125 0.5640625 0.63828125 0.59453125 0.6140625 0.61328125 0.6109375 0.6515625 0.62578125 0.659375 0.68203125 0.675 0.68828125 0.678125 0.70546875 0.6625 0.73515625 0.66484375 0.7484375 0.72109375 0.753125 0.74140625 0.7328125 0.765625 0.72734375 0.765625 0.69765625 0.746875 0.66796875 0.7265625 0.65546875 0.7265625 0.64140625 0.7578125 0.58359375 0.7859375 0.56015625 0.7953125 0.51796875 0.8171875 0.47734375 0.83125 0.42578125 0.84921875 0.415625 0.853125 0.40546875 0.85 0.24296875 0.82265625 0.2109375 0.76484375 0.1796875 0.61640625 0.13125 0.49140625 0.1109375 0.47578125 0.1109375 0.45859375 0.121875 0.44609375 0.1078125 0.42890625 0.103125 0.22421875 0.115625 0.18359375 0.125 0.15625 0.13828125 0.121875 0.26640625 0.125 0.28359375 0.146875 0.31328125 0.1484375 0.32578125 0.13984375 0.334375 0.10078125 0.3265625 0.0890625 0.33671875 0.071875 0.39140625 0.075 0.42890625 0.053125 0.45546875 0.0546875 0.56015625 0.08203125 0.5796875 0.10546875 0.5796875 0.12265625 0.590625 0.146875 0.58828125 0.1515625 0.61015625 0.1328125 0.64453125 0.128125 0.67578125 0.1375 0.73046875 0.146875 0.75234375 0.15703125 0.759375 0.171875 0.61953125 0.19140625 0.5859375 0.20078125 0.58125 0.22265625 0.5859375 0.2390625 0.60078125 0.2546875 0.63046875 0.25625 0.65234375 0.240625 0.68359375 0.24765625 0.7359375 0.2625 0.69921875 0.26875 0.65234375 0.29375 0.59765625 0.30546875 0.5890625 0.32265625 0.5875 0.35 0.60859375 0.3625 0.63828125 0.3640625 0.67109375 0.309375 0.85078125 0.31015625 0.86875 0.31484375 0.8625 0.31796875 0.86875
4 0.025 0.46171875 0.06171875 0.440625 0.0703125 0.42890625 0.06796875 0.421875 0.05546875 0.4234375 0.0453125 0.41328125 0.0703125 0.37734375 0.090625 0.31953125 0.14375 0.32578125 0.1171875 0.26796875 0.146875 0.16953125 0.1515625 0.14609375 0.14765625 0.1390625 0.13828125 0.1390625 0.12109375 0.1515625 0.1171875 0.13359375 0.096875 0.17578125 0.0703125 0.20078125 0.0140625 0.31953125 0 0.35859375 0 0.44765625 0.00703125 0.4609375
4 0.1125 0.90234375 0.1171875 0.89453125 0.096875 0.85859375 0.0703125 0.75859375 0.0625 0.66953125 0.0515625 0.64140625 0.059375 0.58359375 0.04921875 0.5703125 0.02734375 0.5609375 0.00859375 0.5796875 0 0.57890625 0.0015625 0.66796875 0.01875 0.75546875 0.0578125 0.86953125 0.08984375 0.896875
4 0.165625 0.92578125 0.1703125 0.91328125 0.15625 0.87109375 0.1546875 0.79296875 0.1375 0.76953125 0.1203125 0.67421875 0.1421875 0.60390625 0.13359375 0.596875 0.12265625 0.5984375 0.10390625 0.584375 0.07421875 0.5859375 0.0640625 0.62890625 0.0625 0.66953125 0.0796875 0.79765625 0.1078125 0.88203125 0.14765625 0.9234375
4 0.1953125 0.93828125 0.2171875 0.89921875 0.2203125 0.84453125 0.2375 0.78046875 0.2359375 0.67265625 0.2484375 0.63984375 0.2359375 0.60390625 0.21015625 0.5828125 0.1875 0.59453125 0.1734375 0.62734375 0.15625 0.83046875 0.1578125 0.87578125 0.171875 0.91953125 0.18515625 0.9390625
4 0.25625 0.94609375 0.2796875 0.92890625 0.296875 0.89765625 0.3 0.86640625 0.321875 0.80390625 0.3296875 0.75703125 0.359375 0.67265625 0.359375 0.64140625 0.3515625 0.61796875 0.32265625 0.5921875 0.30390625 0.59375 0.2796875 0.63203125 0.253125 0.75234375 0.2203125 0.85078125 0.2171875 0.89140625 0.228125 0.92890625 0.23828125 0.946875
4 0.390625 0.98359375 0.40546875 0.978125 0.4171875 0.96328125 0.5171875 0.76328125 0.521875 0.73359375 0.51875 0.69453125 0.509375 0.67421875 0.48046875 0.6484375 0.46328125 0.6515625 0.4421875 0.67890625 0.4234375 0.74453125 0.403125 0.77265625 0.378125 0.82890625 0.3484375 0.86015625 0.3359375 0.89609375 0.325 0.94296875 0.3296875 0.97265625 0.33828125 0.9828125 0.36015625 0.978125 0.37265625 0.984375
4 0.4984375 0.98203125 0.53359375 0.9796875 0.5578125 0.95703125 0.6125 0.83984375 0.6484375 0.74140625 0.65625 0.70234375 0.65 0.63203125 0.61640625 0.615625 0.60078125 0.615625 0.5734375 0.63203125 0.5765625 0.66171875 0.565625 0.73515625 0.521875 0.83515625 0.496875 0.86328125 0.48125 0.90703125 0.459375 0.93671875 0.4671875 0.97265625 0.47734375 0.98125
4 0.6546875 0.91015625 0.73046875 0.8796875 0.76171875 0.8796875 0.79375 0.85859375 0.8046875 0.83671875 0.8046875 0.81484375 0.75859375 0.734375 0.74296875 0.7359375 0.72265625 0.7609375 0.68984375 0.75 0.65546875 0.75625 0.646875 0.74609375 0.5953125 0.88671875 0.61796875 0.90625
4 0.875 0.86484375 0.8921875 0.75703125 0.88203125 0.75 0.8703125 0.75078125 0.8625 0.72890625 0.865625 0.72265625 0.859375 0.71796875 0.815625 0.58515625 0.80078125 0.5703125 0.78203125 0.56875 0.7578125 0.59296875 0.75 0.62265625 0.7375 0.63203125 0.7375 0.65234375 0.778125 0.71015625 0.8 0.77890625 0.8015625 0.80078125 0.8125 0.82265625 0.84140625 0.8421875 0.85703125 0.8390625 0.8609375 0.86015625
4 0.86875 0.72890625 0.875 0.50546875 0.8609375 0.45234375 0.84296875 0.44375 0.828125 0.45546875 0.815625 0.49765625 0.8 0.51328125 0.7921875 0.56484375 0.80546875 0.5703125 0.81875 0.58828125 0.8625 0.72734375