1 0.6953125 0.86484375 0.78984375 0.846875 0.840625 0.82734375 0.853125 0.68828125 0.85078125 0.6328125 0.82734375 0.6359375 0.80078125 0.628125 0.77109375 0.64375 0.76015625 0.6375 0.7546875 0.65234375 0.7578125 0.67265625 0.753125 0.67578125 0.74921875 0.65625 0.73828125 0.675 0.73359375 0.6703125 0.728125 0.67578125 0.725 0.71015625 0.7140625 0.70703125 0.709375 0.76171875 0.7109375 0.82421875 0.7234375 0.83046875 0.7234375 0.85234375 0.71796875 0.8484375 0.70703125 0.8625 0.70234375 0.85625 0.6765625 0.86328125
1 0.6421875 0.87578125 0.80078125 0.84375 0.83671875 0.8296875 0.8421875 0.81796875 0.853125 0.63671875 0.84921875 0.63125 0.82890625 0.6359375 0.80859375 0.6265625 0.76953125 0.64375 0.7640625 0.63984375 0.765625 0.61953125 0.7578125 0.60546875 0.76640625 0.5890625 0.7890625 0.57734375 0.8078125 0.54765625 0.8046875 0.44609375 0.79296875 0.4265625 0.778125 0.42421875 0.778125 0.34921875 0.76953125 0.3234375 0.74140625 0.325 0.71796875 0.31875 0.709375 0.32734375 0.696875 0.36171875 0.690625 0.41484375 0.6765625 0.43515625 0.6828125 0.48515625 0.6875 0.48828125 0.6734375 0.50390625 0.684375 0.51328125 0.6859375 0.55078125 0.67578125 0.565625 0.65 0.57578125 0.66328125 0.5796875 0.6640625 0.58515625 0.653125 0.59296875 0.6484375 0.62265625 0.6328125 0.65859375 0.61875 0.66640625 0.6234375 0.68984375 0.6 0.75859375 0.596875 0.78515625 0.62265625 0.7984375 0.6296875 0.80859375 0.6265625 0.82734375 0.6125 0.85234375 0.6109375 0.87421875
4 0.3625 0.43828125 0.36640625 0.403125 0.375 0.42421875 0.38203125 0.428125 0.3859375 0.42265625 0.375 0.36796875 0.38046875 0.309375 0.41953125 0.30625 0.47890625 0.2484375 0.49921875 0.2671875 0.52421875 0.265625 0.53046875 0.284375 0.5359375 0.27734375 0.5390625 0.24609375 0.5234375 0.21953125 0.565625 0.17265625 0.575 0.13359375 0.5515625 0.10703125 0.53515625 0.06875 0.51640625 0.0890625 0.48828125 0.0859375 0.45546875 0.10625 0.41328125 0.1125 0.38984375 0.1234375 0.3390625 0.17109375 0.3078125 0.22734375 0.309375 0.30390625 0.3375 0.33203125 0.35625 0.43203125
4 0.196875 0.40546875 0.215625 0.38984375 0.203125 0.36484375 0.2046875 0.33671875 0.2515625 0.30234375 0.27578125 0.2515625 0.2828125 0.25390625 0.29375 0.27734375 0.296875 0.31484375 0.3046875 0.31953125 0.30625 0.22734375 0.334375 0.17578125 0.3640625 0.14296875 0.3734375 0.12265625 0.36796875 0.10625 0.34921875 0.1078125 0.30703125 0.0828125 0.29140625 0.0828125 0.2859375 0.08828125 0.2875 0.10546875 0.22265625 0.14375 0.1890625 0.18515625 0.1578125 0.26015625 0.1515625 0.31015625 0.1640625 0.35078125 0.18125 0.36796875
4 0.0671875 0.70390625 0.0796875 0.62890625 0.096875 0.62265625 0.0890625 0.58359375 0.09765625 0.5796875 0.11328125 0.5875 0.125 0.58515625 0.1234375 0.57265625 0.1078125 0.56328125 0.09375 0.53828125 0.0890625 0.50859375 0.1 0.44453125 0.1015625 0.36328125 0.1375 0.32578125 0.1453125 0.30703125 0.13984375 0.3 0.10390625 0.296875 0.08515625 0.275 0.0703125 0.28046875 0.05625 0.30546875 0.0328125 0.43984375 0.0359375 0.57421875 0.03125 0.61953125 0.05625 0.69453125 0.06171875 0.7046875
4 0.3546875 0.82421875 0.3453125 0.76640625 0.3640625 0.74140625 0.3703125 0.71640625 0.3609375 0.70546875 0.3375 0.61640625 0.3140625 0.50078125 0.303125 0.47421875 0.265625 0.41953125 0.23359375 0.39375 0.22109375 0.3921875 0.1953125 0.43046875 0.1890625 0.48984375 0.165625 0.53671875 0.165625 0.55234375 0.17734375 0.5703125 0.18984375 0.540625 0.21171875 0.5296875 0.215625 0.53359375 0.234375 0.59765625 0.26875 0.67421875 0.26875 0.75078125 0.30546875 0.75 0.3296875 0.80234375
4 0.5390625 0.76640625 0.59375 0.75078125 0.603125 0.71640625 0.61875 0.69296875 0.6171875 0.67890625 0.60546875 0.6640625 0.5625 0.64921875 0.559375 0.60078125 0.54375 0.56953125 0.5328125 0.56640625 0.51953125 0.528125 0.5140625 0.53359375 0.51875 0.58203125 0.51171875 0.6203125 0.46484375 0.5734375 0.425 0.56953125 0.421875 0.51640625 0.4296875 0.47265625 0.41640625 0.446875 0.3921875 0.54921875 0.375 0.56640625 0.3625 0.59921875 0.3609375 0.61796875 0.371875 0.67265625 0.4109375 0.72890625 0.43515625 0.7484375 0.47890625 0.7640625
4 0.60625 0.92890625 0.603125 0.88046875 0.6109375 0.84296875 0.625 0.82265625 0.625 0.80546875 0.58828125 0.790625 0.58046875 0.8 0.5765625 0.76953125 0.56953125 0.759375 0.52578125 0.771875 0.42265625 0.7515625 0.3765625 0.68515625 0.35390625 0.61875 0.3515625 0.64765625 0.3734375 0.72109375 0.35 0.77578125 0.359375 0.83671875 0.40234375 0.878125 0.43671875 0.8984375 0.46328125 0.9046875 0.53671875 0.90625 0.59140625 0.8984375
4 0.2578125 0.86796875 0.2703125 0.85546875 0.2828125 0.76484375 0.25546875 0.74375 0.22890625 0.7390625 0.19140625 0.6953125 0.13984375 0.6984375 0.128125 0.66328125 0.1296875 0.62578125 0.12109375 0.6140625 0.11640625 0.615625 0.1046875 0.63203125 0.0953125 0.70546875 0.0796875 0.71953125 0.071875 0.73828125 0.090625 0.83671875 0.0984375 0.83515625 0.10078125 0.815625 0.20234375 0.8640625
4 0.59375 0.60703125 0.60390625 0.603125 0.62578125 0.5765625 0.67109375 0.5625 0.6828125 0.54609375 0.67890625 0.5171875 0.64453125 0.5171875 0.6265625 0.50546875 0.6203125 0.49140625 0.6265625 0.43828125 0.6234375 0.33671875 0.64453125 0.340625 0.66171875 0.365625 0.6671875 0.36484375 0.6671875 0.35234375 0.63125 0.27265625 0.6234375 0.23984375 0.6265625 0.13984375 0.60859375 0.1375 0.60234375 0.1296875 0.58203125 0.1234375 0.5421875 0.23515625 0.521875 0.36171875 0.5203125 0.43671875 0.54375 0.56484375 0.56171875 0.6015625
4 0.66875 0.43359375 0.6859375 0.42109375 0.6921875 0.36796875 0.7078125 0.32265625 0.71640625 0.3140625 0.74453125 0.3234375 0.775 0.32109375 0.78125 0.35234375 0.7796875 0.42109375 0.7859375 0.42265625 0.7921875 0.40234375 0.79609375 0.3578125 0.7953125 0.42109375 0.80078125 0.4296875 0.8046875 0.42265625 0.815625 0.32578125 0.8265625 0.28828125 0.8265625 0.25390625 0.80625 0.19453125 0.76328125 0.1625 0.72734375 0.159375 0.68671875 0.1828125 0.65234375 0.190625 0.640625 0.16484375 0.63671875 0.1609375 0.63125 0.16640625 0.625 0.21953125 0.6296875 0.26796875 0.6484375 0.31328125 0.6765625 0.32421875 0.665625 0.41015625
4 0.7734375 0.63984375 0.80859375 0.621875 0.82734375 0.6328125 0.84765625 0.628125 0.85625 0.61640625 0.8671875 0.57421875 0.875 0.32421875 0.8609375 0.22734375 0.85078125 0.2109375 0.8421875 0.21640625 0.83125 0.24453125 0.8140625 0.34453125 0.8078125 0.43203125 0.8109375 0.54921875 0.78671875 0.5828125 0.7609375 0.59765625 0.7609375 0.60546875 0.7734375 0.61328125 0.765625 0.63515625
1 0.6625 0.18671875 0.68671875 0.18125 0.7125 0.16171875 0.69296875 0.15 0.62890625 0.1359375 0.63125 0.15703125 0.640625 0.16171875 0.65390625 0.1875