1 0.7484375 0.85546875 0.83671875 0.8328125 0.8484375 0.78828125 0.8640625 0.44453125 0.859375 0.41953125 0.8578125 0.23671875 0.85078125 0.2234375 0.81796875 0.2078125 0.8140625 0.21640625 0.8265625 0.26328125 0.8203125 0.31484375 0.759375 0.40546875 0.740625 0.41640625 0.7375 0.43203125 0.7375 0.48671875 0.7578125 0.57734375 0.759375 0.68203125 0.753125 0.76171875 0.7296875 0.85546875
4 0.3796875 0.46015625 0.43359375 0.4421875 0.459375 0.41015625 0.4890625 0.35078125 0.5234375 0.26796875 0.525 0.21640625 0.54375 0.15703125 0.54375 0.11953125 0.53671875 0.1125 0.51640625 0.1171875 0.48359375 0.1515625 0.4640625 0.11796875 0.45234375 0.1109375 0.45 0.12578125 0.459375 0.14765625 0.45546875 0.175 0.428125 0.13203125 0.4109375 0.11953125 0.4125 0.13984375 0.4265625 0.16640625 0.434375 0.21953125 0.3890625 0.26171875 0.36640625 0.296875 0.3453125 0.27578125 0.340625 0.24296875 0.334375 0.23515625 0.3375 0.32734375 0.3265625 0.37265625 0.3265625 0.40703125 0.3453125 0.45234375 0.35546875 0.459375
4 0.5828125 0.61640625 0.6140625 0.59453125 0.6296875 0.55859375 0.6640625 0.53046875 0.665625 0.52265625 0.6546875 0.51953125 0.6546875 0.50546875 0.6671875 0.48359375 0.66171875 0.4734375 0.64765625 0.4859375 0.62421875 0.4828125 0.615625 0.47421875 0.6171875 0.40234375 0.609375 0.32734375 0.61875 0.31015625 0.6171875 0.26640625 0.603125 0.23203125 0.5984375 0.13515625 0.59296875 0.1296875 0.57578125 0.134375 0.56640625 0.1265625 0.55546875 0.1265625 0.528125 0.22890625 0.5125 0.41484375 0.525 0.47734375 0.559375 0.54296875 0.553125 0.57265625 0.5578125 0.59765625 0.56953125 0.6125
4 0.7515625 0.40703125 0.771875 0.37578125 0.7921875 0.35859375 0.796875 0.33984375 0.8171875 0.31796875 0.8234375 0.29140625 0.8171875 0.22890625 0.7984375 0.19453125 0.75390625 0.153125 0.72265625 0.15 0.70234375 0.1546875 0.67109375 0.1453125 0.653125 0.15859375 0.63359375 0.1921875 0.60625 0.19296875 0.6234375 0.22109375 0.61875 0.24296875 0.621875 0.30546875 0.67890625 0.2921875 0.684375 0.29609375 0.6828125 0.31796875 0.69453125 0.328125 0.7125 0.31796875 0.7109375 0.30546875 0.71796875 0.296875 0.74296875 0.3125 0.76171875 0.3140625 0.7640625 0.35390625 0.7484375 0.39609375
4 0.6921875 0.89765625 0.7203125 0.86328125 0.7328125 0.83515625 0.746875 0.78515625 0.75625 0.71796875 0.7546875 0.56796875 0.72109375 0.428125 0.7125 0.43828125 0.71015625 0.4703125 0.69609375 0.46875 0.67890625 0.45 0.6703125 0.45546875 0.6828125 0.54453125 0.684375 0.65078125 0.6703125 0.73671875 0.65859375 0.75 0.646875 0.70703125 0.64140625 0.7015625 0.634375 0.70546875 0.6421875 0.78203125 0.653125 0.80234375 0.6625 0.87421875 0.67421875 0.8921875
4 0.3703125 0.87421875 0.3640625 0.79140625 0.37265625 0.7640625 0.41796875 0.765625 0.45390625 0.7484375 0.47109375 0.746875 0.496875 0.79765625 0.5 0.83359375 0.509375 0.83828125 0.5125 0.81796875 0.5203125 0.81796875 0.5125 0.75234375 0.521875 0.71953125 0.53515625 0.7078125 0.56953125 0.6953125 0.5796875 0.67890625 0.5796875 0.66640625 0.5546875 0.61328125 0.54921875 0.571875 0.53671875 0.571875 0.52890625 0.5921875 0.48515625 0.6046875 0.45859375 0.6046875 0.42890625 0.59375 0.37734375 0.603125 0.34296875 0.6234375 0.309375 0.66796875 0.3046875 0.68515625 0.3125 0.75390625 0.31875 0.76953125 0.3328125 0.78203125 0.3484375 0.86015625 0.35390625 0.86875
4 0.296875 0.63515625 0.31953125 0.6078125 0.33359375 0.6 0.36796875 0.60625 0.42734375 0.590625 0.46640625 0.603125 0.47578125 0.5890625 0.49453125 0.578125 0.54921875 0.56875 0.5578125 0.54609375 0.5234375 0.47578125 0.49765625 0.4640625 0.48515625 0.4484375 0.46328125 0.4453125 0.44296875 0.453125 0.40546875 0.453125 0.37734375 0.465625 0.34609375 0.4578125 0.31796875 0.465625 0.28984375 0.4828125 0.275 0.52265625 0.275 0.56640625 0.278125 0.61640625
4 0.3703125 0.28515625 0.3921875 0.25078125 0.4140625 0.23671875 0.4046875 0.20859375 0.4140625 0.18046875 0.39765625 0.16875 0.36328125 0.171875 0.3421875 0.18828125 0.353125 0.27109375
4 0.2453125 0.48828125 0.26484375 0.475 0.3078125 0.42734375 0.325 0.38984375 0.3359375 0.33203125 0.3296875 0.21953125 0.33125 0.20078125 0.340625 0.18984375 0.31875 0.17578125 0.3046875 0.13671875 0.29609375 0.128125 0.2921875 0.15859375 0.28046875 0.1484375 0.275 0.15234375 0.2875 0.19609375 0.2859375 0.23984375 0.25 0.28984375 0.225 0.35703125 0.20390625 0.3515625 0.18203125 0.321875 0.1765625 0.32578125 0.175 0.37578125 0.19375 0.41953125 0.2015625 0.46640625 0.21796875 0.484375
4 0.0671875 0.68359375 0.0734375 0.67578125 0.08125 0.60546875 0.1 0.61796875 0.096875 0.56796875 0.084375 0.52578125 0.1015625 0.41328125 0.0984375 0.34296875 0.11484375 0.3296875 0.13359375 0.3359375 0.146875 0.33046875 0.1390625 0.31484375 0.146875 0.29765625 0.10703125 0.2875 0.096875 0.26484375 0.08515625 0.2546875 0.0640625 0.26640625 0.05 0.29609375 0.0328125 0.41953125 0.0296875 0.60859375 0.0546875 0.67109375
4 0.3 0.80859375 0.2953125 0.77578125 0.309375 0.76640625 0.3078125 0.70234375 0.2984375 0.67734375 0.30625 0.66484375 0.303125 0.64921875 0.26796875 0.6171875 0.24296875 0.6171875 0.19609375 0.565625 0.15703125 0.559375 0.1546875 0.54296875 0.1609375 0.53359375 0.13671875 0.5296875 0.11875 0.55078125 0.1015625 0.59765625 0.103125 0.63359375 0.11875 0.66953125 0.16484375 0.7140625 0.21328125 0.7328125 0.24609375 0.765625 0.27421875 0.76875 0.2828125 0.79609375