4 0.6703125 0.35078125 0.6734375 0.33515625 0.6625 0.24765625 0.6765625 0.19453125 0.671875 0.16640625 0.65625 0.13984375 0.63046875 0.1203125 0.59140625 0.1078125 0.52890625 0.1046875 0.48203125 0.0921875 0.44765625 0.0984375 0.42734375 0.09375 0.4203125 0.10546875 0.41875 0.12890625 0.4 0.14296875 0.409375 0.17265625 0.48125 0.21484375 0.49375 0.23671875 0.49453125 0.2609375 0.51796875 0.2375 0.57734375 0.2640625 0.61640625 0.2578125 0.6203125 0.29296875 0.6046875 0.34921875 0.61015625 0.3515625 0.61875 0.34296875 0.64453125 0.2875 0.6546875 0.30078125 0.6625 0.34765625
4 0.6 0.66796875 0.60625 0.66015625 0.603125 0.63515625 0.6125 0.60703125 0.6078125 0.54921875 0.5734375 0.48984375 0.5328125 0.39765625 0.5125 0.31328125 0.4828125 0.25703125 0.4875 0.23359375 0.4828125 0.22109375 0.47265625 0.209375 0.45234375 0.2140625 0.44453125 0.1984375 0.434375 0.22421875 0.4390625 0.23203125 0.434375 0.23515625 0.4390625 0.24609375 0.4359375 0.27578125 0.4203125 0.32421875 0.428125 0.38828125 0.4671875 0.49609375 0.515625 0.58203125 0.5375 0.64609375 0.55703125 0.6640625 0.58515625 0.6625
4 0.825 0.72578125 0.8453125 0.71015625 0.853125 0.69453125 0.8734375 0.61953125 0.86875 0.38828125 0.85625 0.35234375 0.84609375 0.346875 0.825 0.35546875 0.8046875 0.38984375 0.803125 0.44765625 0.8125 0.45546875 0.809375 0.51328125 0.8171875 0.58203125 0.8 0.68984375 0.80546875 0.7015625 0.8140625 0.70234375
4 0.503125 0.58359375 0.5078125 0.57578125 0.465625 0.49453125 0.4390625 0.41015625 0.415625 0.38984375 0.38125 0.34296875 0.3625 0.32890625 0.3765625 0.31796875 0.3875 0.28359375 0.37734375 0.278125 0.34140625 0.278125 0.28671875 0.296875 0.265625 0.32890625 0.2609375 0.37109375 0.2703125 0.42265625 0.296875 0.46328125 0.33046875 0.4984375 0.38359375 0.5296875 0.41796875 0.5640625
4 0.3984375 0.69453125 0.39375 0.67578125 0.39765625 0.66875 0.42734375 0.6765625 0.434375 0.66953125 0.4328125 0.62890625 0.4046875 0.57734375 0.409375 0.57265625 0.409375 0.56640625 0.4 0.56171875 0.4046875 0.55390625 0.38203125 0.53125 0.32109375 0.4921875 0.26640625 0.4234375 0.23359375 0.4140625 0.20234375 0.421875 0.1796875 0.46640625 0.18125 0.52421875 0.2 0.56015625 0.21796875 0.5796875 0.24140625 0.5921875 0.30390625 0.603125 0.33828125 0.6609375 0.37421875 0.675 0.37734375 0.6875 0.38984375 0.6921875 0.39296875 0.6859375 0.39375 0.69453125
4 0.3578125 0.80078125 0.3828125 0.77578125 0.3828125 0.76171875 0.3453125 0.69609375 0.321875 0.67421875 0.3203125 0.64765625 0.31171875 0.6359375 0.28984375 0.6328125 0.26796875 0.6390625 0.25859375 0.634375 0.2203125 0.60859375 0.2328125 0.59609375 0.21015625 0.584375 0.19453125 0.584375 0.1453125 0.61484375 0.1375 0.62890625 0.1328125 0.67109375 0.14375 0.70703125 0.16328125 0.7359375 0.18359375 0.746875 0.25234375 0.7609375 0.29609375 0.7953125
4 0.29375 0.88671875 0.31015625 0.88125 0.33046875 0.884375 0.340625 0.87734375 0.3296875 0.84765625 0.353125 0.82890625 0.353125 0.81640625 0.33828125 0.8015625 0.29140625 0.79375 0.24921875 0.7609375 0.17109375 0.7421875 0.1515625 0.72421875 0.12734375 0.675 0.1140625 0.73359375 0.1140625 0.76640625 0.121875 0.79765625 0.1375 0.82421875 0.18828125 0.8625 0.23984375 0.871875 0.26640625 0.8859375
4 0.125 0.66484375 0.13125 0.65859375 0.1375 0.62734375 0.1640625 0.59609375 0.175 0.56484375 0.1796875 0.46640625 0.203125 0.41796875 0.2046875 0.37734375 0.2359375 0.35390625 0.22734375 0.340625 0.2046875 0.33984375 0.2078125 0.28671875 0.20234375 0.2796875 0.18125 0.30390625 0.140625 0.37890625 0.128125 0.46484375 0.1140625 0.49609375 0.10625 0.53515625 0.0921875 0.56015625 0.09375 0.63203125 0.10625 0.66015625
4 0.0875 0.56015625 0.10625 0.53359375 0.128125 0.45859375 0.1125 0.43984375 0.1125 0.39140625 0.0921875 0.31171875 0.1265625 0.20546875 0.09140625 0.2328125 0.08125 0.19140625 0.07109375 0.184375 0.04375 0.23359375 0.0390625 0.41796875 0.0421875 0.45859375 0.059375 0.53203125
4 0.13125 0.31796875 0.17734375 0.240625 0.18984375 0.2375 0.21640625 0.2515625 0.24296875 0.253125 0.25859375 0.246875 0.29140625 0.2171875 0.328125 0.23828125 0.34609375 0.2734375 0.3703125 0.27421875 0.3671875 0.25546875 0.334375 0.19296875 0.3421875 0.13984375 0.3359375 0.11015625 0.32578125 0.0953125 0.27890625 0.0921875 0.18828125 0.1171875 0.16171875 0.11875 0.15078125 0.1125 0.14296875 0.121875 0.1171875 0.13203125 0.115625 0.16953125 0.1421875 0.22578125 0.125 0.30546875 0.125 0.31796875
1 0.653125 0.63515625 0.68359375 0.615625 0.6890625 0.59765625 0.70703125 0.59375 0.7265625 0.56796875 0.7265625 0.55078125 0.71875 0.54140625 0.728125 0.53046875 0.728125 0.49453125 0.7375 0.48203125 0.7296875 0.43515625 0.721875 0.43203125 0.7296875 0.42734375 0.721875 0.41796875 0.728125 0.41171875 0.721875 0.39921875 0.7296875 0.39296875 0.7171875 0.38515625 0.73984375 0.375 0.74765625 0.38125 0.7484375 0.36953125 0.76171875 0.359375 0.778125 0.36953125 0.7671875 0.37578125 0.7671875 0.38203125 0.77890625 0.384375 0.7765625 0.38828125 0.7953125 0.40078125 0.784375 0.40859375 0.790625 0.41640625 0.784375 0.42265625 0.790625 0.43203125 0.784375 0.43828125 0.784375 0.45859375 0.790625 0.46171875 0.784375 0.49140625 0.78828125 0.4859375 0.7890625 0.49765625 0.79921875 0.5 0.796875 0.40078125 0.8015625 0.38203125 0.815625 0.36171875 0.8421875 0.34140625 0.853125 0.31484375 0.84921875 0.2234375 0.73984375 0.171875 0.69140625 0.15625 0.6765625 0.15859375 0.6859375 0.18203125 0.6859375 0.20078125 0.665625 0.25078125 0.68125 0.35546875 0.67109375 0.3671875 0.66015625 0.3546875 0.6453125 0.35703125 0.65625 0.36953125 0.64375 0.37265625 0.6578125 0.37734375 0.65625 0.38671875 0.64375 0.38828125 0.65 0.39296875 0.640625 0.41015625 0.628125 0.41640625 0.6234375 0.43046875 0.603125 0.44921875 0.6046875 0.46015625 0.59375 0.48203125 0.578125 0.48671875 0.6109375 0.55078125 0.615625 0.57421875 0.6125 0.62421875 0.62421875 0.6265625 0.6296875 0.61328125 0.63671875 0.6171875 0.63984375 0.609375 0.6421875 0.63203125