1 0.8 0.43046875 0.8125 0.31015625 0.82890625 0.2859375 0.846875 0.27890625 0.840625 0.21953125 0.77109375 0.18125 0.71640625 0.165625 0.7390625 0.22578125 0.740625 0.26953125 0.7234375 0.30546875 0.721875 0.32734375 0.709375 0.35546875 0.7078125 0.38359375 0.71796875 0.3921875 0.7265625 0.38515625 0.7265625 0.39453125 0.7203125 0.39609375 0.7296875 0.40078125 0.728125 0.41328125 0.74140625 0.4140625 0.74609375 0.428125 0.75078125 0.41875 0.759375 0.42265625 0.76015625 0.4296875
4 0.2921875 0.24765625 0.32890625 0.221875 0.34609375 0.21875 0.49453125 0.225 0.509375 0.18828125 0.509375 0.16171875 0.5046875 0.13828125 0.4921875 0.11640625 0.46328125 0.096875 0.41171875 0.084375 0.27890625 0.1 0.265625 0.11796875 0.26875 0.13046875 0.2578125 0.13671875 0.2546875 0.15078125 0.2640625 0.17421875 0.29375 0.20390625 0.2875 0.23984375 0.2875 0.24765625
4 0.696875 0.38828125 0.7203125 0.32421875 0.721875 0.30390625 0.7390625 0.26953125 0.7390625 0.23359375 0.7265625 0.19140625 0.69140625 0.1515625 0.66015625 0.13125 0.57109375 0.10625 0.54453125 0.1125 0.51328125 0.1109375 0.5125 0.18046875 0.5609375 0.21796875 0.565625 0.26328125 0.575 0.28828125 0.58984375 0.2984375 0.6015625 0.29765625 0.6015625 0.28671875 0.590625 0.27421875 0.61015625 0.2515625 0.65234375 0.2921875 0.67890625 0.290625 0.68125 0.32265625 0.671875 0.37265625 0.67734375 0.375 0.684375 0.36640625 0.69921875 0.325 0.690625 0.36953125 0.690625 0.38203125
4 0.2640625 0.49296875 0.2796875 0.42890625 0.2859375 0.42734375 0.29140625 0.44375 0.32265625 0.384375 0.37578125 0.3625 0.41484375 0.3640625 0.47109375 0.378125 0.49921875 0.36875 0.5046875 0.35234375 0.5484375 0.31640625 0.55625 0.29140625 0.5390625 0.27734375 0.5296875 0.26015625 0.521875 0.21171875 0.51171875 0.19375 0.49453125 0.228125 0.35703125 0.221875 0.30546875 0.240625 0.2734375 0.26796875 0.2640625 0.29609375 0.2640625 0.34765625 0.2734375 0.37734375 0.259375 0.47421875
4 0.403125 0.60078125 0.4046875 0.57734375 0.384375 0.55859375 0.38828125 0.553125 0.41953125 0.5515625 0.45078125 0.53125 0.46796875 0.546875 0.49453125 0.5515625 0.51171875 0.528125 0.5796875 0.50703125 0.584375 0.49765625 0.5828125 0.45546875 0.559375 0.42890625 0.571875 0.40546875 0.56953125 0.396875 0.54140625 0.409375 0.5234375 0.38203125 0.50703125 0.371875 0.46484375 0.3796875 0.40390625 0.3640625 0.35546875 0.36875 0.31875 0.39296875 0.2921875 0.44921875 0.303125 0.50546875 0.3125 0.52421875 0.36015625 0.5765625
4 0.075 0.34609375 0.0953125 0.28515625 0.13046875 0.2546875 0.1609375 0.26328125 0.1609375 0.27109375 0.1421875 0.29296875 0.14609375 0.30625 0.18046875 0.28125 0.2140625 0.24453125 0.23359375 0.2 0.2421875 0.21640625 0.25 0.21640625 0.2359375 0.17734375 0.2296875 0.13671875 0.20859375 0.1109375 0.19609375 0.1078125 0.14765625 0.1203125 0.0859375 0.16953125 0.0578125 0.25390625 0.0609375 0.30234375 0.0734375 0.32734375
4 0.2546875 0.96484375 0.2609375 0.96171875 0.259375 0.95234375 0.284375 0.93359375 0.284375 0.91953125 0.26796875 0.89375 0.2515625 0.89140625 0.23125 0.85390625 0.2234375 0.82109375 0.20078125 0.8046875 0.19375 0.79140625 0.1625 0.68359375 0.1609375 0.60703125 0.14765625 0.5828125 0.12734375 0.5796875 0.11328125 0.596875 0.1 0.60078125 0.0890625 0.64296875 0.1046875 0.74140625 0.121875 0.80703125 0.171875 0.91171875 0.18984375 0.9296875 0.22890625 0.94375 0.23984375 0.9609375
4 0.090625 0.64140625 0.1015625 0.60546875 0.11015625 0.6046875 0.12734375 0.58125 0.14765625 0.584375 0.15 0.57890625 0.1359375 0.54609375 0.1375 0.43359375 0.1296875 0.40234375 0.15 0.32265625 0.14296875 0.3125 0.12890625 0.3171875 0.11015625 0.3078125 0.09296875 0.3125 0.084375 0.32265625 0.0734375 0.36015625 0.0703125 0.41171875 0.0765625 0.55390625 0.0859375 0.63984375
4 0.1046875 0.80390625 0.109375 0.79140625 0.103125 0.73359375 0.0875 0.66640625 0.0765625 0.56953125 0.071875 0.36953125 0.05390625 0.3640625 0.0359375 0.38515625 0.028125 0.42734375 0.0296875 0.55234375 0.040625 0.68515625 0.06875 0.79296875 0.07421875 0.8
4 0.3515625 0.91328125 0.36796875 0.90625 0.39921875 0.9078125 0.43984375 0.8828125 0.46328125 0.88125 0.48984375 0.86875 0.540625 0.81953125 0.559375 0.78359375 0.56875 0.75703125 0.565625 0.70078125 0.5546875 0.67890625 0.528125 0.65703125 0.5234375 0.62890625 0.48984375 0.578125 0.47890625 0.5890625 0.471875 0.58828125 0.471875 0.60078125 0.4921875 0.66328125 0.49375 0.69140625 0.45234375 0.7046875 0.41171875 0.74375 0.39140625 0.7359375 0.36953125 0.7421875 0.3640625 0.75234375 0.365625 0.78515625 0.3109375 0.85390625 0.321875 0.87734375 0.34375 0.89140625 0.34375 0.91015625
4 0.8390625 0.68671875 0.8578125 0.63359375 0.8640625 0.58515625 0.8796875 0.54765625 0.8703125 0.50703125 0.8796875 0.40703125 0.859375 0.31015625 0.84453125 0.290625 0.82890625 0.2875 0.8125 0.31484375 0.8015625 0.39140625 0.8140625 0.54921875 0.8125 0.59921875 0.803125 0.61171875 0.796875 0.64296875 0.80078125 0.6515625 0.81875 0.64453125 0.815625 0.68203125 0.81953125 0.6875