1 0.71875 0.36796875 0.75078125 0.321875 0.77265625 0.3140625 0.80703125 0.315625 0.8234375 0.29609375 0.83125 0.22734375 0.82421875 0.215625 0.78203125 0.1890625 0.72421875 0.1609375 0.66484375 0.1484375 0.675 0.21484375 0.70546875 0.2328125 0.728125 0.26640625 0.7125 0.31015625 0.7140625 0.36796875
1 0.609375 0.87734375 0.65859375 0.875 0.6890625 0.86015625 0.671875 0.83984375 0.6640625 0.79765625 0.68125 0.71796875 0.6734375 0.65078125 0.68046875 0.625 0.69453125 0.621875 0.6984375 0.62734375 0.70625 0.65234375 0.70625 0.68984375 0.7203125 0.70546875 0.72265625 0.71875 0.76015625 0.7109375 0.76953125 0.71875 0.790625 0.71953125 0.78125 0.69140625 0.76328125 0.6890625 0.753125 0.68046875 0.7421875 0.63984375 0.734375 0.50546875 0.68671875 0.5453125 0.66171875 0.55 0.65 0.53671875 0.6546875 0.50703125 0.64375 0.48984375 0.6515625 0.46328125 0.7046875 0.38515625 0.68828125 0.3421875 0.61640625 0.3390625 0.55 0.35078125 0.55703125 0.359375 0.5859375 0.35703125 0.5765625 0.36953125 0.578125 0.38203125 0.59375 0.40390625 0.590625 0.42265625 0.6046875 0.44921875 0.596875 0.46640625 0.5828125 0.47578125 0.5828125 0.51953125 0.5703125 0.53359375 0.5859375 0.55390625 0.578125 0.57734375 0.5796875 0.62890625 0.6109375 0.65859375 0.6109375 0.68828125 0.6203125 0.69453125 0.61875 0.71796875 0.609375 0.72265625 0.61171875 0.728125 0.6171875 0.72578125 0.6171875 0.73515625 0.6015625 0.73828125 0.60625 0.76484375 0.603125 0.79765625 0.59375 0.80078125 0.6015625 0.81484375 0.584375 0.81640625 0.59296875 0.8171875 0.59609375 0.8265625 0.60078125 0.821875 0.6015625 0.83203125 0.6109375 0.84140625 0.6015625 0.87265625
4 0.421875 0.90390625 0.43828125 0.89375 0.45546875 0.9015625 0.46796875 0.9 0.471875 0.89453125 0.4671875 0.87890625 0.496875 0.84765625 0.48046875 0.815625 0.45859375 0.8078125 0.4234375 0.77890625 0.41875 0.75390625 0.40859375 0.7375 0.39140625 0.7375 0.36953125 0.759375 0.33515625 0.7375 0.31796875 0.734375 0.3265625 0.71953125 0.34375 0.70703125 0.33984375 0.6984375 0.33203125 0.696875 0.30078125 0.709375 0.25625 0.74140625 0.2421875 0.77265625 0.2375 0.80546875 0.2546875 0.84609375 0.26953125 0.865625 0.31484375 0.8890625
4 0.7078125 0.37109375 0.7109375 0.30859375 0.725 0.26328125 0.70390625 0.234375 0.675 0.21953125 0.6578125 0.16015625 0.64453125 0.15 0.634375 0.15078125 0.6390625 0.18203125 0.62890625 0.19375 0.56953125 0.1671875 0.55390625 0.165625 0.51953125 0.175 0.5 0.15078125 0.5015625 0.12578125 0.49453125 0.1140625 0.484375 0.13984375 0.47578125 0.146875 0.459375 0.11328125 0.44765625 0.109375 0.4453125 0.12109375 0.4625 0.18515625 0.4515625 0.22890625 0.4609375 0.28203125 0.45625 0.29765625 0.50859375 0.3296875 0.55546875 0.346875 0.61171875 0.3375 0.64921875 0.3421875 0.68984375 0.3390625 0.6953125 0.35859375
4 0.8640625 0.79140625 0.875 0.77578125 0.8796875 0.73203125 0.8953125 0.71171875 0.8953125 0.69921875 0.8734375 0.68984375 0.8703125 0.65859375 0.8546875 0.62734375 0.8671875 0.61328125 0.86875 0.59609375 0.8609375 0.59765625 0.8625 0.60859375 0.85234375 0.6203125 0.8203125 0.52578125 0.78984375 0.484375 0.76953125 0.4765625 0.7375 0.49453125 0.7421875 0.50234375 0.7375 0.56171875 0.746875 0.64453125 0.76171875 0.6703125 0.77265625 0.6703125 0.8109375 0.70703125 0.8359375 0.76328125 0.8515625 0.77421875 0.85625 0.78984375
4 0.6671875 0.54609375 0.69921875 0.5328125 0.74609375 0.48125 0.78203125 0.4734375 0.80234375 0.4625 0.8265625 0.43359375 0.8359375 0.40546875 0.8359375 0.37578125 0.8234375 0.33671875 0.80703125 0.3203125 0.76328125 0.3171875 0.74921875 0.325 0.721875 0.36953125 0.6796875 0.41796875 0.646875 0.48671875 0.6484375 0.49609375 0.659375 0.50234375 0.6546875 0.54140625
4 0.8609375 0.62734375 0.8703125 0.60546875 0.878125 0.55234375 0.8796875 0.33203125 0.871875 0.26640625 0.8609375 0.24765625 0.859375 0.22734375 0.84609375 0.2125 0.828125 0.26640625 0.8265625 0.30390625 0.8125 0.31171875 0.8265625 0.33984375 0.8375 0.38515625 0.8328125 0.42421875 0.8171875 0.45078125 0.8140625 0.49921875 0.8515625 0.62109375
4 0.7640625 0.87421875 0.79453125 0.8609375 0.82578125 0.85625 0.8421875 0.84609375 0.85 0.81015625 0.846875 0.78984375 0.80859375 0.7109375 0.803125 0.71171875 0.803125 0.73515625 0.79765625 0.740625 0.75859375 0.7171875 0.72265625 0.7296875 0.7015625 0.68828125 0.6953125 0.63515625 0.68515625 0.6296875 0.678125 0.63515625 0.684375 0.72265625 0.6671875 0.78671875 0.6765625 0.83671875 0.70703125 0.865625 0.73671875 0.875
4 0.3 0.50390625 0.34921875 0.4671875 0.36796875 0.4828125 0.38203125 0.48125 0.39375 0.47109375 0.3953125 0.44921875 0.3671875 0.42734375 0.3671875 0.41484375 0.37734375 0.4109375 0.3859375 0.39765625 0.384375 0.37734375 0.35390625 0.375 0.34609375 0.3890625 0.32890625 0.3875 0.29296875 0.3484375 0.26328125 0.3359375 0.21171875 0.296875 0.1921875 0.26015625 0.17734375 0.246875 0.16015625 0.246875 0.14140625 0.2703125 0.12734375 0.2609375 0.11875 0.29140625 0.13125 0.31484375 0.13125 0.34296875 0.1390625 0.36796875 0.22890625 0.4625 0.27890625 0.5015625
4 0.4203125 0.26015625 0.425 0.25703125 0.421875 0.24140625 0.378125 0.20859375 0.39140625 0.1953125 0.42890625 0.18125 0.434375 0.17109375 0.4328125 0.16015625 0.4109375 0.13515625 0.4078125 0.11953125 0.41875 0.11015625 0.39765625 0.09375 0.37734375 0.1015625 0.34921875 0.0859375 0.33203125 0.0859375 0.31171875 0.0953125 0.23359375 0.090625 0.19609375 0.1078125 0.16875 0.14453125 0.1609375 0.17734375 0.1625 0.21953125 0.1734375 0.24140625 0.19609375 0.2609375 0.21796875 0.24375 0.25859375 0.246875 0.31015625 0.2265625 0.32734375 0.2296875 0.34296875 0.2484375 0.38984375 0.2453125
4 0.14375 0.79921875 0.14375 0.78203125 0.1265625 0.74609375 0.125 0.71640625 0.13671875 0.703125 0.17265625 0.690625 0.20078125 0.6484375 0.2328125 0.67109375 0.25078125 0.709375 0.26015625 0.7109375 0.271875 0.69921875 0.26875 0.67734375 0.2390625 0.60078125 0.2359375 0.53828125 0.21015625 0.49375 0.16796875 0.5015625 0.13828125 0.5234375 0.06796875 0.6203125 0.04296875 0.5875 0.02734375 0.5828125 0.0234375 0.58828125 0.0265625 0.61953125 0.046875 0.65546875 0.0546875 0.68984375 0.07421875 0.7171875 0.08828125 0.71875 0.0984375 0.72734375 0.121875 0.79296875
4 0.059375 0.68828125 0.0609375 0.67890625 0.0546875 0.67578125 0.0609375 0.67265625 0.0671875 0.61953125 0.0984375 0.57734375 0.090625 0.53828125 0.1171875 0.47578125 0.125 0.40703125 0.13046875 0.4015625 0.14609375 0.4015625 0.17109375 0.421875 0.178125 0.42109375 0.171875 0.40078125 0.1484375 0.38203125 0.1359375 0.36171875 0.1296875 0.31953125 0.11640625 0.2890625 0.10390625 0.290625 0.0828125 0.31484375 0.05625 0.38046875 0.0421875 0.44296875 0.0328125 0.58515625 0.0234375 0.59296875 0.028125 0.62265625