4 0.3984375 0.35859375 0.41171875 0.346875 0.42421875 0.35625 0.45234375 0.3203125 0.48359375 0.309375 0.50625 0.27734375 0.52109375 0.26875 0.575 0.27265625 0.5734375 0.29921875 0.553125 0.32890625 0.55703125 0.3421875 0.565625 0.33828125 0.6 0.29921875 0.6078125 0.27890625 0.634375 0.25234375 0.6515625 0.21953125 0.6546875 0.16796875 0.62578125 0.1203125 0.58828125 0.1046875 0.55546875 0.10625 0.52578125 0.1171875 0.44453125 0.1765625 0.4046875 0.22890625 0.3671875 0.25703125 0.36953125 0.2703125 0.3953125 0.26015625 0.3875 0.34921875
4 0.115625 0.34453125 0.1171875 0.26015625 0.12734375 0.25 0.18515625 0.2640625 0.22265625 0.2328125 0.253125 0.25859375 0.27109375 0.29375 0.278125 0.29140625 0.278125 0.28203125 0.26796875 0.25 0.28125 0.27734375 0.296875 0.27890625 0.2703125 0.19453125 0.26875 0.12890625 0.2609375 0.11484375 0.26875 0.11171875 0.26484375 0.1046875 0.21484375 0.1015625 0.17578125 0.1078125 0.12734375 0.1328125 0.09765625 0.1328125 0.078125 0.14921875 0.0796875 0.18984375 0.1 0.26953125 0.1 0.31171875
4 0.053125 0.56953125 0.096875 0.54296875 0.0875 0.53828125 0.0875 0.53046875 0.1 0.52265625 0.1109375 0.50234375 0.0828125 0.47578125 0.090625 0.43984375 0.0890625 0.31953125 0.0984375 0.30078125 0.0984375 0.27109375 0.06796875 0.1546875 0.05625 0.17265625 0.04375 0.23046875 0.0296875 0.41484375 0.0328125 0.53984375 0.0421875 0.56796875
4 0.3359375 0.57421875 0.36015625 0.5359375 0.38515625 0.546875 0.3921875 0.53828125 0.3921875 0.51640625 0.375 0.48203125 0.375 0.45234375 0.35625 0.44609375 0.3265625 0.38359375 0.3265625 0.36484375 0.31796875 0.3515625 0.30234375 0.353125 0.28828125 0.375 0.26171875 0.3546875 0.24296875 0.3484375 0.21484375 0.30625 0.19140625 0.30625 0.1734375 0.33046875 0.1640625 0.36484375 0.165625 0.41484375 0.1765625 0.44296875 0.21796875 0.475 0.27109375 0.5 0.29921875 0.5234375 0.33203125 0.528125 0.3265625 0.56953125
4 0.084375 0.83671875 0.08984375 0.8203125 0.13984375 0.8140625 0.16328125 0.8015625 0.18125 0.78203125 0.19375 0.74609375 0.215625 0.72109375 0.2234375 0.69921875 0.2109375 0.64140625 0.1828125 0.60859375 0.1828125 0.58203125 0.16171875 0.515625 0.1515625 0.52890625 0.1609375 0.58359375 0.153125 0.63046875 0.13359375 0.6390625 0.09921875 0.684375 0.078125 0.66953125 0.06640625 0.65 0.0578125 0.65078125 0.0671875 0.71640625 0.05625 0.74921875 0.053125 0.79765625
4 0.3609375 0.89921875 0.40859375 0.8828125 0.42734375 0.890625 0.4421875 0.88359375 0.4234375 0.86171875 0.4296875 0.83515625 0.4484375 0.81015625 0.446875 0.79765625 0.43203125 0.7859375 0.38671875 0.7703125 0.375 0.75703125 0.3734375 0.71953125 0.36640625 0.715625 0.36171875 0.7265625 0.34765625 0.7 0.33828125 0.7 0.3171875 0.71484375 0.3265625 0.73046875 0.31953125 0.7515625 0.28203125 0.7265625 0.25546875 0.7234375 0.2859375 0.68828125 0.28359375 0.675 0.27265625 0.6765625 0.21796875 0.7203125 0.19375 0.74765625 0.18125 0.79296875 0.184375 0.81328125 0.20625 0.85390625 0.23359375 0.8765625
4 0.73125 0.90390625 0.7546875 0.82421875 0.7109375 0.75234375 0.7015625 0.70703125 0.68359375 0.6984375 0.6671875 0.70390625 0.6671875 0.71484375 0.68125 0.72734375 0.67734375 0.7421875 0.62265625 0.7046875 0.58203125 0.7109375 0.5640625 0.66484375 0.5671875 0.59453125 0.5625 0.58203125 0.54921875 0.5765625 0.5375 0.65703125 0.5390625 0.69765625 0.5234375 0.71484375 0.5109375 0.74921875 0.5140625 0.82109375 0.54609375 0.8515625 0.58984375 0.88125 0.60703125 0.8859375 0.66484375 0.884375 0.68828125 0.8953125 0.71015625 0.890625 0.71953125 0.9046875
4 0.834375 0.83359375 0.8515625 0.82421875 0.8640625 0.77890625 0.871875 0.62578125 0.8703125 0.46953125 0.8625 0.43828125 0.85078125 0.421875 0.81953125 0.4265625 0.77734375 0.3921875 0.7765625 0.40390625 0.7859375 0.42109375 0.77734375 0.421875 0.775 0.43046875 0.8046875 0.45859375 0.8171875 0.49765625 0.8015625 0.56953125 0.809375 0.70546875 0.7734375 0.79609375 0.78515625 0.7984375 0.80703125 0.7765625 0.8234375 0.82734375 0.82734375 0.834375
4 0.75625 0.47109375 0.765625 0.46328125 0.7609375 0.42109375 0.7640625 0.36953125 0.79140625 0.3578125 0.81484375 0.328125 0.82734375 0.346875 0.8375 0.34609375 0.8546875 0.27734375 0.8703125 0.26171875 0.8703125 0.24296875 0.85625 0.21171875 0.85859375 0.1890625 0.83984375 0.196875 0.82109375 0.1890625 0.80390625 0.1984375 0.75546875 0.196875 0.7328125 0.21484375 0.709375 0.24609375 0.70625 0.35078125 0.734375 0.40703125 0.7421875 0.46328125 0.74921875 0.471875
4 0.6765625 0.59609375 0.715625 0.54765625 0.7265625 0.50390625 0.7265625 0.46484375 0.71875 0.44765625 0.715625 0.39140625 0.703125 0.32890625 0.70625 0.17734375 0.69375 0.17734375 0.690625 0.15234375 0.67265625 0.1234375 0.6578125 0.14765625 0.6609375 0.18515625 0.634375 0.26328125 0.6390625 0.32578125 0.628125 0.42578125 0.6515625 0.53359375 0.675 0.56796875
1 0.7953125 0.60078125 0.815625 0.49921875 0.8125 0.47734375 0.8046875 0.46015625 0.771875 0.43203125 0.7703125 0.41953125 0.7765625 0.41484375 0.77265625 0.4046875 0.7671875 0.41171875 0.765625 0.46796875 0.74765625 0.4734375 0.7390625 0.45859375 0.73125 0.40859375 0.71796875 0.4 0.728125 0.49609375 0.715625 0.56171875 0.7203125 0.56328125 0.72265625 0.546875 0.73046875 0.5484375 0.74375 0.55703125 0.74609375 0.5703125 0.74921875 0.565625 0.75390625 0.571875 0.75703125 0.565625 0.76171875 0.5796875 0.78046875 0.5796875 0.784375 0.59296875
1 0.8609375 0.42734375 0.865625 0.40390625 0.85546875 0.328125 0.84921875 0.3265625 0.83359375 0.35 0.81328125 0.3359375 0.78515625 0.3640625 0.765625 0.37265625 0.76640625 0.4265625 0.778125 0.41640625 0.7734375 0.40078125 0.77734375 0.3890625 0.81796875 0.425 0.84921875 0.41875
1 0.3625 0.25859375 0.36640625 0.25 0.39453125 0.2359375 0.459375 0.16171875 0.45234375 0.109375 0.36015625 0.10625 0.3 0.11484375 0.3078125 0.17578125 0.32265625 0.196875 0.3453125 0.20390625 0.3390625 0.20859375 0.3484375 0.21171875 0.3421875 0.22265625 0.35703125 0.2359375 0.3625 0.23359375
1 0.71875 0.22734375 0.753125 0.19609375 0.75625 0.18515625 0.74140625 0.1671875 0.70703125 0.153125 0.696875 0.15859375 0.709375 0.17734375 0.7078125 0.21953125