4 0.078125 0.87890625 0.06875 0.76015625 0.05625 0.73203125 0.0390625 0.61328125 0.0578125 0.55234375 0.03046875 0.5234375 0.00546875 0.521875 0 0.52578125 0.0015625 0.74609375 0.028125 0.83671875 0.06484375 0.8765625
4 0.1171875 0.90078125 0.128125 0.88359375 0.13125 0.85390625 0.1265625 0.71796875 0.13125 0.62421875 0.1453125 0.54765625 0.11953125 0.51875 0.09921875 0.5109375 0.08125 0.52109375 0.06875 0.56640625 0.0703125 0.81328125 0.0796875 0.86953125 0.10234375 0.9015625
4 0.2140625 0.94140625 0.2171875 0.91953125 0.2078125 0.90546875 0.20625 0.87890625 0.2 0.87421875 0.2015625 0.81015625 0.19375 0.76640625 0.2015625 0.73359375 0.2046875 0.66796875 0.2171875 0.62265625 0.225 0.61328125 0.2265625 0.57421875 0.2125 0.54765625 0.18515625 0.5234375 0.17578125 0.521875 0.16640625 0.525 0.1484375 0.54921875 0.1375 0.60078125 0.128125 0.70703125 0.1328125 0.83671875 0.140625 0.86796875 0.1703125 0.92890625 0.18515625 0.9390625
4 0.290625 0.96953125 0.2984375 0.96171875 0.2953125 0.77734375 0.3 0.68359375 0.31875 0.61953125 0.325 0.56328125 0.31875 0.54609375 0.28828125 0.528125 0.2828125 0.51484375 0.27421875 0.5125 0.2484375 0.53359375 0.2328125 0.57578125 0.2203125 0.68359375 0.2171875 0.77578125 0.221875 0.86796875 0.2328125 0.90546875 0.25 0.93046875 0.2421875 0.96015625
4 0.34375 0.98203125 0.35625 0.97734375 0.35625 0.95546875 0.365625 0.93515625 0.36875 0.87578125 0.3890625 0.77265625 0.390625 0.71796875 0.403125 0.67890625 0.4078125 0.61328125 0.3984375 0.56796875 0.36640625 0.54375 0.340625 0.56328125 0.3265625 0.59765625 0.321875 0.69140625 0.296875 0.86796875 0.3015625 0.97421875
4 0.3890625 0.98984375 0.40390625 0.9859375 0.43125 0.96171875 0.4484375 0.92890625 0.465625 0.84765625 0.48125 0.71640625 0.4953125 0.66171875 0.4921875 0.57890625 0.45703125 0.54375 0.428125 0.55546875 0.4078125 0.61328125 0.4046875 0.69765625 0.3875 0.81015625 0.3703125 0.87734375 0.3671875 0.96015625 0.3609375 0.96484375 0.36953125 0.9859375
4 0.5015625 0.99453125 0.51875 0.97890625 0.515625 0.95859375 0.534375 0.91796875 0.5625 0.71171875 0.5828125 0.63203125 0.5765625 0.57890625 0.53671875 0.5375 0.5203125 0.54296875 0.4984375 0.58046875 0.4953125 0.67265625 0.4828125 0.71640625 0.459375 0.87734375 0.4671875 0.95078125 0.4546875 0.95859375 0.4515625 0.96953125 0.45546875 0.9875
4 0.5703125 0.99296875 0.59375 0.97734375 0.59375 0.96640625 0.6203125 0.93046875 0.6546875 0.80859375 0.684375 0.63671875 0.675 0.55859375 0.66640625 0.546875 0.65546875 0.55625 0.63984375 0.55 0.62421875 0.5546875 0.609375 0.56953125 0.6 0.59296875 0.596875 0.67109375 0.58125 0.71640625 0.56875 0.79765625 0.5515625 0.83828125 0.54375 0.93359375 0.54140625 0.9375 0.53515625 0.9328125 0.525 0.94921875 0.5265625 0.96953125 0.53359375 0.9796875 0.55859375 0.99375
4 0.61875 0.98359375 0.63984375 0.978125 0.6734375 0.95546875 0.7140625 0.86171875 0.7484375 0.70546875 0.7484375 0.67109375 0.740625 0.63984375 0.72734375 0.625 0.69765625 0.621875 0.684375 0.63203125 0.675 0.71953125 0.63125 0.90390625 0.6140625 0.94453125 0.5984375 0.96171875 0.6046875 0.97734375
4 0.6203125 0.98359375 0.63984375 0.978125 0.6671875 0.95859375 0.6546875 0.95390625 0.653125 0.93515625 0.64375 0.93203125 0.65 0.92578125 0.6390625 0.91640625 0.64375 0.91015625 0.64140625 0.8765625 0.6140625 0.94453125 0.5984375 0.96171875 0.6015625 0.97421875
4 0.721875 0.96171875 0.73203125 0.95 0.77421875 0.9359375 0.7890625 0.92109375 0.828125 0.84765625 0.846875 0.79765625 0.8640625 0.72578125 0.8703125 0.66953125 0.85859375 0.6640625 0.83984375 0.640625 0.82578125 0.640625 0.7984375 0.65546875 0.80625 0.70546875 0.778125 0.76328125 0.765625 0.81484375 0.746875 0.83359375 0.7390625 0.86328125 0.72265625 0.88125 0.70625 0.88671875 0.696875 0.90703125 0.6921875 0.93359375 0.7046875 0.94140625 0.6890625 0.95546875 0.70390625 0.9625
1 0.7328125 0.84765625 0.765625 0.80234375 0.778125 0.75546875 0.8 0.71171875 0.8015625 0.69609375 0.7859375 0.66015625 0.79296875 0.65 0.83046875 0.6359375 0.85078125 0.640625 0.8546875 0.63203125 0.8609375 0.49296875 0.859375 0.23515625 0.8546875 0.22421875 0.83671875 0.2125 0.73984375 0.1703125 0.67890625 0.1515625 0.65234375 0.15 0.62578125 0.1375 0.56640625 0.1296875 0.56875 0.13515625 0.5609375 0.13828125 0.57421875 0.140625 0.575 0.14921875 0.5640625 0.15390625 0.56875 0.15546875 0.56875 0.16640625 0.5625 0.16953125 0.56875 0.17265625 0.56875 0.18203125 0.55625 0.18515625 0.55859375 0.19375 0.56640625 0.1859375 0.571875 0.19609375 0.55625 0.20078125 0.55859375 0.209375 0.56875 0.21171875 0.55625 0.21640625 0.5609375 0.22109375 0.55625 0.23203125 0.5609375 0.26015625 0.55625 0.26328125 0.5671875 0.27421875 0.5609375 0.28515625 0.56640625 0.28125 0.56875 0.28828125 0.5578125 0.29609375 0.56171875 0.3015625 0.5671875 0.29921875 0.56875 0.30703125 0.5625 0.31171875 0.5734375 0.32265625 0.55625 0.32734375 0.5609375 0.36953125 0.5546875 0.38046875 0.559375 0.38515625 0.553125 0.38828125 0.559375 0.40078125 0.553125 0.40703125 0.559375 0.41640625 0.5515625 0.42109375 0.5609375 0.43203125 0.5546875 0.43515625 0.559375 0.44296875 0.56328125 0.4453125 0.56640625 0.4390625 0.5703125 0.44453125 0.5578125 0.45234375 0.5609375 0.46484375 0.55625 0.47578125 0.5609375 0.48046875 0.55625 0.48359375 0.56171875 0.4890625 0.56796875 0.484375 0.575 0.49453125 0.55625 0.49921875 0.55859375 0.5078125 0.56875 0.51015625 0.5546875 0.51484375 0.55859375 0.528125 0.5296875 0.53359375 0.54921875 0.540625 0.575 0.57109375 0.584375 0.59921875 0.5828125 0.65234375 0.5640625 0.71640625 0.553125 0.81484375 0.56875 0.79296875 0.58125 0.70703125 0.5953125 0.67109375 0.5953125 0.60234375 0.603125 0.57421875 0.62578125 0.5515625 0.65234375 0.553125 0.66796875 0.5453125 0.6765625 0.55546875 0.6859375 0.61953125 0.73046875 0.6203125 0.740625 0.63203125 0.75 0.66328125 0.7484375 0.73359375 0.728125 0.82265625 0.7265625 0.84453125