4 0.5125 0.42890625 0.51875 0.41796875 0.525 0.30859375 0.53515625 0.303125 0.58515625 0.3296875 0.5984375 0.32578125 0.59375 0.27578125 0.603125 0.26796875 0.6015625 0.22578125 0.47109375 0.1 0.43203125 0.0828125 0.36953125 0.0828125 0.34765625 0.09375 0.33125 0.11953125 0.33125 0.17734375 0.3421875 0.23203125 0.3359375 0.31484375 0.3421875 0.31328125 0.34921875 0.2953125 0.3578125 0.34296875 0.36796875 0.359375 0.371875 0.32890625 0.365625 0.28671875 0.38046875 0.234375 0.42109375 0.2640625 0.47578125 0.271875 0.4953125 0.32890625 0.50625 0.42265625
4 0.29375 0.26171875 0.30625 0.25390625 0.334375 0.20859375 0.328125 0.12421875 0.30546875 0.1015625 0.26796875 0.090625 0.22734375 0.0921875 0.19453125 0.1046875 0.16484375 0.1046875 0.14453125 0.128125 0.1203125 0.13359375 0.1296875 0.14921875 0.115625 0.17734375 0.11796875 0.2015625 0.14296875 0.2 0.18046875 0.2125 0.22890625 0.209375 0.24765625 0.215625 0.25859375 0.209375 0.2796875 0.25703125
4 0.2109375 0.36796875 0.26171875 0.325 0.3046875 0.31484375 0.3046875 0.30703125 0.284375 0.28046875 0.2640625 0.21796875 0.26015625 0.2125 0.2515625 0.21484375 0.259375 0.22421875 0.25546875 0.228125 0.23203125 0.2109375 0.19453125 0.215625 0.14140625 0.2015625 0.12265625 0.20625 0.1 0.22578125 0.0875 0.25546875 0.084375 0.28828125 0.090625 0.33359375 0.09921875 0.3390625 0.12734375 0.3359375 0.14609375 0.35625 0.18046875 0.3484375
4 0.0421875 0.49296875 0.0546875 0.42734375 0.0875 0.34296875 0.084375 0.26796875 0.1015625 0.22109375 0.1015625 0.17734375 0.0984375 0.15078125 0.08515625 0.140625 0.0703125 0.14921875 0.0578125 0.17109375 0.04375 0.23359375 0.0328125 0.40390625 0.0359375 0.48515625
4 0.121875 0.77421875 0.128125 0.74609375 0.1515625 0.71171875 0.171875 0.65546875 0.14609375 0.6390625 0.13125 0.61484375 0.115625 0.49453125 0.128125 0.45859375 0.121875 0.42734375 0.1296875 0.41328125 0.1390625 0.35546875 0.12734375 0.3375 0.11328125 0.3359375 0.084375 0.36015625 0.059375 0.41640625 0.0484375 0.50703125 0.0515625 0.58359375 0.0640625 0.64453125 0.0875 0.72265625 0.10625 0.74609375 0.109375 0.76796875
4 0.0765625 0.80546875 0.103125 0.77421875 0.10625 0.75390625 0.0875 0.72578125 0.0640625 0.64453125 0.05 0.57421875 0.04453125 0.4953125 0.0390625 0.50390625 0.0328125 0.62890625 0.0359375 0.72890625 0.0546875 0.79609375 0.06328125 0.8046875
4 0.1359375 0.55859375 0.17265625 0.5515625 0.19453125 0.51875 0.23203125 0.5125 0.26953125 0.4859375 0.2984375 0.50078125 0.2921875 0.54296875 0.29921875 0.5578125 0.30625 0.55390625 0.31875 0.47578125 0.3125 0.46484375 0.315625 0.35859375 0.30546875 0.31875 0.27734375 0.3203125 0.26015625 0.328125 0.22890625 0.3515625 0.17265625 0.415625 0.134375 0.44453125 0.11875 0.51171875 0.128125 0.55546875
4 0.678125 0.98671875 0.69140625 0.984375 0.7140625 0.96484375 0.725 0.93203125 0.71875 0.90703125 0.709375 0.90234375 0.696875 0.86953125 0.675 0.84296875 0.6609375 0.81171875 0.63125 0.79140625 0.59609375 0.7421875 0.58046875 0.740625 0.5625 0.76171875 0.5484375 0.80859375 0.5546875 0.85703125 0.57421875 0.88125 0.596875 0.89453125 0.6390625 0.94765625 0.653125 0.97890625 0.66640625 0.9875
4 0.7234375 0.88359375 0.81484375 0.8453125 0.83125 0.83046875 0.8390625 0.80703125 0.8625 0.77578125 0.853125 0.74453125 0.8546875 0.71796875 0.84765625 0.709375 0.83203125 0.73125 0.79140625 0.7546875 0.73125 0.74453125 0.7296875 0.73359375 0.7484375 0.71640625 0.74921875 0.7015625 0.7078125 0.72265625 0.7015625 0.74453125 0.675 0.76953125 0.6625 0.80859375 0.6734375 0.83828125 0.703125 0.87890625
4 0.8609375 0.72578125 0.8765625 0.69765625 0.8796875 0.67265625 0.8765625 0.40234375 0.8625 0.34296875 0.8484375 0.32265625 0.83359375 0.3140625 0.80625 0.38828125 0.803125 0.44609375 0.8125 0.44765625 0.8140625 0.45859375 0.8203125 0.66484375 0.8375 0.68203125 0.846875 0.70859375
1 0.6421875 0.78828125 0.64453125 0.7671875 0.64765625 0.784375 0.65546875 0.7859375 0.66015625 0.7734375 0.66328125 0.7828125 0.69375 0.74609375 0.7046875 0.72265625 0.74609375 0.696875 0.753125 0.70234375 0.753125 0.71796875 0.7421875 0.73828125 0.74765625 0.7421875 0.79296875 0.75 0.8328125 0.72109375 0.8375 0.69765625 0.8203125 0.67265625 0.815625 0.65078125 0.8109375 0.47109375 0.7984375 0.45703125 0.8015625 0.39140625 0.8125 0.37109375 0.8265625 0.31640625 0.83515625 0.3109375 0.85625 0.31171875 0.8578125 0.25546875 0.8515625 0.22578125 0.80390625 0.196875 0.72734375 0.165625 0.61484375 0.1375 0.6078125 0.13984375 0.6125 0.15234375 0.6078125 0.15234375 0.60625 0.16484375 0.6078125 0.17890625 0.6171875 0.18984375 0.6046875 0.19765625 0.6 0.21328125 0.615625 0.23359375 0.6140625 0.25703125 0.6078125 0.25859375 0.6078125 0.26796875 0.61171875 0.2609375 0.615625 0.26796875 0.603125 0.28984375 0.6046875 0.32734375 0.6171875 0.32578125 0.6109375 0.33828125 0.6171875 0.34609375 0.615625 0.39453125 0.6109375 0.40078125 0.615625 0.40859375 0.6078125 0.41328125 0.6078125 0.42109375 0.6265625 0.42421875 0.6140625 0.44453125 0.61875 0.45390625 0.615625 0.46640625 0.6203125 0.46796875 0.615625 0.49453125 0.6203125 0.49921875 0.61875 0.52578125 0.6234375 0.52890625 0.615625 0.53828125 0.6203125 0.59296875 0.6140625 0.60546875 0.6234375 0.65546875 0.6171875 0.66640625 0.6203125 0.68671875 0.61328125 0.6984375 0.609375 0.67421875 0.6046875 0.67421875 0.6 0.71796875 0.60625 0.72578125 0.5984375 0.73515625 0.6109375 0.73515625 0.61328125 0.715625 0.6140625 0.73359375 0.621875 0.74140625 0.6140625 0.74453125 0.6140625 0.75234375 0.6328125 0.75390625 0.6203125 0.76171875 0.62421875 0.7703125 0.6375 0.76953125 0.6296875 0.77734375