4 0.7 0.38984375 0.71640625 0.3359375 0.721875 0.36953125 0.728125 0.36640625 0.7171875 0.27890625 0.7296875 0.24140625 0.7296875 0.20859375 0.7140625 0.16484375 0.69296875 0.14375 0.64921875 0.1203125 0.54921875 0.103125 0.53125 0.09609375 0.53203125 0.0796875 0.51015625 0.0796875 0.47421875 0.11875 0.45703125 0.121875 0.4515625 0.12890625 0.5 0.23046875 0.53046875 0.2640625 0.55234375 0.2546875 0.56953125 0.25625 0.63203125 0.2953125 0.68359375 0.278125 0.6953125 0.31953125 0.69375 0.38203125
4 0.790625 0.50703125 0.825 0.47265625 0.8515625 0.41953125 0.8671875 0.37578125 0.8734375 0.31484375 0.8875 0.30390625 0.884375 0.28828125 0.8640625 0.25546875 0.85390625 0.2140625 0.846875 0.21640625 0.83515625 0.2453125 0.82421875 0.2421875 0.81796875 0.253125 0.8078125 0.25703125 0.8125 0.30390625 0.771875 0.33515625 0.76171875 0.35625 0.7421875 0.34296875 0.7265625 0.31015625 0.73125 0.35234375 0.725 0.37109375 0.7265625 0.43671875 0.73125 0.47109375 0.740625 0.48984375 0.7359375 0.49765625 0.75078125 0.50625
4 0.85625 0.80703125 0.871875 0.78203125 0.865625 0.75859375 0.8765625 0.52890625 0.8734375 0.45390625 0.85546875 0.415625 0.8265625 0.47109375 0.7875 0.51171875 0.78125 0.53359375 0.80859375 0.515625 0.8140625 0.51796875 0.809375 0.56484375 0.8125 0.69140625 0.8296875 0.75078125
4 0.846875 0.86171875 0.85859375 0.859375 0.8625 0.84609375 0.853125 0.82421875 0.8515625 0.79453125 0.828125 0.74765625 0.8109375 0.68515625 0.75234375 0.603125 0.74765625 0.609375 0.73046875 0.6109375 0.7171875 0.62578125 0.70625 0.66796875 0.66796875 0.68125 0.665625 0.69296875 0.69921875 0.70625 0.7296875 0.73046875 0.74375 0.78828125 0.771875 0.82421875 0.7671875 0.84921875 0.77265625 0.8546875
4 0.703125 0.89609375 0.73203125 0.884375 0.7453125 0.85859375 0.7625 0.85078125 0.7671875 0.82890625 0.7609375 0.81640625 0.74765625 0.809375 0.7265625 0.78203125 0.68828125 0.7125 0.66640625 0.7140625 0.66328125 0.73125 0.62265625 0.7109375 0.59609375 0.7125 0.5765625 0.72265625 0.55625 0.67578125 0.5578125 0.60078125 0.55390625 0.590625 0.54140625 0.5875 0.53125 0.66015625 0.534375 0.71328125 0.5203125 0.73046875 0.509375 0.76171875 0.5078125 0.79453125 0.5140625 0.82265625 0.5078125 0.83203125 0.57578125 0.88125 0.61171875 0.8890625 0.66328125 0.884375
4 0.440625 0.89765625 0.440625 0.88046875 0.45625 0.83671875 0.45 0.78359375 0.4828125 0.70234375 0.4828125 0.69453125 0.471875 0.68671875 0.47109375 0.671875 0.459375 0.68359375 0.4421875 0.73515625 0.39921875 0.7609375 0.37109375 0.7375 0.34609375 0.7296875 0.27734375 0.74375 0.25078125 0.7125 0.2203125 0.68984375 0.215625 0.67421875 0.20703125 0.665625 0.2015625 0.66796875 0.225 0.74453125 0.19453125 0.753125 0.184375 0.76171875 0.184375 0.77890625 0.1953125 0.80390625 0.1953125 0.81953125 0.184375 0.83359375 0.18671875 0.85 0.21015625 0.8484375 0.25078125 0.871875 0.27109375 0.8734375 0.32265625 0.8921875
4 0.0875 0.80859375 0.09140625 0.7921875 0.11171875 0.80625 0.11875 0.80078125 0.1171875 0.77265625 0.1 0.71171875 0.1 0.69296875 0.1140625 0.67109375 0.0953125 0.62265625 0.096875 0.50078125 0.10703125 0.48125 0.13359375 0.4859375 0.1390625 0.47890625 0.1171875 0.45703125 0.1203125 0.43984375 0.115625 0.43359375 0.09453125 0.4296875 0.07109375 0.4015625 0.0515625 0.41640625 0.040625 0.45703125 0.034375 0.58828125 0.0546875 0.72890625 0.0765625 0.79921875
4 0.2484375 0.49921875 0.25625 0.45390625 0.2546875 0.40546875 0.2609375 0.38984375 0.31640625 0.3640625 0.3359375 0.34140625 0.3375 0.32734375 0.3015625 0.28828125 0.3046875 0.25234375 0.29921875 0.2421875 0.29140625 0.271875 0.27265625 0.246875 0.26875 0.26640625 0.25859375 0.26875 0.23203125 0.2609375 0.20390625 0.24375 0.14453125 0.2453125 0.1234375 0.26328125 0.1140625 0.28671875 0.1140625 0.35234375 0.096875 0.42265625 0.1046875 0.41953125 0.11484375 0.4 0.1203125 0.42890625 0.12578125 0.4390625 0.1296875 0.43671875 0.134375 0.38515625 0.14609375 0.3609375 0.1515625 0.37734375 0.17109375 0.3953125 0.21953125 0.3921875 0.2234375 0.43359375 0.2140625 0.45234375 0.2140625 0.47578125 0.221875 0.47265625 0.23671875 0.44375 0.2421875 0.45234375 0.240625 0.49453125
4 0.0921875 0.33984375 0.1171875 0.27421875 0.128125 0.25234375 0.13828125 0.2453125 0.21328125 0.2421875 0.22890625 0.2296875 0.25859375 0.2640625 0.2671875 0.26171875 0.26875 0.24296875 0.2578125 0.20859375 0.271875 0.19140625 0.278125 0.16328125 0.2765625 0.13046875 0.265625 0.11484375 0.2796875 0.10703125 0.27578125 0.103125 0.22421875 0.096875 0.18828125 0.1046875 0.14453125 0.125 0.11015625 0.1296875 0.0828125 0.14609375 0.0765625 0.15859375 0.0828125 0.17265625 0.0765625 0.20703125 0.0984375 0.22734375 0.1015625 0.23828125
1 0.7609375 0.35234375 0.771875 0.33046875 0.809375 0.30390625 0.8046875 0.25859375 0.82265625 0.2359375 0.83203125 0.240625 0.8375 0.23515625 0.84375 0.21484375 0.75390625 0.175 0.71796875 0.165625 0.73125 0.21328125 0.7203125 0.28359375 0.74375 0.33984375
1 0.8114583333333328 0.6778645833333332 0.8130208333333329 0.5278645833333332 0.8091145833333329 0.5239583333333332 0.7809895833333329 0.5411458333333332 0.7817708333333329 0.5184895833333332 0.7763020833333328 0.5114583333333332 0.7260416666666666 0.5052083333333334 0.7083333333333328 0.4510416666666666 0.6864583333333328 0.49270833333333314 0.7104166666666663 0.5395833333333332 0.7302083333333329 0.5513020833333332 0.7317708333333328 0.5747395833333332 0.7208333333333329 0.6028645833333333 0.7341145833333329 0.6114583333333332 0.7481770833333329 0.6067708333333333 0.7513020833333328 0.5973958333333332