1 0.70625 0.29921875 0.7265625 0.26015625 0.6953125 0.22109375 0.6796875 0.18984375 0.68125 0.17265625 0.7046875 0.16015625 0.65546875 0.1421875 0.61640625 0.1359375 0.6265625 0.17109375 0.625 0.18515625 0.59765625 0.2109375 0.5609375 0.23359375 0.55625 0.24296875 0.559375 0.26171875 0.66640625 0.2609375 0.67734375 0.265625
1 0.8484375 0.67421875 0.8546875 0.64921875 0.8640625 0.49296875 0.8625 0.38046875 0.85703125 0.3796875 0.8484375 0.39296875 0.840625 0.45703125 0.83046875 0.465625 0.825 0.43203125 0.8140625 0.42421875 0.8265625 0.38359375 0.825 0.36484375 0.80546875 0.3609375 0.775 0.31015625 0.76484375 0.30625 0.7484375 0.33359375 0.740625 0.38984375 0.7203125 0.40234375 0.7125 0.42109375 0.6835937500000001 0.4283854166666667 0.6744791666666666 0.44661458333333337 0.6861979166666667 0.47786458333333337 0.6927083333333334 0.5260416666666667 0.6848958333333334 0.57421875 0.728125 0.58984375 0.7140625 0.60234375 0.72421875 0.603125 0.75078125 0.5875 0.78515625 0.584375 0.790625 0.59921875 0.775 0.61171875 0.7765625 0.61640625 0.7921875 0.62734375 0.81171875 0.6625 0.83203125 0.659375
4 0.8328125 0.46171875 0.8453125 0.39296875 0.871875 0.34765625 0.871875 0.28984375 0.8375 0.21328125 0.81796875 0.19375 0.76171875 0.1640625 0.759375 0.13828125 0.74453125 0.1359375 0.70390625 0.1671875 0.68515625 0.171875 0.6828125 0.19609375 0.7296875 0.26015625 0.7203125 0.28515625 0.7375 0.29140625 0.734375 0.36640625 0.7421875 0.36484375 0.7453125 0.33671875 0.76328125 0.3015625 0.7765625 0.30703125 0.80390625 0.3578125 0.828125 0.36328125 0.8296875 0.38359375 0.8171875 0.40859375 0.8171875 0.42578125 0.828125 0.42421875
4 0.5421875 0.52109375 0.55 0.51171875 0.55 0.47890625 0.5421875 0.44765625 0.55859375 0.4140625 0.59453125 0.4140625 0.64609375 0.3765625 0.69296875 0.39375 0.71015625 0.4140625 0.72109375 0.3921875 0.7375 0.38828125 0.721875 0.33359375 0.734375 0.31015625 0.73359375 0.290625 0.72265625 0.290625 0.70703125 0.3125 0.690625 0.28046875 0.66953125 0.2625 0.57734375 0.259375 0.55859375 0.265625 0.5125 0.29921875 0.4984375 0.32109375 0.4921875 0.38359375 0.5140625 0.43203125 0.5125 0.45546875 0.5265625 0.51171875 0.53046875 0.51875
4 0.53125 0.28203125 0.55625 0.26484375 0.559375 0.23359375 0.61640625 0.19375 0.625 0.18046875 0.6125 0.13671875 0.59609375 0.134375 0.5890625 0.12265625 0.5859375 0.09765625 0.57734375 0.09375 0.56171875 0.1046875 0.54453125 0.096875 0.49453125 0.1015625 0.46640625 0.0921875 0.42109375 0.090625 0.39609375 0.0828125 0.34453125 0.090625 0.3203125 0.17890625 0.328125 0.20078125 0.34140625 0.2078125 0.39296875 0.2140625 0.46796875 0.253125 0.50859375 0.24375 0.515625 0.28046875
4 0.4625 0.52265625 0.4765625 0.51328125 0.4734375 0.40390625 0.490625 0.37734375 0.4984375 0.31328125 0.49375 0.28984375 0.45390625 0.246875 0.39296875 0.215625 0.34296875 0.209375 0.31015625 0.1890625 0.24453125 0.2 0.234375 0.22734375 0.2390625 0.23984375 0.2296875 0.24921875 0.228125 0.26171875 0.2671875 0.30859375 0.25 0.33359375 0.29609375 0.346875 0.32109375 0.340625 0.34140625 0.359375 0.35859375 0.3609375 0.40703125 0.3921875 0.43046875 0.390625 0.453125 0.44140625 0.4546875 0.50703125 0.45625 0.51953125
4 0.3546875 0.55078125 0.38515625 0.5015625 0.43671875 0.4984375 0.4453125 0.49140625 0.446875 0.48046875 0.4296875 0.45546875 0.440625 0.43671875 0.43046875 0.421875 0.41875 0.41640625 0.41875 0.40078125 0.35859375 0.3625 0.32734375 0.365625 0.27578125 0.340625 0.22421875 0.3421875 0.19609375 0.3578125 0.1875 0.36640625 0.178125 0.40546875 0.1828125 0.47109375 0.171875 0.53046875 0.17734375 0.5328125 0.20546875 0.5015625 0.22890625 0.4859375 0.28203125 0.4859375 0.31328125 0.5 0.334375 0.54453125
4 0.128125 0.71171875 0.15390625 0.6828125 0.18046875 0.6828125 0.20859375 0.646875 0.25703125 0.6546875 0.25859375 0.6640625 0.28046875 0.66875 0.3 0.66328125 0.30625 0.64765625 0.3265625 0.62734375 0.334375 0.57109375 0.3515625 0.55703125 0.3328125 0.54609375 0.31328125 0.5015625 0.28359375 0.4875 0.23671875 0.4875 0.20703125 0.5046875 0.18359375 0.53125 0.14375 0.56015625 0.1109375 0.65234375 0.1171875 0.70078125
4 0.1703125 0.84765625 0.19765625 0.8359375 0.2359375 0.79921875 0.2453125 0.76328125 0.2765625 0.72578125 0.278125 0.71796875 0.2703125 0.71484375 0.29375 0.68984375 0.28671875 0.6703125 0.25234375 0.6640625 0.22421875 0.6765625 0.21875 0.65234375 0.21171875 0.646875 0.19375 0.66796875 0.18515625 0.6890625 0.15703125 0.684375 0.12734375 0.715625 0.1171875 0.71171875 0.10625 0.68515625 0.103125 0.76171875 0.115625 0.81171875 0.13515625 0.8359375
4 0.4265625 0.91015625 0.45234375 0.8953125 0.46328125 0.903125 0.48203125 0.903125 0.4734375 0.88671875 0.48515625 0.8703125 0.50625 0.85859375 0.5078125 0.84453125 0.44375 0.78984375 0.4421875 0.77265625 0.43359375 0.7609375 0.40234375 0.753125 0.38359375 0.7625 0.33671875 0.7390625 0.31015625 0.7421875 0.31875 0.72265625 0.29921875 0.7234375 0.2984375 0.71796875 0.31875 0.68203125 0.31796875 0.659375 0.2859375 0.70234375 0.284375 0.71953125 0.240625 0.77578125 0.2375 0.81015625 0.2453125 0.84609375 0.26640625 0.8734375 0.28828125 0.8859375 0.32578125 0.8953125 0.38359375 0.896875 0.41015625 0.9109375
4 0.8296875 0.81171875 0.8484375 0.79765625 0.840625 0.66796875 0.82734375 0.6609375 0.81328125 0.671875 0.8 0.64140625 0.771875 0.61328125 0.7875 0.59921875 0.7875 0.58984375 0.75390625 0.5875 0.715625 0.61328125 0.69375 0.65859375 0.7015625 0.72265625 0.72421875 0.753125 0.75078125 0.7671875 0.78515625 0.775 0.80546875 0.8046875
4 0.696875 0.88984375 0.73828125 0.8765625 0.75703125 0.88125 0.77421875 0.8765625 0.8265625 0.82734375 0.828125 0.81328125 0.80703125 0.80625 0.78671875 0.7765625 0.74609375 0.765625 0.71171875 0.74375 0.69140625 0.740625 0.65859375 0.753125 0.6453125 0.71640625 0.65 0.66015625 0.63671875 0.6328125 0.6234375 0.70390625 0.6234375 0.74296875 0.6 0.79296875 0.5984375 0.84296875 0.6078125 0.86171875 0.63515625 0.884375
1 0.228125 0.25338541666666664 0.2359375 0.24401041666666665 0.2359375 0.21744791666666666 0.24375 0.20182291666666666 0.259375 0.19557291666666665 0.26328125 0.16666666666666666 0.26875 0.16744791666666664 0.27890625 0.19322916666666665 0.31015625 0.18854166666666666 0.31875 0.17838541666666666 0.33125 0.13932291666666666 0.33046875 0.11041666666666665 0.21953125 0.11979166666666666 0.14609375 0.13697916666666665 0.1 0.15494791666666666 0.1125 0.15807291666666665 0.1078125 0.19401041666666666 0.109375 0.20182291666666666 0.11875 0.20494791666666665 0.1109375 0.20963541666666666 0.1203125 0.21276041666666665 0.11640625 0.22604166666666664 0.14140625 0.22760416666666666 0.14453125 0.23385416666666664 0.14921875 0.22916666666666666 0.15703125 0.23541666666666666 0.1947916666666667 0.3020833333333333 0.1760416666666667 0.34375 0.175 0.3729166666666667 0.2229166666666667 0.33541666666666664 0.2635416666666667 0.31666666666666665