4 0.14375 0.38515625 0.17265625 0.36875 0.21015625 0.365625 0.24140625 0.3390625 0.25703125 0.3515625 0.27890625 0.3515625 0.3234375 0.32421875 0.33125 0.26015625 0.325 0.22734375 0.30390625 0.1953125 0.28828125 0.19375 0.26015625 0.2140625 0.24296875 0.2109375 0.21484375 0.2171875 0.17734375 0.24375 0.16640625 0.2328125 0.15546875 0.234375 0.13125 0.26796875 0.09375 0.29765625 0.0859375 0.32421875 0.0890625 0.34609375 0.11328125 0.3703125
4 0.3265625 0.22578125 0.334375 0.21484375 0.3390625 0.17578125 0.35 0.15390625 0.35 0.13515625 0.34296875 0.1296875 0.325 0.13359375 0.3125 0.16953125 0.2859375 0.19296875 0.30078125 0.1953125
4 0.115625 0.27734375 0.15546875 0.2328125 0.16640625 0.23125 0.17890625 0.240625 0.21171875 0.215625 0.26328125 0.2109375 0.2734375 0.20234375 0.2859375 0.12421875 0.27578125 0.1046875 0.23046875 0.09375 0.0890625 0.14140625 0.0828125 0.15390625 0.0859375 0.19765625 0.1125 0.24921875 0.1125 0.26171875 0.11875 0.26796875 0.1125 0.27421875
4 0.0734375 0.57265625 0.08984375 0.5515625 0.13125 0.53828125 0.12421875 0.525 0.1046875 0.51953125 0.0875 0.49140625 0.0875 0.44296875 0.0984375 0.37734375 0.084375 0.32578125 0.0890625 0.30390625 0.1078125 0.27421875 0.1078125 0.26171875 0.10390625 0.2546875 0.090625 0.25234375 0.09375 0.22265625 0.07578125 0.178125 0.05 0.21796875 0.0328125 0.37578125 0.0390625 0.52578125 0.053125 0.56640625
4 0.134375 0.52421875 0.24609375 0.49375 0.28359375 0.471875 0.31640625 0.4625 0.3296875 0.43828125 0.3125 0.41640625 0.334375 0.39296875 0.33125 0.37265625 0.30390625 0.3609375 0.25546875 0.3609375 0.2515625 0.34609375 0.24140625 0.340625 0.21484375 0.365625 0.16953125 0.3703125 0.13359375 0.3984375 0.11328125 0.3765625 0.0984375 0.39453125 0.0890625 0.44453125 0.090625 0.49296875 0.11015625 0.521875
4 0.2453125 0.66171875 0.2515625 0.65859375 0.24765625 0.646875 0.21328125 0.6375 0.2109375 0.63203125 0.24765625 0.603125 0.29765625 0.6046875 0.303125 0.61640625 0.32734375 0.6359375 0.33125 0.61953125 0.3265625 0.60078125 0.36328125 0.5875 0.36875 0.57734375 0.340625 0.51171875 0.32109375 0.50625 0.29765625 0.4734375 0.28515625 0.4734375 0.23984375 0.496875 0.15703125 0.5203125 0.1484375 0.52578125 0.1375 0.55078125 0.1328125 0.60859375 0.1390625 0.63828125 0.1484375 0.65234375 0.17421875 0.6609375
4 0.2 0.85390625 0.2140625 0.84453125 0.221875 0.82578125 0.240625 0.80546875 0.2640625 0.75703125 0.19296875 0.725 0.1875 0.71796875 0.1890625 0.69765625 0.18046875 0.6875 0.15390625 0.7140625 0.13046875 0.6953125 0.10390625 0.6953125 0.09375 0.66015625 0.1015625 0.63828125 0.09609375 0.615625 0.078125 0.66015625 0.065625 0.72265625 0.065625 0.76015625 0.075 0.78828125 0.0890625 0.81171875 0.11796875 0.8328125 0.16953125 0.840625 0.18359375 0.853125
4 0.2640625 0.92109375 0.27109375 0.88125 0.30703125 0.8828125 0.35078125 0.8953125 0.37109375 0.89375 0.42109375 0.8640625 0.45 0.82265625 0.45 0.76171875 0.4296875 0.72265625 0.4328125 0.70234375 0.41484375 0.615625 0.409375 0.61953125 0.4125 0.68515625 0.4015625 0.71484375 0.36171875 0.65625 0.359375 0.67578125 0.3765625 0.71484375 0.378125 0.73359375 0.34765625 0.7296875 0.31015625 0.746875 0.3078125 0.72890625 0.3265625 0.71171875 0.3265625 0.70234375 0.30390625 0.7 0.2875 0.71328125 0.2765625 0.75078125 0.2484375 0.78359375 0.225 0.83828125 0.246875 0.87265625 0.2546875 0.91796875
4 0.6328125 0.90234375 0.69140625 0.8859375 0.71484375 0.890625 0.73046875 0.884375 0.7453125 0.86171875 0.765625 0.84609375 0.765625 0.82734375 0.7765625 0.80546875 0.775 0.77890625 0.74453125 0.771875 0.72265625 0.753125 0.69140625 0.7765625 0.65234375 0.7546875 0.63203125 0.753125 0.61640625 0.7625 0.59921875 0.746875 0.57421875 0.746875 0.5515625 0.79453125 0.546875 0.82890625 0.5515625 0.86796875 0.58046875 0.8984375
4 0.8359375 0.79765625 0.8578125 0.78359375 0.86875 0.74453125 0.8703125 0.71171875 0.85625 0.68046875 0.84453125 0.6703125 0.82421875 0.6671875 0.79765625 0.653125 0.75859375 0.6234375 0.73359375 0.6234375 0.70859375 0.6375 0.7046875 0.65078125 0.7140625 0.67109375 0.69765625 0.665625 0.690625 0.68203125 0.725 0.74609375 0.74296875 0.7625 0.76953125 0.765625
4 0.834375 0.42578125 0.846875 0.41171875 0.8578125 0.31953125 0.85625 0.27265625 0.8453125 0.23828125 0.81875 0.19765625 0.79609375 0.1765625 0.72578125 0.153125 0.67890625 0.1453125 0.6890625 0.16953125 0.6671875 0.18515625 0.6640625 0.19765625 0.6984375 0.24765625 0.7203125 0.26328125 0.7125 0.31796875 0.71875 0.36015625 0.725 0.35859375 0.7328125 0.34140625 0.7328125 0.32734375 0.7484375 0.29296875 0.75703125 0.2875 0.78359375 0.325 0.8171875 0.33359375 0.8265625 0.37578125 0.828125 0.42421875
1 0.5609375 0.64296875 0.5671875 0.63203125 0.5609375 0.62421875 0.56640625 0.61875 0.57421875 0.6234375 0.62109375 0.6140625 0.6375 0.59765625 0.6359375 0.51484375 0.6453125 0.50234375 0.6453125 0.49140625 0.6390625 0.48359375 0.634375 0.45234375 0.628125 0.44765625 0.6328125 0.43984375 0.62421875 0.434375 0.61328125 0.434375 0.6109375 0.44609375 0.59765625 0.45 0.57265625 0.4484375 0.56484375 0.4359375 0.55546875 0.434375 0.54375 0.44296875 0.534375 0.47109375 0.53046875 0.46875 0.5234375 0.47734375 0.5234375 0.50390625 0.51796875 0.5125 0.51484375 0.4890625 0.5109375 0.49453125 0.5078125 0.51171875 0.51484375 0.534375 0.5203125 0.52578125 0.5296875 0.57734375 0.5265625 0.58828125 0.5359375 0.58828125 0.54609375 0.6328125 0.5484375 0.61484375 0.5578125 0.61953125 0.5546875 0.64140625
1 0.7625 0.46953125 0.76328125 0.4625 0.78515625 0.46875 0.78125 0.46328125 0.803125 0.45078125 0.81171875 0.4265625 0.815625 0.44453125 0.821875 0.43984375 0.825 0.39609375 0.8171875 0.33984375 0.77890625 0.3234375 0.75234375 0.29375 0.734375 0.32734375 0.725 0.36171875 0.7140625 0.36484375 0.7140625 0.38515625 0.73125 0.43046875 0.7296875 0.45390625 0.74296875 0.4546875 0.74609375 0.4625 0.75703125 0.4609375