1 0.66875 0.68828125 0.7109375 0.63671875 0.7109375 0.61796875 0.7015625 0.59453125 0.7296875 0.56796875 0.7359375 0.53046875 0.73125 0.48671875 0.7140625 0.48515625 0.7140625 0.46171875 0.7265625 0.43515625 0.728125 0.41015625 0.7109375 0.36640625 0.684375 0.33359375 0.6734375 0.26328125 0.7015625 0.20859375 0.7296875 0.18515625 0.734375 0.17265625 0.64765625 0.1328125 0.55078125 0.11875 0.5328125 0.12578125 0.5421875 0.14296875 0.5265625 0.19609375 0.528125 0.24921875 0.5203125 0.28828125 0.525 0.30234375 0.5203125 0.40390625 0.525 0.44453125 0.5203125 0.46640625 0.5265625 0.48046875 0.52578125 0.528125 0.5390625 0.50234375 0.5390625 0.59765625 0.534375 0.60078125 0.54296875 0.6359375 0.5484375 0.63359375 0.54921875 0.621875 0.55859375 0.6375 0.56953125 0.6265625 0.571875 0.65234375 0.57890625 0.653125 0.58203125 0.6203125 0.5875 0.62421875 0.58828125 0.653125 0.59375 0.65234375 0.59765625 0.634375 0.6 0.65078125 0.61875 0.65546875 0.60390625 0.6578125 0.60546875 0.6640625 0.62421875 0.66875 0.6234375 0.65546875 0.63984375 0.653125 0.6484375 0.66328125 0.6390625 0.66796875 0.65546875 0.66875 0.6578125 0.68671875
1 0.834375 0.82578125 0.840625 0.80859375 0.84375 0.70859375 0.8484375 0.70703125 0.84375 0.69453125 0.8484375 0.69453125 0.8515625 0.63671875 0.83984375 0.6359375 0.81171875 0.6046875 0.7765625 0.69453125 0.7484375 0.72578125 0.7515625 0.73359375 0.74375 0.73828125 0.74921875 0.7453125 0.75625 0.74296875 0.7578125 0.75859375 0.7421875 0.78515625 0.7484375 0.78828125 0.74609375 0.79375 0.77734375 0.8015625 0.80078125 0.79375 0.81796875 0.8046875
1 0.3234375 0.35859375 0.321875 0.34609375 0.33046875 0.34375 0.34140625 0.328125 0.38984375 0.328125 0.3875 0.33828125 0.39296875 0.3421875 0.39609375 0.328125 0.41328125 0.3265625 0.421875 0.33203125 0.41640625 0.34375 0.425 0.33671875 0.4375 0.28984375 0.440625 0.20859375 0.459375 0.17578125 0.4609375 0.11953125 0.45078125 0.109375 0.34296875 0.10625 0.24375 0.11796875 0.2703125 0.16171875 0.284375 0.20078125 0.2953125 0.30234375 0.315625 0.33828125 0.3171875 0.35546875
4 0.3046875 0.51640625 0.3109375 0.50703125 0.3125 0.48359375 0.3265625 0.46796875 0.3265625 0.44765625 0.315625 0.35859375 0.2921875 0.29453125 0.2796875 0.19296875 0.2671875 0.16015625 0.2421875 0.12578125 0.22109375 0.10625 0.20234375 0.103125 0.178125 0.11953125 0.16875 0.14921875 0.1703125 0.22265625 0.2 0.28203125 0.228125 0.31796875 0.2390625 0.40703125 0.259375 0.43984375 0.2578125 0.47734375
4 0.0609375 0.41953125 0.0828125 0.39609375 0.0890625 0.35546875 0.10390625 0.3296875 0.11484375 0.3265625 0.1265625 0.33828125 0.1375 0.35703125 0.1375 0.38203125 0.15390625 0.390625 0.1703125 0.37734375 0.175 0.35703125 0.1953125 0.32890625 0.190625 0.25859375 0.1625 0.21640625 0.14453125 0.203125 0.11796875 0.2046875 0.09140625 0.225 0.0625 0.26015625 0.0578125 0.28671875 0.046875 0.29921875 0.0515625 0.40859375
4 0.434375 0.60703125 0.471875 0.58984375 0.5 0.53984375 0.5078125 0.50703125 0.509375 0.31640625 0.525 0.24609375 0.521875 0.19296875 0.5390625 0.14140625 0.53046875 0.134375 0.5109375 0.13984375 0.5078125 0.09765625 0.50078125 0.090625 0.490625 0.09609375 0.48359375 0.121875 0.47578125 0.1171875 0.4671875 0.12109375 0.4640625 0.17109375 0.4421875 0.20703125 0.440625 0.28515625 0.4078125 0.41484375 0.4015625 0.50078125 0.4046875 0.54609375 0.415625 0.58203125 0.4265625 0.60390625
4 0.1875 0.88984375 0.22421875 0.8828125 0.25234375 0.8671875 0.28984375 0.828125 0.31484375 0.815625 0.340625 0.78671875 0.3515625 0.75859375 0.3515625 0.71953125 0.34375 0.69296875 0.32265625 0.665625 0.28828125 0.671875 0.25703125 0.71875 0.21328125 0.7546875 0.18359375 0.7578125 0.14765625 0.8015625 0.1203125 0.81640625 0.1203125 0.83671875 0.1125 0.84453125 0.121875 0.86171875 0.13046875 0.8671875 0.14296875 0.8640625 0.16328125 0.884375
4 0.11875 0.81796875 0.10625 0.80234375 0.1078125 0.78515625 0.11796875 0.7734375 0.1296875 0.77734375 0.13203125 0.79375 0.15078125 0.7921875 0.18515625 0.75625 0.21640625 0.7515625 0.259375 0.71328125 0.2609375 0.70390625 0.253125 0.68984375 0.2734375 0.67578125 0.2765625 0.65234375 0.246875 0.64296875 0.23984375 0.6140625 0.22734375 0.615625 0.21640625 0.628125 0.19765625 0.628125 0.16484375 0.6859375 0.134375 0.68515625 0.134375 0.67265625 0.1515625 0.64609375 0.1515625 0.63203125 0.14140625 0.63125 0.0984375 0.69921875 0.0859375 0.72578125 0.084375 0.77265625 0.0984375 0.80546875
4 0.5390625 0.91328125 0.57578125 0.909375 0.59609375 0.896875 0.615625 0.87109375 0.6109375 0.77734375 0.6171875 0.75546875 0.6015625 0.69921875 0.59296875 0.6953125 0.5890625 0.70859375 0.5953125 0.73828125 0.55859375 0.765625 0.51484375 0.75 0.46953125 0.75 0.3890625 0.66640625 0.3796875 0.64296875 0.36953125 0.6390625 0.3640625 0.64609375 0.3671875 0.70390625 0.353125 0.74609375 0.35859375 0.75625 0.371875 0.76015625 0.36953125 0.76875 0.35703125 0.7625 0.3546875 0.77265625 0.3734375 0.80390625 0.40703125 0.84375 0.47421875 0.89375 0.51328125 0.9109375
4 0.703125 0.93515625 0.71953125 0.928125 0.76015625 0.9265625 0.80703125 0.9125 0.8203125 0.90234375 0.8375 0.86015625 0.83125 0.85390625 0.828125 0.82109375 0.81328125 0.803125 0.79921875 0.796875 0.78046875 0.8078125 0.75234375 0.796875 0.71953125 0.815625 0.70546875 0.8078125 0.65703125 0.81875 0.64453125 0.828125 0.63828125 0.8125 0.61875 0.81484375 0.615625 0.84453125 0.625 0.86640625 0.6109375 0.88203125 0.6140625 0.89765625 0.64921875 0.8984375 0.67578125 0.9296875
4 0.7109375 0.76796875 0.725 0.74140625 0.778125 0.68984375 0.81875 0.56640625 0.825 0.46015625 0.8171875 0.39453125 0.80625 0.35859375 0.78046875 0.328125 0.75703125 0.34375 0.74375 0.36328125 0.7296875 0.43984375 0.7203125 0.45859375 0.72421875 0.4671875 0.7390625 0.46484375 0.7390625 0.55390625 0.734375 0.56953125 0.7078125 0.59765625 0.715625 0.61640625 0.715625 0.63828125 0.6875 0.67265625 0.6828125 0.68984375 0.6578125 0.72421875 0.66484375 0.7421875 0.67734375 0.7453125 0.70234375 0.76875
4 0.8484375 0.62734375 0.871875 0.58046875 0.878125 0.53203125 0.878125 0.31171875 0.86796875 0.2796875 0.8375 0.29921875 0.81875 0.33671875 0.8171875 0.39609375 0.8265625 0.48515625 0.8140625 0.60078125 0.83046875 0.625
4 0.8515625 0.62578125 0.8671875 0.59453125 0.8765625 0.55078125 0.878125 0.31484375 0.8703125 0.25390625 0.88125 0.24765625 0.88125 0.23515625 0.8765625 0.22109375 0.8578125 0.20078125 0.86640625 0.1796875 0.84453125 0.1875 0.82890625 0.18125 0.75234375 0.178125 0.71171875 0.2078125 0.6875 0.23984375 0.6765625 0.26328125 0.6828125 0.31640625 0.696875 0.34609375 0.7125 0.36015625 0.72734375 0.3984375 0.7375 0.38828125 0.746875 0.35234375 0.76171875 0.334375 0.77734375 0.325 0.78984375 0.328125 0.80078125 0.321875 0.81875 0.33671875 0.815625 0.38046875 0.8265625 0.50078125 0.8140625 0.60078125 0.83046875 0.625