4 0.0609375 0.26953125 0.08125 0.23828125 0.10546875 0.2234375 0.16484375 0.2203125 0.21796875 0.19375 0.2203125 0.17578125 0.2390625 0.14765625 0.23515625 0.134375 0.21796875 0.1328125 0.2125 0.12578125 0.2265625 0.11171875 0.20546875 0.109375 0.19296875 0.11875 0.16953125 0.109375 0.15078125 0.121875 0.12109375 0.1234375 0.08046875 0.1375 0.05625 0.17109375 0.053125 0.20703125
4 0.1078125 0.44453125 0.10703125 0.3734375 0.13359375 0.371875 0.17265625 0.3484375 0.18671875 0.3625 0.22421875 0.3625 0.24296875 0.3765625 0.253125 0.37578125 0.253125 0.35859375 0.23515625 0.346875 0.228125 0.33359375 0.2671875 0.30546875 0.2703125 0.28359375 0.2453125 0.25703125 0.24375 0.24453125 0.25625 0.23203125 0.24296875 0.2203125 0.23203125 0.221875 0.22109375 0.2328125 0.19921875 0.209375 0.18359375 0.209375 0.16484375 0.221875 0.11328125 0.221875 0.08984375 0.2328125 0.071875 0.25078125 0.05625 0.29140625 0.059375 0.34140625 0.0984375 0.43671875
4 0.06875 0.70859375 0.08125 0.69453125 0.0796875 0.61640625 0.0875 0.55546875 0.0828125 0.45859375 0.0890625 0.41328125 0.0625 0.35234375 0.05078125 0.2984375 0.028125 0.34921875 0.0296875 0.60234375 0.0421875 0.67734375 0.0546875 0.70546875
4 0.1140625 0.73515625 0.1625 0.68359375 0.1875 0.64140625 0.17734375 0.634375 0.16015625 0.6515625 0.14375 0.64765625 0.1578125 0.53046875 0.2140625 0.44765625 0.2140625 0.43671875 0.20546875 0.4375 0.2046875 0.43203125 0.2171875 0.40859375 0.215625 0.39140625 0.18515625 0.396875 0.17265625 0.3734375 0.15 0.39453125 0.121875 0.44296875 0.0984375 0.50859375 0.084375 0.57109375 0.08125 0.70859375 0.10078125 0.7328125
4 0.178125 0.84921875 0.2296875 0.83671875 0.2265625 0.82421875 0.234375 0.80703125 0.2359375 0.78046875 0.2234375 0.73671875 0.23125 0.66171875 0.23125 0.65234375 0.22421875 0.646875 0.2125 0.66171875 0.2109375 0.69140625 0.18828125 0.7203125 0.15078125 0.7 0.11484375 0.7359375 0.10390625 0.7359375 0.08203125 0.7125 0.065625 0.73359375 0.0625 0.77734375 0.0875 0.81328125 0.14453125 0.8453125
4 0.4765625 0.81015625 0.54140625 0.8 0.59140625 0.778125 0.63203125 0.76875 0.65 0.74296875 0.6796875 0.65703125 0.6734375 0.62421875 0.61640625 0.6203125 0.57734375 0.65 0.53828125 0.634375 0.51015625 0.634375 0.5375 0.61015625 0.540625 0.59296875 0.53359375 0.5890625 0.49140625 0.6125 0.45390625 0.646875 0.428125 0.68203125 0.415625 0.73359375 0.4359375 0.78515625 0.46015625 0.8078125
4 0.528125 0.91953125 0.55546875 0.9078125 0.64765625 0.9 0.684375 0.86796875 0.6953125 0.81796875 0.65546875 0.75 0.62265625 0.775 0.59921875 0.7765625 0.53671875 0.8015625 0.44140625 0.8140625 0.4296875 0.82109375 0.4296875 0.83359375 0.4546875 0.86796875 0.434375 0.86796875 0.43984375 0.878125 0.4515625 0.88203125 0.45625 0.89921875
4 0.7890625 0.88828125 0.8015625 0.87890625 0.815625 0.83359375 0.8078125 0.78671875 0.8 0.77265625 0.7421875 0.71796875 0.7234375 0.68359375 0.70390625 0.665625 0.68671875 0.6640625 0.6734375 0.67578125 0.6609375 0.71796875 0.6578125 0.74140625 0.6640625 0.76640625 0.6875 0.80703125 0.71171875 0.8234375 0.76640625 0.8859375
4 0.809375 0.77890625 0.83125 0.76015625 0.84375 0.73515625 0.8484375 0.68984375 0.840625 0.65703125 0.80703125 0.60625 0.76328125 0.5875 0.7234375 0.55546875 0.71171875 0.534375 0.69140625 0.525 0.69375 0.55859375 0.66328125 0.5578125 0.6578125 0.56796875 0.6765625 0.64140625 0.71875 0.67578125 0.7421875 0.71484375
4 0.85625 0.58515625 0.8671875 0.57578125 0.8859375 0.53984375 0.9 0.41171875 0.8796875 0.29140625 0.8578125 0.21640625 0.840625 0.18046875 0.82109375 0.1578125 0.81328125 0.1578125 0.7875 0.18984375 0.7796875 0.22421875 0.76875 0.23515625 0.759375 0.26171875 0.759375 0.28046875 0.76171875 0.284375 0.77734375 0.265625 0.79921875 0.278125 0.8078125 0.29140625 0.8328125 0.39765625 0.815625 0.43203125 0.8359375 0.45078125 0.8453125 0.46953125 0.8453125 0.57734375
1 0.8328125 0.62421875 0.84375 0.60859375 0.840625 0.47578125 0.83125 0.45546875 0.809375 0.43359375 0.825 0.40703125 0.8234375 0.37265625 0.7984375 0.28359375 0.77734375 0.2765625 0.76484375 0.290625 0.75625 0.28515625 0.7578125 0.25859375 0.78125 0.20234375 0.77734375 0.1875 0.73359375 0.1671875 0.64140625 0.140625 0.50859375 0.1140625 0.33671875 0.109375 0.26328125 0.115625 0.2421875 0.12265625 0.2390625 0.16953125 0.24765625 0.1953125 0.2515625 0.16328125 0.25546875 0.1578125 0.26328125 0.19375 0.26953125 0.1609375 0.2734375 0.18984375 0.284375 0.19453125 0.28828125 0.2171875 0.33359375 0.221875 0.33828125 0.2359375 0.35390625 0.24375 0.36484375 0.240625 0.37734375 0.25625 0.384375 0.25546875 0.38671875 0.2640625 0.39765625 0.25 0.41953125 0.25625 0.4234375 0.28984375 0.43515625 0.284375 0.44296875 0.2984375 0.4515625 0.29921875 0.45546875 0.3359375 0.46484375 0.3328125 0.46796875 0.3390625 0.471875 0.31484375 0.47890625 0.3171875 0.48984375 0.303125 0.49921875 0.30625 0.50390625 0.359375 0.51484375 0.3578125 0.51796875 0.3671875 0.53515625 0.3765625 0.57578125 0.3765625 0.58046875 0.3859375 0.5875 0.38671875 0.5890625 0.39765625 0.59609375 0.403125 0.60078125 0.3984375 0.60546875 0.4078125 0.61640625 0.3921875 0.6234375 0.40078125 0.609375 0.41328125 0.62421875 0.421875 0.62890625 0.4125 0.634375 0.41640625 0.6265625 0.42578125 0.621875 0.45234375 0.64765625 0.4515625 0.65390625 0.4703125 0.6578125 0.45703125 0.6640625 0.45546875 0.6703125 0.47109375 0.665625 0.49921875 0.6296875 0.51015625 0.6421875 0.51640625 0.64453125 0.53125 0.65859375 0.53125 0.66328125 0.5171875 0.66640625 0.5328125 0.68046875 0.5328125 0.68984375 0.521875 0.69921875 0.5234375 0.71328125 0.53125 0.73828125 0.5625 0.77734375 0.5890625 0.80546875 0.5984375