4 0.4984375 0.42421875 0.515625 0.41484375 0.534375 0.33515625 0.5359375 0.29765625 0.553125 0.27578125 0.5625 0.24765625 0.5609375 0.19453125 0.546875 0.16015625 0.50703125 0.11875 0.46640625 0.0921875 0.42421875 0.0859375 0.37109375 0.0953125 0.35390625 0.0859375 0.32734375 0.0890625 0.32109375 0.0734375 0.30546875 0.0734375 0.3046875 0.16484375 0.3109375 0.18203125 0.3359375 0.21328125 0.3328125 0.26640625 0.34296875 0.275 0.35390625 0.275 0.37421875 0.24375 0.39296875 0.240625 0.43984375 0.275 0.49453125 0.2796875 0.5 0.34921875 0.490625 0.41484375
4 0.4171875 0.47734375 0.41875 0.44453125 0.43984375 0.4484375 0.446875 0.44140625 0.4453125 0.42265625 0.4265625 0.38828125 0.44453125 0.3859375 0.4484375 0.37265625 0.4296875 0.34453125 0.41328125 0.3375 0.36328125 0.2890625 0.33046875 0.2734375 0.28515625 0.2265625 0.24765625 0.2140625 0.22890625 0.2140625 0.20859375 0.225 0.190625 0.24765625 0.1890625 0.30390625 0.19375 0.33046875 0.2265625 0.38515625 0.23515625 0.3890625 0.24453125 0.384375 0.28828125 0.409375 0.31796875 0.4078125 0.35546875 0.4421875 0.38203125 0.4515625 0.39453125 0.4671875
4 0.1875 0.24553571428571433 0.20859375 0.2234375 0.23046875 0.2125 0.26796875 0.2171875 0.29453125 0.2296875 0.3015625 0.22578125 0.303125 0.13046875 0.3 0.11328125 0.28984375 0.1 0.26953125 0.090625 0.24296875 0.0921875 0.20078125 0.1015625 0.16015625 0.11875 0.13828125 0.1140625 0.1 0.13828125 0.096875 0.15390625 0.08125 0.17265625 0.0875 0.19296875 0.10379464285714288 0.203125 0.11830357142857144 0.16183035714285715 0.12723214285714288 0.21316964285714288 0.15390625 0.23125
4 0.2796875 0.71171875 0.31171875 0.6984375 0.38671875 0.634375 0.39921875 0.640625 0.4046875 0.63203125 0.4125 0.56328125 0.43125 0.50546875 0.40859375 0.4953125 0.36484375 0.515625 0.36953125 0.453125 0.3640625 0.45390625 0.34609375 0.49375 0.33125 0.46328125 0.3265625 0.46328125 0.325 0.48359375 0.3328125 0.51015625 0.31484375 0.54375 0.26796875 0.54375 0.24296875 0.5578125 0.234375 0.53671875 0.23203125 0.496875 0.215625 0.53203125 0.2140625 0.56015625 0.19375 0.61171875 0.2015625 0.66640625 0.2140625 0.68671875 0.23515625 0.7046875
4 0.1890625 0.61171875 0.1953125 0.59609375 0.1984375 0.52890625 0.20703125 0.5171875 0.22109375 0.515625 0.225 0.50859375 0.2359375 0.47421875 0.2390625 0.43046875 0.2265625 0.38828125 0.2046875 0.35859375 0.1921875 0.32890625 0.184375 0.27578125 0.14140625 0.221875 0.1171875 0.21171875 0.121875 0.20859375 0.1171875 0.20546875 0.1203125 0.19296875 0.11328125 0.1890625 0.1078125 0.21171875 0.09453125 0.2078125 0.090625 0.21640625 0.1046875 0.32109375 0.134375 0.36796875 0.1484375 0.43671875 0.171875 0.45859375 0.178125 0.58515625
4 0.1140625 0.49765625 0.13046875 0.4890625 0.140625 0.47265625 0.1453125 0.42421875 0.13125 0.36796875 0.103125 0.31953125 0.0890625 0.23046875 0.090625 0.20234375 0.07109375 0.1640625 0.0515625 0.18828125 0.040625 0.24296875 0.053125 0.34453125 0.0515625 0.42109375 0.0640625 0.42578125 0.0953125 0.48359375
4 0.0609375 0.78046875 0.0734375 0.77734375 0.078125 0.74609375 0.096875 0.70703125 0.1125 0.56484375 0.103125 0.49453125 0.06328125 0.425 0.0546875 0.43046875 0.046875 0.45546875 0.040625 0.55390625 0.0484375 0.58984375 0.04375 0.64453125 0.0484375 0.76015625
4 0.1796875 0.84453125 0.21484375 0.8296875 0.228125 0.81484375 0.253125 0.76328125 0.2484375 0.71484375 0.2125 0.68671875 0.18984375 0.6328125 0.17890625 0.675 0.15546875 0.678125 0.12734375 0.69375 0.115625 0.67109375 0.11015625 0.6328125 0.1015625 0.66015625 0.0984375 0.70546875 0.078125 0.75234375 0.075 0.80234375 0.09765625 0.8328125 0.13671875 0.834375
4 0.6328125 0.92734375 0.6375 0.90234375 0.634375 0.87578125 0.64765625 0.86875 0.6515625 0.85859375 0.6109375 0.77890625 0.5828125 0.75546875 0.565625 0.71640625 0.5609375 0.71328125 0.55078125 0.7609375 0.53984375 0.7578125 0.50234375 0.725 0.4578125 0.72890625 0.453125 0.68359375 0.4625 0.62578125 0.4515625 0.61328125 0.44765625 0.596875 0.4375 0.61796875 0.425 0.67734375 0.425 0.71171875 0.403125 0.73515625 0.3921875 0.76328125 0.3953125 0.81328125 0.4109375 0.84609375 0.43828125 0.878125 0.47734375 0.9046875 0.51953125 0.90625 0.56171875 0.896875 0.61171875 0.9 0.6203125 0.92265625
4 0.7234375 0.88359375 0.734375 0.87578125 0.7546875 0.83515625 0.7578125 0.79140625 0.7765625 0.71796875 0.76875 0.69921875 0.7703125 0.68671875 0.7609375 0.69140625 0.74375 0.73984375 0.72265625 0.7546875 0.703125 0.70390625 0.6671875 0.66328125 0.671875 0.63984375 0.6640625 0.61640625 0.65234375 0.6078125 0.63671875 0.621875 0.58828125 0.584375 0.55546875 0.565625 0.54453125 0.5671875 0.540625 0.57734375 0.5484375 0.60546875 0.53671875 0.6078125 0.534375 0.61796875 0.5484375 0.65703125 0.5296875 0.66484375 0.5328125 0.67578125 0.5578125 0.68671875 0.578125 0.74609375 0.6125 0.78046875 0.6453125 0.84921875 0.68984375 0.88125
1 0.5421875 0.74765625 0.5546875 0.72421875 0.553125 0.69765625 0.515625 0.67109375 0.5359375 0.65078125 0.5296875 0.61015625 0.5453125 0.55546875 0.52890625 0.5515625 0.51953125 0.553125 0.515625 0.56171875 0.52890625 0.5640625 0.52890625 0.56875 0.50390625 0.5765625 0.50859375 0.5828125 0.47109375 0.5890625 0.4625 0.59921875 0.4671875 0.63203125 0.4578125 0.69765625 0.46328125 0.725 0.50234375 0.7203125
1 0.7703125 0.84921875 0.82109375 0.8359375 0.8375 0.82578125 0.840625 0.81484375 0.8625 0.43671875 0.859375 0.23046875 0.82265625 0.20625 0.73515625 0.1671875 0.62578125 0.1359375 0.54921875 0.1234375 0.5453125 0.14453125 0.5625 0.18828125 0.5671875 0.23203125 0.5625 0.26328125 0.5421875 0.29765625 0.540625 0.33203125 0.5265625 0.38515625 0.53125 0.40546875 0.5390625 0.40859375 0.5328125 0.41484375 0.53125 0.43671875 0.55546875 0.4390625 0.5578125 0.45078125 0.571875 0.45546875 0.57265625 0.46875 0.5796875 0.46796875 0.5796875 0.45546875 0.58515625 0.4546875 0.584375 0.46640625 0.603125 0.47421875 0.590625 0.48203125 0.5984375 0.48671875 0.5875 0.50234375 0.5875 0.51796875 0.575 0.53359375 0.5375 0.54609375 0.546875 0.54921875 0.54921875 0.559375 0.55390625 0.55625 0.60703125 0.59375 0.61640625 0.58125 0.62109375 0.5890625 0.634375 0.58984375 0.63984375 0.609375 0.65234375 0.6046875 0.665625 0.61328125 0.678125 0.63984375 0.68125 0.67421875 0.7046875 0.70078125 0.72578125 0.74375 0.74375 0.73046875 0.7578125 0.68828125 0.76640625 0.6796875 0.771875 0.68203125 0.7796875 0.72265625 0.7578125 0.82578125 0.7578125 0.84765625