4 0.359375 0.89140625 0.41640625 0.859375 0.45078125 0.853125 0.4640625 0.83671875 0.4703125 0.81640625 0.5 0.79609375 0.509375 0.77421875 0.50078125 0.7734375 0.4953125 0.76484375 0.5125 0.72265625 0.50390625 0.70625 0.46796875 0.7171875 0.43671875 0.71875 0.42421875 0.7 0.40859375 0.70625 0.37890625 0.740625 0.35 0.73046875 0.359375 0.70703125 0.34921875 0.7 0.32265625 0.7171875 0.2890625 0.75390625 0.2703125 0.78515625 0.2640625 0.80859375 0.2609375 0.83203125 0.265625 0.84609375 0.28984375 0.8796875 0.33203125 0.8921875
1 0.8609375 0.39765625 0.8578125 0.22734375 0.79921875 0.19375 0.74140625 0.16875 0.70234375 0.159375 0.7140625 0.19765625 0.71875 0.28203125 0.76640625 0.3203125 0.7828125 0.31796875 0.778125 0.33515625 0.803125 0.35703125 0.80078125 0.378125 0.83203125 0.38125
4 0.2203125 0.87421875 0.2140625 0.85546875 0.2234375 0.80390625 0.21875 0.74921875 0.1875 0.71015625 0.165625 0.66171875 0.1265625 0.63046875 0.1140625 0.58046875 0.1078125 0.56796875 0.090625 0.55546875 0.0875 0.53515625 0.07890625 0.5234375 0.075 0.54921875 0.0609375 0.56640625 0.0609375 0.58203125 0.084375 0.68515625 0.159375 0.83671875 0.17890625 0.8578125 0.20859375 0.8640625
4 0.1625 0.65703125 0.1671875 0.61640625 0.175 0.60703125 0.1703125 0.51328125 0.1609375 0.46640625 0.1640625 0.29765625 0.1921875 0.26015625 0.17265625 0.225 0.16484375 0.2265625 0.15234375 0.2078125 0.13203125 0.2078125 0.11796875 0.196875 0.1125 0.21640625 0.11875 0.22890625 0.10625 0.26796875 0.0984375 0.33046875 0.1 0.55390625 0.115625 0.57890625 0.1234375 0.62265625 0.14921875 0.6515625
4 0.384375 0.53359375 0.3921875 0.52734375 0.3890625 0.50546875 0.396875 0.49140625 0.3953125 0.44296875 0.4109375 0.43828125 0.3890625 0.41328125 0.378125 0.34296875 0.3484375 0.30390625 0.321875 0.23359375 0.2890625 0.18046875 0.26015625 0.1484375 0.23046875 0.15 0.2125 0.18984375 0.2046875 0.23984375 0.1734375 0.32265625 0.18203125 0.3265625 0.20390625 0.29375 0.21796875 0.284375 0.23046875 0.284375 0.25 0.33671875 0.2875 0.37265625 0.29375 0.44765625 0.30703125 0.459375 0.31796875 0.453125 0.33671875 0.465625 0.375 0.53046875
4 0.4328125 0.45390625 0.446875 0.43359375 0.475 0.34296875 0.496875 0.32734375 0.509375 0.30234375 0.5125 0.24921875 0.50625 0.22734375 0.48125 0.17109375 0.43046875 0.1109375 0.33828125 0.084375 0.31796875 0.084375 0.31015625 0.0734375 0.29453125 0.0703125 0.2859375 0.09296875 0.265625 0.10859375 0.25625 0.14140625 0.303125 0.19765625 0.33828125 0.26875 0.35390625 0.24375 0.39453125 0.284375 0.4234375 0.29921875 0.4171875 0.34921875 0.390625 0.38828125 0.3890625 0.40234375 0.40078125 0.403125 0.43203125 0.3703125 0.4421875 0.36796875 0.4265625 0.44609375
4 0.5234375 0.34609375 0.5265625 0.29765625 0.55234375 0.2390625 0.58203125 0.2515625 0.61484375 0.2453125 0.66015625 0.2546875 0.71015625 0.284375 0.7109375 0.19140625 0.7 0.16484375 0.68359375 0.1453125 0.62734375 0.115625 0.59921875 0.1078125 0.54609375 0.1046875 0.51015625 0.090625 0.47734375 0.0953125 0.46640625 0.0875 0.453125 0.10546875 0.45 0.12421875 0.4875 0.17890625 0.509375 0.23046875 0.515625 0.25234375 0.5140625 0.32734375 0.5171875 0.34296875
4 0.575 0.50078125 0.58125 0.42734375 0.59921875 0.4 0.60546875 0.3984375 0.64765625 0.4234375 0.69609375 0.4171875 0.703125 0.43359375 0.6984375 0.46171875 0.71640625 0.471875 0.7328125 0.43671875 0.74609375 0.4265625 0.76171875 0.425 0.7765625 0.41171875 0.796875 0.38203125 0.8 0.35546875 0.74140625 0.296875 0.71640625 0.2921875 0.65859375 0.25625 0.60078125 0.246875 0.56953125 0.2578125 0.553125 0.28046875 0.546875 0.31796875 0.5484375 0.33828125 0.565625 0.37578125 0.5546875 0.38984375 0.55 0.47578125 0.56171875 0.4703125 0.56875 0.49921875
4 0.728125 0.60234375 0.76171875 0.5609375 0.7609375 0.58203125 0.76953125 0.5921875 0.7921875 0.54296875 0.82421875 0.5234375 0.8265625 0.55859375 0.83203125 0.565625 0.83984375 0.50625 0.840625 0.56171875 0.84453125 0.56875 0.85 0.56640625 0.8640625 0.48046875 0.8640625 0.43203125 0.8609375 0.41328125 0.84453125 0.3890625 0.81640625 0.38125 0.79453125 0.3890625 0.7578125 0.43515625 0.7265625 0.46015625 0.7171875 0.50078125 0.69375 0.50390625 0.7125 0.52578125 0.715625 0.59765625
4 0.6265625 0.86796875 0.66171875 0.8546875 0.6828125 0.83359375 0.73125 0.78046875 0.78984375 0.6953125 0.80234375 0.70625 0.8078125 0.70234375 0.8109375 0.66953125 0.80078125 0.5765625 0.78515625 0.5796875 0.76484375 0.5984375 0.74609375 0.5890625 0.73828125 0.59375 0.71171875 0.634375 0.6625 0.66640625 0.63203125 0.71875 0.6015625 0.69140625 0.5859375 0.64765625 0.57734375 0.6375 0.5734375 0.63984375 0.565625 0.67890625 0.5984375 0.76015625 0.59375 0.84921875 0.60703125 0.8640625
4 0.6875 0.91484375 0.70234375 0.903125 0.73515625 0.89375 0.75703125 0.8734375 0.79609375 0.853125 0.8296875 0.82265625 0.8515625 0.76171875 0.8546875 0.73515625 0.853125 0.69921875 0.8421875 0.67109375 0.83203125 0.603125 0.82890625 0.609375 0.82421875 0.6046875 0.821875 0.60859375 0.8109375 0.70234375 0.80078125 0.7109375 0.79609375 0.7 0.78515625 0.7015625 0.725 0.78828125 0.6484375 0.86328125 0.678125 0.88515625 0.684375 0.89453125 0.678125 0.91328125