4 0.709375 0.33046875 0.7265625 0.32109375 0.7421875 0.28203125 0.75625 0.27265625 0.7546875 0.26328125 0.740625 0.25390625 0.7375 0.22578125 0.7265625 0.20390625 0.61171875 0.128125 0.56484375 0.084375 0.53046875 0.0703125 0.5234375 0.05859375 0.525 0.03984375 0.51640625 0.03125 0.49453125 0.028125 0.47578125 0.0109375 0.46640625 0.0109375 0.4625 0.03046875 0.4765625 0.07734375 0.45390625 0.0828125 0.4453125 0.10078125 0.47109375 0.1234375 0.4875 0.11640625 0.5171875 0.18984375 0.53515625 0.2125 0.57421875 0.2296875 0.66640625 0.2875 0.684375 0.31953125 0.69609375 0.3296875
4 0.8625 0.69609375 0.8765625 0.68203125 0.9015625 0.63515625 0.903125 0.56953125 0.89140625 0.565625 0.88515625 0.5875 0.83984375 0.578125 0.78046875 0.5109375 0.75703125 0.5078125 0.7421875 0.52421875 0.728125 0.58203125 0.7375 0.61953125 0.76015625 0.6421875 0.78359375 0.646875 0.82578125 0.6890625
4 0.8765625 0.82421875 0.878125 0.76171875 0.8953125 0.74609375 0.875 0.73828125 0.86640625 0.6953125 0.82265625 0.6890625 0.81875 0.72734375 0.8234375 0.74296875 0.8578125 0.78359375 0.86875 0.82109375
4 0.8671875 0.58203125 0.871875 0.57109375 0.86875 0.49453125 0.853125 0.46171875 0.83984375 0.4546875 0.8078125 0.51640625 0.80625 0.53203125 0.83359375 0.5734375
4 0.8390625 0.91328125 0.85703125 0.8875 0.86796875 0.8921875 0.875 0.88515625 0.8765625 0.85859375 0.8671875 0.84453125 0.8625 0.79453125 0.828125 0.75546875 0.7953125 0.69140625 0.77578125 0.675 0.75703125 0.6734375 0.7390625 0.69296875 0.728125 0.73515625 0.7296875 0.76640625 0.74375 0.79765625 0.7734375 0.82421875 0.790625 0.85078125 0.803125 0.88046875 0.82578125 0.89375 0.8296875 0.91015625
4 0.65 0.97890625 0.67890625 0.9765625 0.690625 0.96328125 0.6921875 0.94921875 0.684375 0.93359375 0.7 0.88515625 0.7015625 0.78671875 0.684375 0.61328125 0.66875 0.56640625 0.65546875 0.553125 0.64296875 0.5515625 0.62109375 0.565625 0.6078125 0.58359375 0.6 0.63828125 0.625 0.72265625 0.63125 0.80234375 0.6234375 0.85859375 0.64375 0.93671875 0.63125 0.95703125 0.63125 0.97421875
4 0.3703125 0.98203125 0.39140625 0.971875 0.409375 0.94453125 0.4484375 0.90546875 0.528125 0.78984375 0.5375 0.74765625 0.534375 0.70703125 0.5109375 0.67421875 0.49609375 0.6640625 0.47578125 0.6703125 0.459375 0.68515625 0.43125 0.74296875 0.40625 0.76796875 0.378125 0.81640625 0.35703125 0.8265625 0.3375 0.85390625 0.3234375 0.91484375 0.3125 0.91796875 0.309375 0.93828125 0.32578125 0.978125
4 0.209375 0.88046875 0.28671875 0.8453125 0.31484375 0.840625 0.3390625 0.81953125 0.353125 0.77890625 0.3484375 0.69140625 0.34296875 0.678125 0.31015625 0.6796875 0.27265625 0.7140625 0.24921875 0.715625 0.21328125 0.7390625 0.19296875 0.740625 0.1703125 0.76484375 0.1578125 0.79765625 0.1625 0.85546875 0.18515625 0.8796875
4 0.08125 0.88046875 0.1 0.86640625 0.1265625 0.79609375 0.1625 0.74140625 0.1515625 0.72109375 0.15290178571428573 0.697544642857143 0.1674107142857143 0.6785714285714286 0.13046875 0.6640625 0.11484375 0.665625 0.0984375 0.68359375 0.05 0.79453125 0.0484375 0.83203125 0.0546875 0.86328125 0.07265625 0.88125
4 0.05625 0.40859375 0.0671875 0.38046875 0.0984375 0.35390625 0.10546875 0.33125 0.13046875 0.31875 0.17734375 0.328125 0.2 0.31796875 0.2046875 0.30703125 0.19375 0.29140625 0.1890625 0.22890625 0.1796875 0.20703125 0.16640625 0.1953125 0.14140625 0.1953125 0.08515625 0.2171875 0.046875 0.26484375 0.040625 0.29140625 0.0390625 0.35546875 0.0453125 0.40546875
4 0.0640625 0.23984375 0.08515625 0.215625 0.12265625 0.196875 0.16484375 0.1921875 0.18828125 0.20625 0.19765625 0.1546875 0.2171875 0.16953125 0.2203125 0.15078125 0.2046875 0.12265625 0.203125 0.10078125 0.18515625 0.075 0.15546875 0.06875 0.11796875 0.08125 0.09765625 0.09375 0.0625 0.13046875 0.0515625 0.15859375 0.0484375 0.20546875 0.0578125 0.23828125
1 0.8015625 0.50859375 0.83515625 0.453125 0.84453125 0.4515625 0.85859375 0.4609375 0.8625 0.45703125 0.8578125 0.22890625 0.85390625 0.2203125 0.76953125 0.18125 0.71640625 0.1625 0.68671875 0.1609375 0.6859375 0.16953125 0.73125 0.20703125 0.74375 0.25390625 0.7578125 0.26328125 0.7578125 0.27421875 0.7453125 0.28359375 0.73125 0.31953125 0.71484375 0.3328125 0.69453125 0.33125 0.684375 0.33671875 0.6859375 0.35234375 0.6921875 0.35234375 0.696875 0.36796875 0.696875 0.42578125 0.70234375 0.434375 0.7078125 0.41640625 0.71796875 0.4578125 0.7203125 0.43046875 0.72578125 0.4296875 0.7296875 0.45703125 0.73359375 0.4625 0.73828125 0.4484375 0.7484375 0.46640625 0.740625 0.47109375 0.74921875 0.4765625 0.75390625 0.446875 0.7640625 0.48046875 0.77109375 0.4765625 0.775 0.48203125 0.7640625 0.48828125 0.77265625 0.490625 0.78046875 0.5046875 0.784375 0.49296875 0.79140625 0.49375 0.7953125 0.50078125 0.7859375 0.50390625 0.79765625 0.503125
1 0.2125 0.35859375 0.22421875 0.3453125 0.22734375 0.35 0.24140625 0.346875 0.234375 0.34296875 0.23984375 0.3328125 0.27109375 0.33125 0.28359375 0.3359375 0.28671875 0.33125 0.29921875 0.3359375 0.32578125 0.3328125 0.328125 0.34296875 0.3234375 0.34609375 0.34140625 0.3546875 0.38671875 0.346875 0.3765625 0.33828125 0.38046875 0.3328125 0.40859375 0.3375 0.41953125 0.3328125 0.42421875 0.340625 0.42890625 0.3328125 0.43984375 0.3375 0.45234375 0.334375 0.45703125 0.3515625 0.47578125 0.346875 0.47578125 0.3328125 0.484375 0.33359375 0.48671875 0.35 0.49296875 0.3328125 0.50234375 0.3484375 0.50703125 0.3328125 0.51953125 0.3375 0.53046875 0.33125 0.53515625 0.3375 0.54609375 0.33125 0.54921875 0.3359375 0.559375 0.33046875 0.55859375 0.3203125 0.56484375 0.334375 0.56953125 0.315625 0.58203125 0.3359375 0.584375 0.31640625 0.590625 0.31484375 0.5875 0.30546875 0.59296875 0.3015625 0.5953125 0.32421875 0.60859375 0.3015625 0.61328125 0.3234375 0.615625 0.30234375 0.62421875 0.296875 0.62890625 0.3234375 0.63125 0.29921875 0.63984375 0.2859375 0.64453125 0.321875 0.65078125 0.2984375 0.65625 0.29765625 0.66015625 0.3171875 0.6703125 0.31015625 0.6703125 0.30234375 0.66171875 0.2890625 0.57421875 0.2328125 0.54140625 0.221875 0.5203125 0.19921875 0.4890625 0.12578125 0.46640625 0.125 0.43984375 0.1015625 0.22890625 0.115625 0.2125 0.13046875 0.2234375 0.15078125 0.221875 0.16484375 0.21484375 0.175 0.20390625 0.165625 0.196875 0.16953125 0.19375 0.20859375 0.1875 0.21640625 0.196875 0.28984375 0.2203125 0.31328125 0.221875 0.32890625 0.21640625 0.321875 0.165625 0.33359375 0.16953125 0.34375