4 0.628125 0.41640625 0.63984375 0.3375 0.646875 0.37421875 0.65390625 0.38125 0.6578125 0.37421875 0.65625 0.30078125 0.69453125 0.2984375 0.7140625 0.28671875 0.70625 0.25859375 0.7203125 0.24609375 0.71875 0.23046875 0.57890625 0.1078125 0.53828125 0.09375 0.49921875 0.090625 0.465625 0.11015625 0.459375 0.13828125 0.4609375 0.19453125 0.478125 0.24296875 0.475 0.27734375 0.4859375 0.35703125 0.4953125 0.35859375 0.49375 0.28828125 0.49921875 0.275 0.5078125 0.28046875 0.50625 0.24609375 0.51484375 0.234375 0.54609375 0.25625 0.59765625 0.26875 0.60625 0.27734375 0.621875 0.35546875 0.6203125 0.40390625
4 0.2296875 0.33515625 0.2546875 0.32578125 0.2546875 0.28984375 0.2625 0.27109375 0.33515625 0.2 0.37265625 0.2 0.39609375 0.1765625 0.42734375 0.1828125 0.45 0.18046875 0.44375 0.11484375 0.4640625 0.11328125 0.43828125 0.0859375 0.42421875 0.090625 0.38515625 0.053125 0.35390625 0.0484375 0.27890625 0.090625 0.2453125 0.12578125 0.19375 0.20859375 0.18125 0.26953125 0.18125 0.28515625 0.1953125 0.31796875 0.21015625 0.3328125
4 0.11875 0.48984375 0.15 0.46484375 0.1453125 0.41171875 0.18125 0.31328125 0.184375 0.23515625 0.21875 0.16328125 0.21640625 0 0.2015625 0.00234375 0.16875 0.05703125 0.1671875 0.08828125 0.1328125 0.22109375 0.0796875 0.37578125 0.075 0.40234375 0.078125 0.44296875 0.0953125 0.48359375 0.10546875 0.490625
4 0.06875 0.45234375 0.075 0.44609375 0.078125 0.37578125 0.1328125 0.21796875 0.165625 0.09140625 0.16640625 0.03125 0.14140625 0.0375 0.13125 0.04921875 0.128125 0.07734375 0.06875 0.19921875 0.04375 0.27265625 0.028125 0.35703125 0.028125 0.43203125 0.04609375 0.4515625
4 0.0859375 0.59765625 0.10625 0.57421875 0.1015625 0.49140625 0.08671875 0.471875 0.071875 0.47421875 0.06953125 0.4546875 0.04453125 0.4484375 0.0453125 0.50546875 0.0640625 0.54609375 0.065625 0.56953125 0.078125 0.59609375
4 0.1 0.79609375 0.11953125 0.7859375 0.1265625 0.77421875 0.125 0.76171875 0.109375 0.74609375 0.128125 0.69296875 0.1875 0.67578125 0.1875 0.66640625 0.171875 0.65859375 0.1765625 0.64609375 0.171875 0.63046875 0.1859375 0.61328125 0.1859375 0.59921875 0.1609375 0.56953125 0.178125 0.55078125 0.17421875 0.5390625 0.15078125 0.559375 0.13828125 0.559375 0.10703125 0.578125 0.0671875 0.62578125 0.0546875 0.65546875 0.046875 0.72109375 0.05 0.76328125 0.059375 0.78359375 0.07265625 0.7953125
4 0.4515625 0.90390625 0.51484375 0.8875 0.56015625 0.8875 0.58203125 0.8765625 0.60078125 0.85625 0.61640625 0.859375 0.6328125 0.83203125 0.6234375 0.82578125 0.6234375 0.81171875 0.6375 0.77421875 0.6375 0.75390625 0.61953125 0.746875 0.57109375 0.753125 0.54453125 0.7703125 0.46953125 0.75625 0.43203125 0.7625 0.4171875 0.73984375 0.434375 0.71171875 0.4328125 0.69296875 0.42734375 0.690625 0.41328125 0.7109375 0.3875 0.72890625 0.3828125 0.75859375 0.365625 0.78984375 0.3609375 0.83203125 0.35 0.83984375 0.35 0.85234375 0.3640625 0.85859375 0.38828125 0.8953125 0.41328125 0.9046875
4 0.7390625 0.88984375 0.78828125 0.871875 0.81796875 0.871875 0.83203125 0.8625 0.84296875 0.88125 0.85625 0.87890625 0.859375 0.86796875 0.853125 0.83984375 0.871875 0.81953125 0.8734375 0.80234375 0.846875 0.79765625 0.82265625 0.75 0.80703125 0.7484375 0.78984375 0.765625 0.75546875 0.75 0.75078125 0.7296875 0.73046875 0.7296875 0.72109375 0.7328125 0.696875 0.76171875 0.6875 0.78046875 0.675 0.83984375 0.71015625 0.884375
4 0.8484375 0.77578125 0.85625 0.77109375 0.871875 0.69609375 0.8671875 0.52890625 0.853125 0.46484375 0.83671875 0.4421875 0.82421875 0.4375 0.8046875 0.45859375 0.8015625 0.51796875 0.790625 0.53828125 0.7921875 0.57578125 0.8015625 0.58359375 0.8109375 0.61328125 0.81875 0.74453125 0.8359375 0.77421875
4 0.8078125 0.45234375 0.86875 0.39609375 0.8765625 0.35234375 0.86875 0.30390625 0.8328125 0.23046875 0.76171875 0.1640625 0.72578125 0.1421875 0.71640625 0.1421875 0.7203125 0.15703125 0.69140625 0.1671875 0.6859375 0.18671875 0.69375 0.20390625 0.71875 0.22734375 0.721875 0.24765625 0.7359375 0.27109375 0.715625 0.34140625 0.72890625 0.3609375 0.73515625 0.359375 0.7453125 0.32734375 0.771875 0.31015625 0.7984375 0.37578125 0.8234375 0.39609375 0.8203125 0.41328125 0.803125 0.43515625 0.803125 0.45234375
1 0.7921875 0.75546875 0.809375 0.74140625 0.8125 0.71640625 0.809375 0.61796875 0.80625 0.60546875 0.790625 0.58828125 0.7890625 0.55234375 0.790625 0.53046875 0.8015625 0.50859375 0.8 0.43203125 0.8125 0.40078125 0.79296875 0.3796875 0.759375 0.40078125 0.75703125 0.41875 0.75078125 0.4109375 0.74375 0.41640625 0.74140625 0.434375 0.73359375 0.421875 0.7296875 0.42421875 0.7234375 0.50703125 0.728125 0.53359375 0.7265625 0.55078125 0.7140625 0.54765625 0.7109375 0.66015625 0.7125 0.73359375 0.75390625 0.725 0.76484375 0.746875