4 0.3828125 0.27109375 0.38515625 0.2359375 0.43828125 0.2578125 0.48671875 0.2375 0.51796875 0.2359375 0.55390625 0.24375 0.58671875 0.259375 0.575 0.22109375 0.565625 0.21328125 0.5671875 0.15703125 0.5484375 0.11484375 0.51484375 0.096875 0.43359375 0.084375 0.34296875 0.0859375 0.28671875 0.1015625 0.265625 0.16640625 0.29453125 0.178125 0.31640625 0.1953125
4 0.453125 0.49609375 0.4640625 0.48046875 0.4515625 0.40234375 0.4140625 0.31328125 0.32109375 0.2015625 0.28515625 0.175 0.24921875 0.1703125 0.225 0.21015625 0.2203125 0.27421875 0.1984375 0.32734375 0.20078125 0.346875 0.2125 0.33828125 0.209375 0.36796875 0.2234375 0.36484375 0.23125 0.33359375 0.24765625 0.315625 0.25703125 0.3140625 0.28125 0.37421875 0.31484375 0.3953125 0.33359375 0.4234375 0.36640625 0.4421875 0.38203125 0.421875 0.38671875 0.4234375 0.396875 0.43828125 0.4015625 0.46484375 0.44296875 0.4953125
4 0.6140625 0.53828125 0.64375 0.44609375 0.68984375 0.4484375 0.7078125 0.43828125 0.7109375 0.42421875 0.7 0.39765625 0.7 0.37421875 0.7125 0.36171875 0.7125 0.34296875 0.68515625 0.3421875 0.58203125 0.259375 0.55390625 0.2453125 0.49296875 0.2375 0.45546875 0.25 0.4453125 0.26171875 0.4328125 0.31640625 0.4328125 0.34609375 0.4515625 0.38515625 0.4546875 0.42890625 0.47890625 0.3875 0.48671875 0.3875 0.53671875 0.425 0.59453125 0.4234375 0.6078125 0.44609375 0.6109375 0.48984375 0.59375 0.51328125 0.590625 0.52890625 0.60546875 0.528125
4 0.3703125 0.64921875 0.35625 0.57265625 0.359375 0.55859375 0.37265625 0.5515625 0.41796875 0.553125 0.428125 0.53671875 0.4125 0.50390625 0.39375 0.43359375 0.38203125 0.4234375 0.36953125 0.446875 0.35703125 0.4421875 0.30390625 0.4 0.27109375 0.384375 0.22265625 0.4 0.19375 0.43984375 0.1859375 0.49921875 0.24375 0.64140625 0.25 0.64140625 0.2515625 0.61953125 0.2375 0.57734375 0.23671875 0.5453125 0.26953125 0.55625 0.31328125 0.5609375 0.325 0.58046875 0.33125 0.64453125 0.3390625 0.63671875 0.34296875 0.6046875 0.3546875 0.62265625 0.3578125 0.64140625
4 0.178125 0.48671875 0.184375 0.48359375 0.1921875 0.44140625 0.203125 0.41796875 0.253125 0.37734375 0.2453125 0.37421875 0.24453125 0.3578125 0.21640625 0.378125 0.1953125 0.37421875 0.19375 0.31015625 0.178125 0.25546875 0.2 0.21328125 0.2203125 0.19296875 0.2203125 0.18359375 0.21328125 0.18125 0.17734375 0.209375 0.171875 0.19609375 0.196875 0.14609375 0.19296875 0.1421875 0.15546875 0.16875 0.1421875 0.14453125 0.12890625 0.1375 0.1109375 0.20078125 0.10625 0.20078125 0.115625 0.40546875 0.15 0.47578125 0.16015625 0.484375
4 0.11875 0.53515625 0.1375 0.50390625 0.16015625 0.4953125 0.1609375 0.48828125 0.1484375 0.47578125 0.1140625 0.41171875 0.109375 0.31015625 0.0984375 0.27890625 0.10625 0.24453125 0.0890625 0.21796875 0.08125 0.16484375 0.07421875 0.1578125 0.0390625 0.21953125 0.0359375 0.23515625 0.04375 0.24921875 0.05 0.42265625 0.065625 0.46796875 0.071875 0.51484375 0.10078125 0.5328125
4 0.1875 0.69609375 0.2078125 0.68828125 0.2171875 0.65859375 0.2390625 0.63828125 0.2390625 0.63046875 0.22734375 0.60625 0.20390625 0.5953125 0.1734375 0.56640625 0.1703125 0.55546875 0.1796875 0.51796875 0.17265625 0.515625 0.13828125 0.5546875 0.11015625 0.5359375 0.08671875 0.53125 0.07578125 0.5375 0.065625 0.49140625 0.05234375 0.465625 0.0390625 0.59765625 0.0546875 0.64296875 0.08359375 0.6734375 0.10234375 0.684375 0.14296875 0.6859375 0.16953125 0.696875
4 0.178125 0.83984375 0.22109375 0.8171875 0.2546875 0.78046875 0.2484375 0.77265625 0.253125 0.72890625 0.23671875 0.640625 0.21875 0.65703125 0.2109375 0.68515625 0.18828125 0.6984375 0.16640625 0.696875 0.14609375 0.6875 0.11796875 0.6953125 0.0859375 0.68046875 0.0875 0.71484375 0.0671875 0.75546875 0.0703125 0.79921875 0.09140625 0.828125
4 0.6140625 0.90234375 0.63828125 0.89375 0.6640625 0.89296875 0.65625 0.85390625 0.66875 0.83671875 0.63515625 0.8015625 0.6171875 0.79140625 0.6140625 0.75234375 0.60078125 0.7359375 0.59296875 0.7359375 0.56796875 0.765625 0.51171875 0.7171875 0.47890625 0.721875 0.471875 0.71796875 0.4640625 0.67265625 0.46875 0.60078125 0.46328125 0.59375 0.45234375 0.615625 0.45 0.59296875 0.44296875 0.5859375 0.4265625 0.70859375 0.403125 0.76015625 0.403125 0.78984375 0.4140625 0.82109375 0.45546875 0.8703125 0.49765625 0.8984375
4 0.728125 0.86171875 0.7453125 0.84453125 0.7578125 0.81953125 0.7625 0.76796875 0.7828125 0.69296875 0.77265625 0.6640625 0.753125 0.70859375 0.73046875 0.7328125 0.7078125 0.67109375 0.665625 0.63203125 0.65546875 0.484375 0.63203125 0.5765625 0.61640625 0.578125 0.55703125 0.540625 0.540625 0.54609375 0.5375 0.55546875 0.5515625 0.60390625 0.53828125 0.6078125 0.5265625 0.62109375 0.5453125 0.64453125 0.5375 0.68671875 0.55234375 0.6875 0.56484375 0.678125 0.621875 0.76015625 0.6453125 0.81171875 0.69609375 0.85625
1 0.7609375 0.85078125 0.82578125 0.8328125 0.8375 0.82578125 0.8421875 0.81328125 0.8640625 0.41171875 0.8578125 0.23515625 0.8546875 0.22578125 0.83828125 0.2140625 0.75703125 0.1734375 0.61640625 0.1328125 0.58203125 0.128125 0.571875 0.14140625 0.5734375 0.19609375 0.578125 0.19609375 0.58125 0.22890625 0.5984375 0.26640625 0.66015625 0.31875 0.68671875 0.3109375 0.6921875 0.33671875 0.71171875 0.3390625 0.715625 0.34453125 0.7140625 0.36328125 0.7015625 0.38046875 0.7109375 0.41953125 0.709375 0.43984375 0.68671875 0.4515625 0.64765625 0.45 0.6390625 0.46640625 0.6359375 0.49453125 0.63984375 0.50625 0.65 0.47578125 0.6625 0.47578125 0.6671875 0.62890625 0.7109375 0.67109375 0.73203125 0.725 0.75 0.70703125 0.7640625 0.66796875 0.77421875 0.659375 0.7796875 0.66171875 0.7796875 0.68359375 0.7859375 0.69609375 0.765625 0.76953125 0.7609375 0.82265625 0.7484375 0.84765625
1 0.5703125 0.76015625 0.5890625 0.72890625 0.56640625 0.6859375 0.5359375 0.68984375 0.5421875 0.64765625 0.5234375 0.62109375 0.546875 0.59609375 0.5359375 0.56328125 0.5359375 0.54140625 0.53046875 0.559375 0.515625 0.56015625 0.53125 0.56328125 0.52734375 0.5734375 0.48671875 0.575 0.46796875 0.56875 0.45546875 0.5734375 0.45390625 0.5640625 0.4984375 0.56171875 0.44765625 0.5609375 0.44765625 0.56875 0.4375 0.56953125 0.4375 0.58984375 0.4265625 0.59296875 0.43828125 0.5953125 0.44765625 0.5828125 0.45234375 0.6109375 0.46328125 0.5921875 0.4703125 0.60234375 0.465625 0.67421875 0.475 0.71796875 0.51640625 0.7171875 0.55859375 0.75625