1 0.759375 0.60390625 0.796875 0.58828125 0.815625 0.54765625 0.840625 0.53359375 0.8578125 0.50390625 0.8625 0.42890625 0.859375 0.23203125 0.85078125 0.221875 0.77109375 0.18125 0.68828125 0.153125 0.60390625 0.1375 0.5875 0.15703125 0.5828125 0.18515625 0.5875 0.18828125 0.5875 0.20703125 0.6265625 0.27734375 0.6296875 0.30234375 0.615625 0.32890625 0.6171875 0.37578125 0.5921875 0.39765625 0.60390625 0.409375 0.63125 0.41796875 0.634375 0.43984375 0.6515625 0.46328125 0.6421875 0.48359375 0.6484375 0.50703125 0.6296875 0.52578125 0.6328125 0.53515625 0.628125 0.53671875 0.646875 0.54609375 0.63671875 0.546875 0.63671875 0.5546875 0.67578125 0.5578125 0.68203125 0.5703125 0.69140625 0.5609375 0.6953125 0.56640625 0.690625 0.56953125 0.70234375 0.575 0.72109375 0.55625 0.7375 0.57734375 0.7375 0.59609375
4 0.2796875 0.48515625 0.2875 0.46953125 0.2953125 0.41015625 0.31171875 0.3734375 0.34921875 0.4 0.42421875 0.3890625 0.43203125 0.3953125 0.540625 0.39296875 0.55 0.37265625 0.51875 0.29453125 0.47890625 0.2484375 0.45703125 0.2390625 0.42890625 0.2375 0.38359375 0.2140625 0.33828125 0.2125 0.31015625 0.21875 0.26875 0.25703125 0.25625 0.30234375 0.25625 0.33515625 0.2703125 0.37265625 0.2640625 0.47890625
4 0.6078125 0.38046875 0.6140625 0.37109375 0.6125 0.32265625 0.625 0.30859375 0.6265625 0.28671875 0.5890625 0.21796875 0.5421875 0.15234375 0.50859375 0.115625 0.47578125 0.0953125 0.41953125 0.0796875 0.37421875 0.0875 0.35 0.13359375 0.346875 0.17421875 0.334375 0.18515625 0.325 0.20859375 0.38671875 0.2125 0.42890625 0.2359375 0.47578125 0.2453125 0.515625 0.28203125 0.5390625 0.34765625 0.54453125 0.3515625 0.55390625 0.3390625 0.60078125 0.38125
4 0.253125 0.29765625 0.2625 0.26015625 0.3 0.22265625 0.309375 0.20078125 0.3125 0.16953125 0.3015625 0.13984375 0.27421875 0.1125 0.23515625 0.1015625 0.20703125 0.103125 0.17421875 0.1171875 0.14921875 0.1140625 0.13046875 0.1296875 0.10859375 0.1203125 0.1125 0.14453125 0.09375 0.16640625 0.096875 0.21484375 0.15234375 0.2546875 0.16796875 0.2390625 0.20234375 0.25625 0.24453125 0.253125
4 0.215625 0.66015625 0.2203125 0.63984375 0.23359375 0.6421875 0.2390625 0.63671875 0.2390625 0.60234375 0.2296875 0.58046875 0.2328125 0.56640625 0.2484375 0.58046875 0.26796875 0.6203125 0.275 0.61484375 0.2734375 0.59765625 0.2578125 0.56640625 0.2375 0.49765625 0.2140625 0.45234375 0.1890625 0.31171875 0.15078125 0.2546875 0.12109375 0.2453125 0.1 0.29296875 0.0984375 0.36640625 0.10625 0.39609375 0.11484375 0.390625 0.11875 0.39453125 0.13125 0.43984375 0.1453125 0.45703125 0.1578125 0.48984375 0.1625 0.53203125 0.18125 0.57734375 0.1828125 0.63828125 0.19609375 0.6328125 0.2046875 0.65546875
4 0.071875 0.56171875 0.08125 0.46171875 0.08828125 0.453125 0.1234375 0.43828125 0.12265625 0.43125 0.1046875 0.42578125 0.0859375 0.39765625 0.0984375 0.27265625 0.09375 0.23984375 0.096875 0.20390625 0.090625 0.17265625 0.08359375 0.165625 0.07265625 0.1671875 0.0609375 0.18203125 0.0484375 0.22421875 0.0359375 0.34765625 0.0375 0.46484375 0.028125 0.47578125 0.0390625 0.52265625 0.0578125 0.54296875 0.065625 0.56171875
4 0.2953125 0.97890625 0.31328125 0.965625 0.39296875 0.93125 0.42109375 0.925 0.43984375 0.915625 0.4546875 0.89921875 0.465625 0.86953125 0.4671875 0.84296875 0.459375 0.79921875 0.43984375 0.7515625 0.39765625 0.784375 0.38046875 0.80625 0.34921875 0.8109375 0.31171875 0.834375 0.27890625 0.840625 0.25234375 0.865625 0.24296875 0.8546875 0.23125 0.86796875 0.228125 0.92265625 0.234375 0.93984375 0.2484375 0.94921875 0.26484375 0.9734375
4 0.540625 0.99921875 0.55234375 0.99375 0.6046875 0.93828125 0.671875 0.82890625 0.678125 0.77265625 0.659375 0.73671875 0.63203125 0.71875 0.61171875 0.690625 0.6015625 0.69609375 0.6078125 0.72109375 0.603125 0.76640625 0.559375 0.81484375 0.53125 0.86640625 0.52109375 0.8640625 0.5078125 0.87734375 0.4984375 0.89921875 0.47890625 0.915625 0.46484375 0.9015625 0.45546875 0.9015625 0.4484375 0.91015625 0.4515625 0.93828125 0.4625 0.95546875 0.4640625 0.97421875 0.45625 0.97890625 0.46171875 0.9875 0.51171875 1
4 0.7265625 0.89609375 0.8265625 0.85234375 0.8546875 0.80390625 0.8578125 0.76796875 0.84921875 0.7390625 0.82734375 0.7328125 0.81171875 0.7203125 0.796875 0.73203125 0.78671875 0.7515625 0.76953125 0.74375 0.75703125 0.7625 0.74453125 0.7671875 0.72578125 0.7640625 0.70546875 0.746875 0.696875 0.74921875 0.6765625 0.80234375 0.671875 0.84765625 0.69609375 0.8875
4 0.7421875 0.76640625 0.7609375 0.75703125 0.7734375 0.72890625 0.803125 0.70390625 0.8484375 0.64921875 0.8609375 0.60078125 0.87578125 0.6 0.8875 0.58515625 0.884375 0.56796875 0.87109375 0.5625 0.8640625 0.55078125 0.865625 0.52265625 0.86015625 0.5140625 0.85 0.52109375 0.84296875 0.5390625 0.81875 0.54765625 0.8046875 0.58359375 0.78984375 0.5984375 0.75703125 0.6125 0.73828125 0.6015625 0.721875 0.60078125 0.7265625 0.57265625 0.7171875 0.56171875 0.696875 0.61953125 0.696875 0.63203125 0.703125 0.63828125 0.703125 0.73515625 0.71484375 0.75625
1 0.578125 0.77578125 0.5953125 0.76484375 0.6015625 0.75078125 0.5984375 0.69296875 0.60859375 0.684375 0.6234375 0.68515625 0.621875 0.66328125 0.63125 0.66015625 0.625 0.65546875 0.6328125 0.64140625 0.61875 0.63359375 0.61640625 0.6234375 0.596875 0.62109375 0.60078125 0.6078125 0.59296875 0.6140625 0.57734375 0.60625 0.5703125 0.60859375 0.57109375 0.6140625 0.56171875 0.60625 0.55234375 0.6078125 0.5625 0.61484375 0.55390625 0.615625 0.55625 0.62109375 0.54921875 0.6234375 0.540625 0.62109375 0.540625 0.61171875 0.5484375 0.60859375 0.54140625 0.603125 0.52890625 0.60625 0.525 0.61953125 0.50859375 0.6296875 0.5015625 0.61953125 0.515625 0.61484375 0.50390625 0.6140625 0.4859375 0.59609375 0.48125 0.57734375 0.46796875 0.571875 0.4703125 0.59765625 0.459375 0.60859375 0.47421875 0.6109375 0.48125 0.62578125 0.4890625 0.62890625 0.47578125 0.63125 0.471875 0.63828125 0.4734375 0.67890625 0.4796875 0.68671875 0.4734375 0.69453125 0.4765625 0.71484375 0.47109375 0.7203125 0.46328125 0.7140625 0.4671875 0.72265625 0.45546875 0.734375 0.45 0.72578125 0.45 0.73359375 0.4609375 0.73828125 0.4609375 0.75390625 0.4734375 0.75390625 0.465625 0.74765625 0.4734375 0.73984375 0.465625 0.73046875 0.47109375 0.725 0.4796875 0.74140625 0.478125 0.75390625 0.48359375 0.759375 0.49140625 0.753125 0.49921875 0.775 0.503125 0.76796875 0.4984375 0.76171875 0.50703125 0.753125 0.51328125 0.775 0.52109375 0.759375 0.5234375 0.76953125 0.53203125 0.7734375 0.53828125 0.7578125 0.54140625 0.771875 0.54921875 0.771875 0.55390625 0.7609375 0.56015625 0.775 0.56953125 0.765625