1 0.365625 0.23984375 0.3703125 0.23515625 0.3609375 0.22265625 0.3609375 0.21171875 0.3796875 0.18203125 0.375 0.17109375 0.3796875 0.16171875 0.3640625 0.14921875 0.365625 0.13515625 0.371875 0.13515625 0.3703125 0.14609375 0.37578125 0.1484375 0.37890625 0.1375 0.41015625 0.1359375 0.446875 0.11015625 0.36171875 0.1046875 0.27890625 0.1109375 0.275 0.19296875 0.2875 0.23203125 0.29765625 0.2390625
1 0.6921875 0.37421875 0.7 0.36484375 0.69375 0.36328125 0.6984375 0.35703125 0.690625 0.32421875 0.6734375 0.31484375 0.6875 0.29765625 0.6984375 0.26015625 0.7109375 0.23984375 0.74140625 0.2046875 0.775 0.18515625 0.69453125 0.153125 0.65390625 0.14375 0.6546875 0.16953125 0.6625 0.17890625 0.6546875 0.23671875 0.64453125 0.253125 0.6078125 0.28203125 0.5984375 0.30546875 0.56875 0.32421875 0.5671875 0.33515625 0.57734375 0.3421875 0.58203125 0.334375 0.58515625 0.34375 0.59296875 0.34375 0.60078125 0.3328125 0.60859375 0.3453125 0.61328125 0.328125 0.62421875 0.346875 0.63203125 0.3359375 0.6328125 0.34453125 0.64140625 0.35 0.68671875 0.3578125
1 0.821875 0.42421875 0.83515625 0.4109375 0.8546875 0.41328125 0.8578125 0.35703125 0.85234375 0.34375 0.82734375 0.3390625 0.81484375 0.3296875 0.79140625 0.3609375 0.765625 0.37265625 0.7625 0.39921875 0.76640625 0.4125 0.77734375 0.4078125
1 0.8015625 0.58984375 0.8140625 0.49609375 0.79609375 0.475 0.77578125 0.475 0.76640625 0.4640625 0.74921875 0.471875 0.7304687499999999 0.4140625 0.7200520833333333 0.38411458333333337 0.6705729166666666 0.38411458333333337 0.6679687499999999 0.4830729166666667 0.7070312499999999 0.5130208333333333 0.721875 0.51015625 0.7125 0.53046875 0.73046875 0.5265625 0.734375 0.51328125 0.74140625 0.5125 0.7703125 0.54609375 0.7953125 0.58828125
4 0.5578125 0.33359375 0.6015625 0.29921875 0.60625 0.28203125 0.6453125 0.24765625 0.6546875 0.23046875 0.6609375 0.18046875 0.6421875 0.13828125 0.60390625 0.109375 0.54453125 0.10625 0.51015625 0.1171875 0.45546875 0.1125 0.40859375 0.1390625 0.39609375 0.140625 0.38125 0.16171875 0.38125 0.18203125 0.3640625 0.20859375 0.3640625 0.22265625 0.375 0.22890625 0.375 0.23984375 0.38828125 0.24375 0.39296875 0.2390625 0.39375 0.25546875 0.40859375 0.26875 0.44765625 0.271875 0.47578125 0.246875 0.53515625 0.265625 0.57578125 0.265625 0.5765625 0.28515625 0.5484375 0.31953125 0.55 0.33046875
4 0.3171875 0.47109375 0.3375 0.44453125 0.3390625 0.38984375 0.3515625 0.36171875 0.4234375 0.29921875 0.425 0.27890625 0.40390625 0.271875 0.38046875 0.246875 0.33828125 0.2375 0.30078125 0.2421875 0.26796875 0.234375 0.21328125 0.2359375 0.18828125 0.2484375 0.16875 0.29296875 0.1734375 0.35234375 0.1546875 0.43203125 0.1625 0.42890625 0.17734375 0.39375 0.184375 0.46328125 0.18984375 0.4703125 0.1953125 0.39921875 0.2015625 0.37734375 0.21328125 0.3625 0.24609375 0.3921875 0.28359375 0.3890625 0.29921875 0.38125 0.321875 0.42890625 0.309375 0.46015625 0.309375 0.46796875
4 0.75625 0.46328125 0.76015625 0.4578125 0.7703125 0.46015625 0.7609375 0.41171875 0.7640625 0.37109375 0.78984375 0.3609375 0.81484375 0.3265625 0.82734375 0.3375 0.84453125 0.3390625 0.85 0.33359375 0.846875 0.29921875 0.8546875 0.27421875 0.8640625 0.27109375 0.86875 0.25859375 0.86875 0.23828125 0.85625 0.21171875 0.86015625 0.1890625 0.83984375 0.1953125 0.81640625 0.1890625 0.80078125 0.2015625 0.76171875 0.1984375 0.74609375 0.2046875 0.703125 0.25390625 0.69375 0.29140625 0.68125 0.30703125 0.6921875 0.31640625 0.703125 0.36171875 0.725 0.38359375 0.7421875 0.44921875
4 0.8359375 0.83203125 0.8546875 0.82109375 0.8703125 0.72734375 0.8734375 0.53359375 0.86875 0.45234375 0.8625 0.43046875 0.84453125 0.4109375 0.83359375 0.4125 0.81953125 0.428125 0.80859375 0.41875 0.77265625 0.409375 0.7734375 0.42421875 0.7984375 0.44609375 0.775 0.46328125 0.775 0.47265625 0.79765625 0.4734375 0.815625 0.49453125 0.8046875 0.56796875 0.80625 0.61640625 0.825 0.72265625 0.825 0.82890625
4 0.80625 0.84765625 0.821875 0.82890625 0.8265625 0.77734375 0.8109375 0.63671875 0.7890625 0.57890625 0.7703125 0.54765625 0.73828125 0.515625 0.73515625 0.528125 0.72265625 0.528125 0.709375 0.53984375 0.6984375 0.59296875 0.6671875 0.64296875 0.6640625 0.66015625 0.67109375 0.671875 0.68671875 0.653125 0.7171875 0.65546875 0.7296875 0.70859375 0.7578125 0.75234375 0.740625 0.79609375 0.75390625 0.8140625
4 0.7296875 0.91328125 0.7359375 0.89921875 0.734375 0.87734375 0.74765625 0.85625 0.7625 0.85078125 0.7671875 0.83515625 0.75546875 0.81875 0.7453125 0.81484375 0.7203125 0.77421875 0.7078125 0.74921875 0.7 0.70859375 0.69296875 0.703125 0.675 0.70703125 0.6828125 0.72109375 0.67890625 0.7421875 0.61953125 0.703125 0.57421875 0.7125 0.54375 0.66015625 0.5390625 0.59921875 0.53046875 0.5953125 0.52578125 0.60625 0.51796875 0.6015625 0.5140625 0.62578125 0.525 0.70859375 0.50625 0.75234375 0.50625 0.78671875 0.515625 0.81171875 0.5125 0.83359375 0.53203125 0.8390625 0.55390625 0.859375 0.60234375 0.8828125 0.66328125 0.8828125 0.68828125 0.8953125 0.71015625 0.89375 0.7171875 0.90703125
4 0.425 0.91484375 0.4125 0.89453125 0.42265625 0.884375 0.44296875 0.8828125 0.4453125 0.86328125 0.4328125 0.84609375 0.4328125 0.81640625 0.40859375 0.809375 0.4 0.79609375 0.43515625 0.784375 0.4453125 0.77265625 0.44140625 0.7640625 0.40859375 0.765625 0.37421875 0.753125 0.34296875 0.7671875 0.31953125 0.7609375 0.28828125 0.734375 0.265625 0.72578125 0.290625 0.70390625 0.29375 0.69453125 0.28671875 0.6859375 0.24453125 0.7 0.19375 0.73203125 0.184375 0.74921875 0.178125 0.79140625 0.2 0.84296875 0.22109375 0.86875 0.26328125 0.88125 0.31953125 0.8859375 0.35078125 0.9015625 0.37109375 0.9015625 0.38671875 0.89375 0.40234375 0.9125
4 0.125 0.78984375 0.128125 0.77734375 0.1109375 0.75390625 0.1015625 0.72109375 0.1015625 0.67578125 0.1265625 0.61796875 0.1359375 0.56640625 0.15234375 0.56875 0.17734375 0.6 0.1828125 0.59609375 0.1859375 0.56796875 0.146875 0.50234375 0.1453125 0.46796875 0.1359375 0.43671875 0.12734375 0.4265625 0.11328125 0.425 0.1 0.43515625 0.0828125 0.46328125 0.053125 0.56640625 0.0375 0.72109375 0.0390625 0.74296875 0.05703125 0.7859375 0.06875 0.78046875 0.08515625 0.746875 0.10625 0.77890625
4 0.0484375 0.56953125 0.05625 0.55859375 0.0875 0.45234375 0.0875 0.32109375 0.0984375 0.30390625 0.0890625 0.22734375 0.0796875 0.20234375 0.0625 0.19296875 0.06640625 0.184375 0.0484375 0.18671875 0.028125 0.42109375 0.03125 0.53984375 0.0390625 0.56484375 0.0484375 0.56953125