1 0.7546875 0.49140625 0.7640625 0.41328125 0.7625 0.30546875 0.75703125 0.296875 0.74765625 0.321875 0.73203125 0.3171875 0.70625 0.29765625 0.7 0.28359375 0.6765625 0.26328125 0.6640625 0.23671875 0.65546875 0.234375 0.65 0.24921875 0.6609375 0.28359375 0.653125 0.29609375 0.66015625 0.3078125 0.66328125 0.3015625 0.6671875 0.30546875 0.66875 0.31796875 0.6625 0.33828125 0.67421875 0.35 0.68125 0.34609375 0.68125 0.36640625 0.6734375 0.36953125 0.675 0.38828125 0.67890625 0.371875 0.68125 0.38984375 0.703125 0.40859375 0.6984375 0.41640625 0.71875 0.43984375 0.7125 0.44296875 0.721875 0.44765625 0.71796875 0.4515625 0.75 0.45546875
4 0.503125 0.33828125 0.5015625 0.31484375 0.4796875 0.28359375 0.4890625 0.27421875 0.4890625 0.26015625 0.52578125 0.25625 0.56015625 0.24375 0.57578125 0.2734375 0.60546875 0.2765625 0.6125 0.26953125 0.615625 0.24921875 0.665625 0.19453125 0.6703125 0.16484375 0.65625 0.14296875 0.65546875 0.125 0.62890625 0.121875 0.60546875 0.10625 0.57578125 0.109375 0.53046875 0.090625 0.50703125 0.0875 0.45859375 0.090625 0.43203125 0.103125 0.4140625 0.11953125 0.39375 0.16640625 0.4015625 0.21328125 0.4484375 0.27421875 0.453125 0.29453125
4 0.846875 0.31796875 0.846875 0.24765625 0.828125 0.23671875 0.80546875 0.2 0.76484375 0.1640625 0.73203125 0.146875 0.69765625 0.1453125 0.6765625 0.15859375 0.6578125 0.21953125 0.6640625 0.22109375 0.678125 0.25859375 0.7046875 0.28359375 0.71171875 0.3 0.74296875 0.3171875 0.74375 0.30234375 0.728125 0.28671875 0.73828125 0.278125 0.76640625 0.284375 0.79609375 0.3140625
4 0.7828125 0.53984375 0.80390625 0.5375 0.821875 0.52109375 0.8484375 0.45234375 0.8609375 0.37421875 0.884375 0.28671875 0.878125 0.22890625 0.86796875 0.2078125 0.8578125 0.21171875 0.846875 0.23671875 0.84375 0.26796875 0.85 0.31796875 0.80234375 0.3171875 0.78046875 0.359375 0.77265625 0.3109375 0.7671875 0.31953125 0.7640625 0.48671875
4 0.8640625 0.78203125 0.865625 0.75703125 0.878125 0.73359375 0.8765625 0.71796875 0.9 0.65390625 0.9046875 0.51796875 0.8859375 0.44296875 0.8703125 0.41484375 0.85859375 0.40625 0.834375 0.49765625 0.8140625 0.53828125 0.8109375 0.58515625 0.81875 0.58359375 0.828125 0.54296875 0.83515625 0.5375 0.8453125 0.60078125 0.821875 0.67421875 0.840625 0.66796875 0.8359375 0.71171875 0.825 0.74609375 0.83203125 0.75625 0.84921875 0.753125 0.85625 0.77890625
4 0.83125 0.85234375 0.86015625 0.8453125 0.86796875 0.83125 0.8796875 0.82734375 0.8828125 0.80546875 0.84296875 0.7609375 0.7984375 0.72890625 0.778125 0.67578125 0.76328125 0.65625 0.75078125 0.6515625 0.72890625 0.6546875 0.7 0.69296875 0.6984375 0.73203125 0.70625 0.76796875 0.71875 0.77890625 0.73984375 0.8203125 0.77421875 0.83125 0.77890625 0.840625 0.81640625 0.853125
4 0.615625 0.90859375 0.68671875 0.890625 0.71484375 0.8953125 0.74296875 0.88125 0.75 0.86171875 0.76796875 0.853125 0.775 0.83671875 0.75546875 0.828125 0.7453125 0.85078125 0.7453125 0.82890625 0.7328125 0.81640625 0.70234375 0.7578125 0.68671875 0.7609375 0.67421875 0.775 0.64609375 0.753125 0.61796875 0.7515625 0.6046875 0.76484375 0.6109375 0.78046875 0.62109375 0.7921875 0.63203125 0.784375 0.64453125 0.784375 0.6546875 0.80546875 0.653125 0.82734375 0.6265625 0.84765625 0.6234375 0.87578125 0.59921875 0.878125 0.590625 0.86328125 0.57421875 0.853125 0.54296875 0.8546875 0.5390625 0.86015625 0.55859375 0.8953125 0.58515625 0.9078125
4 0.609375 0.87578125 0.625 0.85234375 0.6265625 0.83203125 0.64765625 0.83125 0.6578125 0.81953125 0.65 0.79140625 0.64453125 0.7921875 0.63984375 0.7828125 0.61640625 0.7875 0.6046875 0.77265625 0.603125 0.75859375 0.590625 0.74609375 0.60625 0.74140625 0.609375 0.71640625 0.60078125 0.715625 0.57734375 0.73125 0.55390625 0.7046875 0.52734375 0.696875 0.47265625 0.646875 0.43984375 0.63125 0.38671875 0.565625 0.36953125 0.56875 0.3515625 0.58671875 0.3375 0.63046875 0.340625 0.67421875 0.359375 0.71171875 0.52578125 0.846875 0.54453125 0.8546875 0.58828125 0.8546875
4 0.159375 0.91796875 0.1625 0.90703125 0.1890625 0.88359375 0.2 0.84765625 0.225 0.81953125 0.2375 0.77890625 0.2703125 0.73203125 0.284375 0.70078125 0.284375 0.68828125 0.26875 0.68515625 0.2515625 0.64453125 0.23828125 0.634375 0.22265625 0.6375 0.2015625 0.66015625 0.1328125 0.80546875 0.128125 0.83984375 0.134375 0.88828125 0.14375 0.91484375
4 0.115625 0.63359375 0.1109375 0.49609375 0.09375 0.44140625 0.0953125 0.38203125 0.0875 0.32109375 0.1 0.28828125 0.1 0.26953125 0.08046875 0.240625 0.06328125 0.2375 0.0515625 0.24765625 0.04375 0.26796875 0.034375 0.33515625 0.034375 0.39296875 0.05 0.52734375 0.0859375 0.62578125 0.09453125 0.6109375 0.1046875 0.63046875
4 0.19375 0.28828125 0.221875 0.27890625 0.225 0.26171875 0.2375 0.25234375 0.2453125 0.23515625 0.2546875 0.20234375 0.26171875 0.1921875 0.2734375 0.19609375 0.246875 0.12421875 0.22421875 0.1078125 0.20078125 0.1046875 0.10546875 0.1296875 0.0671875 0.17734375 0.0734375 0.20078125 0.0640625 0.21953125 0.065625 0.23359375 0.08359375 0.2375 0.09921875 0.2546875 0.11484375 0.2546875 0.12890625 0.2390625 0.13828125 0.2390625 0.15546875 0.2578125 0.18359375 0.259375 0.1875 0.26328125 0.18125 0.28828125