1 0.803125 0.79765625 0.8203125 0.78046875 0.8375 0.70859375 0.8328125 0.67578125 0.815625 0.65390625 0.815625 0.64296875 0.82578125 0.628125 0.84765625 0.625 0.8546875 0.60703125 0.8625 0.40703125 0.85625 0.22421875 0.78203125 0.1875 0.65859375 0.140625 0.50390625 0.1140625 0.47890625 0.1140625 0.46796875 0.121875 0.43671875 0.1109375 0.39765625 0.1140625 0.3875 0.12265625 0.3984375 0.12578125 0.4 0.24921875 0.421875 0.25234375 0.4140625 0.27890625 0.43125 0.28359375 0.43125 0.31015625 0.4375 0.31484375 0.43125 0.34140625 0.43984375 0.359375 0.453125 0.36171875 0.4484375 0.36953125 0.453125 0.40390625 0.4671875 0.40859375 0.4625 0.42109375 0.4703125 0.42421875 0.47265625 0.4359375 0.4859375 0.43984375 0.490625 0.45234375 0.484375 0.45859375 0.4921875 0.46328125 0.49375 0.47578125 0.50703125 0.4765625 0.5109375 0.49765625 0.5234375 0.50234375 0.5171875 0.50390625 0.5140625 0.51484375 0.52265625 0.5078125 0.53046875 0.5171875 0.5390625 0.50078125 0.5390625 0.57265625 0.56171875 0.5625 0.57421875 0.5375 0.584375 0.54453125 0.5875 0.56640625 0.60859375 0.584375 0.615625 0.57734375 0.609375 0.55234375 0.61640625 0.5421875 0.63515625 0.5515625 0.66328125 0.5484375 0.68671875 0.5578125 0.70390625 0.5875 0.75390625 0.5625 0.76171875 0.5640625 0.78125 0.63359375 0.784375 0.79765625
4 0.771875 0.94609375 0.78203125 0.9359375 0.82265625 0.9203125 0.840625 0.90390625 0.88125 0.83359375 0.9078125 0.74140625 0.91484375 0.6140625 0.90390625 0.625 0.88671875 0.6140625 0.87578125 0.6140625 0.8234375 0.64296875 0.8453125 0.65703125 0.853125 0.69453125 0.8171875 0.80390625 0.7796875 0.82265625 0.778125 0.83359375 0.7859375 0.84765625 0.7734375 0.85859375 0.7703125 0.89921875 0.759375 0.93046875 0.7609375 0.94609375
4 0.73125 0.96171875 0.75 0.95234375 0.771875 0.88046875 0.7765625 0.64296875 0.75859375 0.565625 0.73515625 0.5796875 0.72109375 0.58125 0.7046875 0.59609375 0.7046875 0.64765625 0.6921875 0.75546875 0.6984375 0.84921875 0.690625 0.85859375 0.690625 0.88359375 0.7078125 0.93515625 0.703125 0.95390625 0.71640625 0.9625
4 0.5859375 0.98828125 0.6109375 0.98203125 0.6046875 0.96953125 0.628125 0.95546875 0.6484375 0.91484375 0.7015625 0.66484375 0.7046875 0.61796875 0.690625 0.56640625 0.65703125 0.55 0.63203125 0.5578125 0.61953125 0.55 0.6171875 0.55546875 0.6234375 0.60859375 0.6203125 0.65703125 0.5734375 0.92578125 0.5578125 0.96640625 0.56640625 0.9875
4 0.546875 0.99765625 0.5515625 0.99453125 0.55 0.97109375 0.5734375 0.92109375 0.6171875 0.66328125 0.6140625 0.60859375 0.6046875 0.58671875 0.5796875 0.56953125 0.57890625 0.546875 0.56796875 0.5671875 0.5453125 0.57890625 0.53125 0.60703125 0.528125 0.69609375 0.5125 0.74609375 0.5078125 0.82109375 0.49375 0.85234375 0.4890625 0.88203125 0.49375 0.95078125 0.4765625 0.96484375 0.4703125 0.98203125 0.47578125 0.9890625 0.51015625 0.996875
4 0.3125 0.98828125 0.32578125 0.984375 0.34140625 0.9671875 0.44921875 0.9125 0.478125 0.87734375 0.484375 0.82890625 0.4765625 0.79765625 0.43828125 0.728125 0.43125 0.73203125 0.421875 0.76796875 0.39296875 0.803125 0.30234375 0.85 0.2890625 0.86171875 0.271875 0.89296875 0.259375 0.95703125 0.29140625 0.9859375
4 0.2453125 0.95390625 0.259375 0.94453125 0.2734375 0.88359375 0.3 0.81484375 0.303125 0.76171875 0.3328125 0.66953125 0.3328125 0.65546875 0.321875 0.63203125 0.31015625 0.6171875 0.29140625 0.6078125 0.27421875 0.609375 0.2484375 0.64765625 0.24375 0.70859375 0.225 0.76796875 0.2078125 0.85703125 0.2109375 0.93828125 0.22109375 0.9515625
4 0.196875 0.93671875 0.209375 0.93046875 0.20625 0.86953125 0.2203125 0.76171875 0.209375 0.65703125 0.2359375 0.60390625 0.18828125 0.5734375 0.16484375 0.5703125 0.1515625 0.58359375 0.1421875 0.62578125 0.146875 0.77109375 0.1609375 0.89140625 0.1765625 0.93203125
4 0.1703125 0.92890625 0.15625 0.86953125 0.1390625 0.65546875 0.1453125 0.59765625 0.159375 0.55703125 0.13984375 0.528125 0.10390625 0.515625 0.084375 0.53671875 0.075 0.57734375 0.0734375 0.68515625 0.08125 0.75390625 0.0984375 0.84765625 0.1171875 0.89921875 0.13203125 0.9171875
4 0.1125 0.89921875 0.115625 0.89140625 0.0984375 0.84921875 0.0734375 0.69921875 0.0734375 0.58984375 0.0828125 0.53515625 0.06171875 0.5140625 0.03203125 0.5109375 0.025 0.51796875 0.021875 0.61484375 0.0359375 0.75390625 0.0671875 0.86328125 0.08828125 0.8921875
4 0.0765625 0.87734375 0.05625 0.83828125 0.03125 0.73046875 0.021875 0.61796875 0.025 0.51484375 0.021875 0.50546875 0.01171875 0.5015625 0 0.51796875 0 0.75859375 0.028125 0.84453125 0.06015625 0.8734375