4 0.853125 0.60859375 0.8609375 0.59921875 0.8734375 0.55390625 0.88125 0.49921875 0.875 0.30234375 0.8796875 0.25703125 0.8671875 0.24765625 0.865625 0.21640625 0.86015625 0.2125 0.8515625 0.21796875 0.8359375 0.24765625 0.8234375 0.25390625 0.8125 0.29765625 0.821875 0.35703125 0.8171875 0.43046875 0.8234375 0.48515625 0.8125 0.57890625 0.82890625 0.6078125
4 0.7609375 0.88828125 0.77421875 0.8828125 0.8 0.85546875 0.803125 0.82109375 0.85 0.72578125 0.875 0.63359375 0.87890625 0.5515625 0.871875 0.55390625 0.8625 0.59921875 0.84921875 0.609375 0.83203125 0.6078125 0.8203125 0.61796875 0.809375 0.65078125 0.7921875 0.67265625 0.784375 0.69453125 0.7609375 0.71640625 0.7390625 0.77265625 0.728125 0.81328125 0.728125 0.85859375 0.74921875 0.8859375
4 0.7921875 0.57421875 0.809375 0.56328125 0.8140625 0.54921875 0.8203125 0.47578125 0.8015625 0.38359375 0.7796875 0.33671875 0.7859375 0.30703125 0.73125 0.21171875 0.70234375 0.1890625 0.6875 0.20234375 0.7 0.23984375 0.6953125 0.25859375 0.7125 0.34453125 0.728125 0.40546875 0.753125 0.46640625 0.76875 0.54609375 0.78125 0.57265625
4 0.7703125 0.58515625 0.775 0.58203125 0.775 0.56171875 0.7625 0.52734375 0.753125 0.46640625 0.7296875 0.41328125 0.7046875 0.29921875 0.6921875 0.27109375 0.6859375 0.19921875 0.6734375 0.16953125 0.64453125 0.1546875 0.65 0.18359375 0.628125 0.20078125 0.61875 0.22265625 0.61875 0.23984375 0.6359375 0.31171875 0.6453125 0.39140625 0.6765625 0.46015625 0.678125 0.49765625 0.6875 0.52734375 0.73359375 0.5734375 0.74921875 0.5828125
4 0.7140625 0.71328125 0.76328125 0.709375 0.7828125 0.69140625 0.7953125 0.65078125 0.809375 0.63984375 0.8125 0.62578125 0.8109375 0.60859375 0.8 0.59765625 0.803125 0.57734375 0.80078125 0.5734375 0.78359375 0.578125 0.77421875 0.5875 0.75078125 0.584375 0.68359375 0.5265625 0.65234375 0.534375 0.6328125 0.48515625 0.625 0.41328125 0.60859375 0.409375 0.6046875 0.51796875 0.5875 0.56953125 0.5859375 0.59296875 0.59375 0.62578125 0.5859375 0.63984375 0.62421875 0.6796875 0.66328125 0.70625 0.68671875 0.7140625
4 0.4671875 0.92265625 0.471875 0.89140625 0.48515625 0.8859375 0.57734375 0.90625 0.63203125 0.896875 0.66015625 0.8828125 0.6796875 0.83671875 0.6765625 0.77734375 0.6875 0.71953125 0.67421875 0.7125 0.66796875 0.715625 0.63515625 0.759375 0.59296875 0.734375 0.54140625 0.7546875 0.53046875 0.753125 0.5203125 0.70546875 0.5296875 0.64140625 0.52265625 0.6390625 0.515625 0.65078125 0.49453125 0.7203125 0.4859375 0.69921875 0.4859375 0.66171875 0.47890625 0.646875 0.471875 0.67421875 0.471875 0.76171875 0.43984375 0.7890625 0.41015625 0.8046875 0.396875 0.82578125 0.396875 0.83671875 0.4234375 0.85859375 0.428125 0.88671875 0.43984375 0.8890625 0.4515625 0.91484375
4 0.253125 0.87890625 0.2484375 0.86015625 0.26875 0.82578125 0.2671875 0.76328125 0.2765625 0.72578125 0.296875 0.68828125 0.2921875 0.66796875 0.2828125 0.67109375 0.25859375 0.7140625 0.22265625 0.7328125 0.18203125 0.6875 0.13046875 0.6921875 0.11796875 0.6875 0.1015625 0.66328125 0.0953125 0.62890625 0.08359375 0.6234375 0.0796875 0.63671875 0.084375 0.70703125 0.0671875 0.73984375 0.075 0.83515625 0.08125 0.83671875 0.08828125 0.8109375 0.16953125 0.8515625 0.20859375 0.8640625 0.23515625 0.865625
4 0.0609375 0.69453125 0.07890625 0.615625 0.10546875 0.6375 0.1234375 0.63515625 0.0890625 0.57421875 0.0890625 0.54765625 0.1171875 0.47265625 0.121875 0.40703125 0.14296875 0.4046875 0.15234375 0.41875 0.15859375 0.4171875 0.1625 0.41171875 0.153125 0.38984375 0.1703125 0.38515625 0.1390625 0.34609375 0.13125 0.31171875 0.11796875 0.29375 0.09609375 0.296875 0.078125 0.32265625 0.0453125 0.43046875 0.034375 0.58515625 0.0234375 0.59765625 0.0234375 0.61171875 0.0546875 0.69140625
4 0.2484375 0.38671875 0.25625 0.38046875 0.2546875 0.27109375 0.271875 0.21953125 0.271875 0.19296875 0.2640625 0.17265625 0.275 0.15859375 0.271875 0.14609375 0.24140625 0.1203125 0.20703125 0.1109375 0.18359375 0.109375 0.11328125 0.128125 0.10234375 0.1109375 0.09375 0.12578125 0.08125 0.18046875 0.0859375 0.20859375 0.1 0.22890625 0.0953125 0.29296875 0.11875 0.28984375 0.1234375 0.26640625 0.13515625 0.25 0.18203125 0.278125 0.22109375 0.2671875 0.2375 0.31015625 0.2390625 0.38203125
4 0.503125 0.39609375 0.51015625 0.390625 0.51796875 0.39375 0.5234375 0.38515625 0.521875 0.26640625 0.54375 0.21796875 0.54375 0.18359375 0.5359375 0.15078125 0.51015625 0.115625 0.45390625 0.0875 0.41328125 0.084375 0.38984375 0.090625 0.31484375 0.13125 0.275 0.16953125 0.2734375 0.21796875 0.2625 0.26796875 0.27578125 0.2734375 0.30390625 0.2640625 0.3265625 0.26484375 0.334375 0.33203125 0.36171875 0.378125 0.3640625 0.35234375 0.3578125 0.31796875 0.36953125 0.253125 0.43046875 0.271875 0.46953125 0.2609375 0.48828125 0.2640625 0.5 0.31640625 0.4984375 0.38671875
1 0.8171875 0.36796875 0.8109375 0.29609375 0.81875 0.26484375 0.8171875 0.22578125 0.8265625 0.20859375 0.81640625 0.1984375 0.75703125 0.1734375 0.69140625 0.1578125 0.68828125 0.1515625 0.65546875 0.1421875 0.6546875 0.15546875 0.6765625 0.17109375 0.68671875 0.196875 0.70234375 0.1828125 0.73125 0.21015625 0.7578125 0.26328125 0.784375 0.29921875 0.7890625 0.31796875 0.7859375 0.34140625 0.7953125 0.36328125 0.80078125 0.36875 0.8147321428571429 0.4140625