1 0.759375 0.85234375 0.81796875 0.8375 0.8390625 0.82421875 0.8625 0.42890625 0.8546875 0.22421875 0.74296875 0.16875 0.57890625 0.1265625 0.571875 0.13203125 0.58125 0.18203125 0.578125 0.22265625 0.6 0.29453125 0.66875 0.39140625 0.7015625 0.41171875 0.7015625 0.42578125 0.6828125 0.45078125 0.6875 0.50390625 0.67890625 0.5125 0.66328125 0.5140625 0.6609375 0.52109375 0.665625 0.55390625 0.65 0.60703125 0.6546875 0.64609375 0.6953125 0.68046875 0.72109375 0.7296875 0.7328125 0.71640625 0.7359375 0.67890625 0.7453125 0.65390625 0.75390625 0.6515625 0.7734375 0.66796875 0.7703125 0.69609375 0.75 0.75859375 0.753125 0.82734375 0.7453125 0.85078125
1 0.5296875 0.73203125 0.53125 0.71640625 0.5234375 0.70390625 0.5390625 0.66328125 0.5203125 0.59609375 0.525 0.58046875 0.51796875 0.578125 0.5140625 0.59609375 0.50703125 0.596875 0.48203125 0.5703125 0.44296875 0.5765625 0.446875 0.58046875 0.43984375 0.5796875 0.4265625 0.59296875 0.4375 0.59765625 0.415625 0.60859375 0.428125 0.61328125 0.4109375 0.62421875 0.41875 0.62734375 0.409375 0.63984375 0.415625 0.64453125 0.4125 0.65078125 0.40859375 0.6546875 0.403125 0.64765625 0.4015625 0.65546875 0.4125 0.66015625 0.396875 0.67890625 0.3953125 0.70390625 0.403125 0.71484375 0.3984375 0.72578125 0.40859375 0.73125 0.43125 0.70390625 0.4484375 0.61640625 0.45859375 0.596875 0.47734375 0.5890625 0.4796875 0.61640625 0.46875 0.66328125 0.46875 0.71953125 0.50859375 0.721875
4 0.5859375 0.58984375 0.603125 0.55703125 0.6046875 0.52578125 0.62109375 0.48125 0.66015625 0.5046875 0.6828125 0.50546875 0.6796875 0.44921875 0.68125 0.44140625 0.696875 0.43046875 0.7 0.41640625 0.66875 0.39609375 0.6015625 0.30234375 0.56328125 0.2625 0.51796875 0.2390625 0.47578125 0.2359375 0.4390625 0.25546875 0.4296875 0.29765625 0.4375 0.34453125 0.4609375 0.41171875 0.45 0.42734375 0.453125 0.50390625 0.45546875 0.5078125 0.4609375 0.50234375 0.4640625 0.43203125 0.47890625 0.396875 0.52578125 0.4296875 0.56953125 0.4390625 0.5875 0.48046875 0.5875 0.53984375 0.5796875 0.56171875 0.5796875 0.58828125
4 0.44375 0.46328125 0.4484375 0.46171875 0.446875 0.42109375 0.4578125 0.41171875 0.45625 0.39296875 0.409375 0.27578125 0.30390625 0.175 0.27578125 0.1625 0.23828125 0.175 0.2140625 0.23359375 0.2203125 0.30078125 0.215625 0.36953125 0.22421875 0.3734375 0.234375 0.36640625 0.25546875 0.3203125 0.28671875 0.3609375 0.3328125 0.38203125 0.34453125 0.4109375 0.36171875 0.41875 0.38359375 0.41875 0.39765625 0.4328125 0.43671875 0.45 0.4421875 0.45546875 0.4390625 0.46328125
4 0.5921875 0.28359375 0.58125 0.23984375 0.571875 0.22734375 0.578125 0.20078125 0.575 0.15859375 0.55390625 0.1171875 0.52265625 0.1015625 0.45390625 0.0859375 0.34921875 0.0828125 0.32578125 0.090625 0.30390625 0.0765625 0.2953125 0.08203125 0.3046875 0.09921875 0.2875 0.11171875 0.2765625 0.15703125 0.31953125 0.1828125 0.38203125 0.2515625 0.39296875 0.25625 0.39765625 0.2375 0.43828125 0.2515625 0.47734375 0.234375 0.51015625 0.234375 0.55390625 0.253125
4 0.178125 0.50703125 0.20625 0.41796875 0.253125 0.37734375 0.2578125 0.36484375 0.25078125 0.359375 0.22109375 0.378125 0.196875 0.37265625 0.190625 0.31015625 0.1703125 0.26015625 0.1765625 0.24453125 0.20859375 0.225 0.2125 0.21640625 0.16328125 0.20625 0.13671875 0.1453125 0.1234375 0.17109375 0.1125 0.17265625 0.1046875 0.20390625 0.109375 0.36640625 0.11875 0.41171875 0.1390625 0.46328125
4 0.1171875 0.52734375 0.1484375 0.49921875 0.1515625 0.48203125 0.140625 0.46953125 0.1109375 0.37890625 0.1015625 0.26484375 0.1046875 0.21640625 0.090625 0.20390625 0.0796875 0.16171875 0.07109375 0.1578125 0.0375 0.23203125 0.0375 0.24765625 0.0484375 0.25859375 0.0546875 0.39453125 0.084375 0.49921875 0.10234375 0.525
4 0.346875 0.64296875 0.3578125 0.62109375 0.3578125 0.55078125 0.36640625 0.5359375 0.40859375 0.521875 0.4296875 0.50390625 0.43125 0.48515625 0.41875 0.46953125 0.43125 0.45234375 0.38203125 0.4203125 0.35546875 0.41875 0.32734375 0.4078125 0.29609375 0.3859375 0.26484375 0.38125 0.22578125 0.4 0.20625 0.42109375 0.1953125 0.44453125 0.1875 0.48671875 0.190625 0.51953125 0.1984375 0.53203125 0.203125 0.56328125 0.2171875 0.58828125 0.225 0.63671875 0.23671875 0.640625 0.240625 0.63515625 0.2328125 0.58515625 0.234375 0.54765625 0.23984375 0.5421875 0.25703125 0.55 0.31328125 0.5515625 0.315625 0.58515625 0.3078125 0.62578125 0.315625 0.62421875 0.3296875 0.58046875 0.33515625 0.5796875 0.3453125 0.60390625 0.3421875 0.63515625
4 0.1 0.86796875 0.11015625 0.8390625 0.13828125 0.8328125 0.17578125 0.8359375 0.19453125 0.828125 0.228125 0.79453125 0.25 0.74921875 0.25 0.69296875 0.234375 0.65390625 0.221875 0.64140625 0.221875 0.61640625 0.21171875 0.5890625 0.1984375 0.60546875 0.18828125 0.6609375 0.16484375 0.6640625 0.13046875 0.6890625 0.11484375 0.6640625 0.1015625 0.67265625 0.0953125 0.72734375 0.0671875 0.79609375 0.0671875 0.80546875 0.090625 0.83359375 0.090625 0.85703125
4 0.06875 0.79140625 0.0984375 0.71015625 0.109375 0.56796875 0.1046875 0.53515625 0.0828125 0.49609375 0.0640625 0.43046875 0.05859375 0.4296875 0.040625 0.44921875 0.0359375 0.48828125 0.0453125 0.55234375 0.05 0.77578125 0.06015625 0.7921875
4 0.6171875 0.92890625 0.634375 0.88046875 0.659375 0.86640625 0.6578125 0.85234375 0.628125 0.81953125 0.6109375 0.78984375 0.625 0.70234375 0.6140625 0.70859375 0.609375 0.73515625 0.59609375 0.7546875 0.56953125 0.734375 0.5578125 0.74609375 0.55625 0.75703125 0.56171875 0.7625 0.54609375 0.7625 0.50703125 0.7234375 0.46953125 0.725 0.4671875 0.66640625 0.478125 0.59453125 0.46328125 0.596875 0.4484375 0.62109375 0.4328125 0.70546875 0.415625 0.72421875 0.4046875 0.74921875 0.4015625 0.78984375 0.415625 0.83515625 0.4453125 0.87734375 0.48515625 0.9046875 0.61015625 0.9
4 0.7078125 0.87421875 0.7265625 0.86796875 0.7484375 0.82734375 0.746875 0.75703125 0.7703125 0.66796875 0.76640625 0.665625 0.75390625 0.6796875 0.7515625 0.66171875 0.7453125 0.66015625 0.7375 0.71640625 0.7265625 0.73671875 0.71796875 0.740625 0.6984375 0.68828125 0.66171875 0.659375 0.65 0.64140625 0.646875 0.59609375 0.659375 0.56484375 0.6609375 0.53828125 0.6546875 0.53515625 0.653125 0.51484375 0.64765625 0.5140625 0.6390625 0.52421875 0.621875 0.59296875 0.61328125 0.60625 0.59765625 0.6109375 0.54453125 0.58125 0.53359375 0.58125 0.5234375 0.59140625 0.540625 0.65703125 0.540625 0.67734375 0.5265625 0.70703125 0.534375 0.70859375 0.53828125 0.7421875 0.56171875 0.7234375 0.59609375 0.75 0.6046875 0.74140625 0.615625 0.70078125 0.62421875 0.6953125 0.6265625 0.71484375 0.6140625 0.79140625 0.6328125 0.82421875 0.65390625 0.846875 0.68046875 0.8671875