1 0.790625 0.34921875 0.8171875 0.30546875 0.815625 0.29140625 0.790625 0.26640625 0.78984375 0.246875 0.809375 0.25703125 0.79375 0.20234375 0.803125 0.20234375 0.83671875 0.2703125 0.85625 0.27265625 0.85625 0.22421875 0.75390625 0.1734375 0.70546875 0.159375 0.7015625 0.16640625 0.721875 0.19296875 0.7609375 0.28359375 0.771875 0.29453125 0.7734375 0.32578125
4 0.7078125 0.49140625 0.7328125 0.39296875 0.75625 0.37109375 0.7640625 0.34609375 0.765625 0.30390625 0.7546875 0.26484375 0.721875 0.19453125 0.69140625 0.1578125 0.62109375 0.115625 0.57734375 0.1125 0.55234375 0.096875 0.55625 0.11953125 0.54296875 0.1421875 0.5234375 0.15078125 0.5234375 0.16796875 0.55078125 0.2046875 0.590625 0.22890625 0.59296875 0.3015625 0.6015625 0.29296875 0.60625 0.25234375 0.61796875 0.24375 0.64375 0.26328125 0.6765625 0.30390625 0.7 0.35390625 0.7078125 0.38828125 0.7078125 0.41171875 0.69375 0.45546875
4 0.634375 0.53046875 0.6578125 0.47890625 0.665625 0.44140625 0.6828125 0.42265625 0.6921875 0.39765625 0.6921875 0.36796875 0.68125 0.31640625 0.65 0.27265625 0.62109375 0.2484375 0.60625 0.25390625 0.6046875 0.28671875 0.59296875 0.303125 0.5875 0.27578125 0.5890625 0.23203125 0.54296875 0.2078125 0.50390625 0.1703125 0.47890625 0.1609375 0.478125 0.19296875 0.47265625 0.1984375 0.45390625 0.1984375 0.45 0.22109375 0.4875 0.28046875 0.4921875 0.29765625 0.4703125 0.34921875 0.453125 0.37421875 0.46015625 0.3796875 0.48828125 0.3609375 0.48125 0.38671875 0.48515625 0.3984375 0.53046875 0.34375 0.5453125 0.35390625 0.5625 0.38359375 0.58671875 0.409375 0.63203125 0.4203125
4 0.378125 0.42890625 0.3875 0.41171875 0.40625 0.33203125 0.434375 0.31015625 0.4453125 0.28828125 0.446875 0.22890625 0.4375 0.19296875 0.4078125 0.13984375 0.37734375 0.109375 0.34921875 0.0984375 0.27578125 0.0875 0.26640625 0.0796875 0.24609375 0.084375 0.2390625 0.09140625 0.2359375 0.14296875 0.2421875 0.17265625 0.2609375 0.20078125 0.25 0.26328125 0.25546875 0.2703125 0.2765625 0.23828125 0.29921875 0.2234375 0.3359375 0.26953125 0.340625 0.28359375 0.36875 0.29609375 0.3625 0.34140625 0.3421875 0.39765625 0.3546875 0.39453125 0.36875 0.36640625 0.38046875 0.35625 0.3734375 0.41640625
4 0.06875 0.32578125 0.0859375 0.30234375 0.09921875 0.2640625 0.11015625 0.2703125 0.18046875 0.2359375 0.22890625 0.2390625 0.2546875 0.23046875 0.2578125 0.20078125 0.240625 0.17265625 0.2375 0.14140625 0.2296875 0.13984375 0.22265625 0.125 0.19609375 0.1140625 0.14765625 0.115625 0.11484375 0.128125 0.08125 0.15546875 0.0703125 0.17421875 0.0609375 0.21171875
4 0.0640625 0.48046875 0.0875 0.44296875 0.128125 0.40546875 0.128125 0.37734375 0.13359375 0.3671875 0.14140625 0.3671875 0.17734375 0.4 0.18984375 0.403125 0.2 0.36328125 0.271875 0.31953125 0.275 0.30234375 0.24375 0.25703125 0.25078125 0.2359375 0.23984375 0.234375 0.22578125 0.2421875 0.18046875 0.2375 0.12421875 0.2625 0.1015625 0.28359375 0.0625 0.33671875 0.0515625 0.38359375 0.0515625 0.42109375 0.059375 0.47734375
4 0.1203125 0.73359375 0.11875 0.70703125 0.1015625 0.66796875 0.0953125 0.62890625 0.1171875 0.60078125 0.1265625 0.56328125 0.140625 0.55546875 0.15625 0.48828125 0.1921875 0.40859375 0.14140625 0.36875 0.13125 0.37265625 0.13125 0.39921875 0.125 0.41171875 0.084375 0.44921875 0.0671875 0.47734375 0.0578125 0.49921875 0.04375 0.58359375 0.046875 0.62890625 0.05625 0.65703125 0.084375 0.67734375 0.1140625 0.73359375
4 0.2234375 0.76796875 0.225 0.72890625 0.2046875 0.69296875 0.1984375 0.66640625 0.2015625 0.62890625 0.2390625 0.57109375 0.25 0.50859375 0.27734375 0.5078125 0.29765625 0.5296875 0.31171875 0.5328125 0.3125 0.51953125 0.28125 0.47421875 0.31015625 0.484375 0.325 0.48046875 0.3234375 0.47109375 0.2734375 0.42890625 0.2515625 0.38046875 0.22890625 0.36875 0.215625 0.37734375 0.1890625 0.41640625 0.1625 0.47265625 0.1390625 0.56171875 0.1328125 0.61015625 0.121875 0.63359375 0.1203125 0.66015625 0.1109375 0.67578125 0.13828125 0.7546875 0.15 0.74921875 0.1546875 0.73046875 0.16796875 0.7125 0.17421875 0.7125 0.2109375 0.76171875
4 0.675 0.75078125 0.68046875 0.7390625 0.690625 0.74140625 0.6953125 0.69765625 0.72109375 0.6640625 0.75859375 0.671875 0.78984375 0.6546875 0.7921875 0.67890625 0.784375 0.70234375 0.7921875 0.70234375 0.8265625 0.63359375 0.8359375 0.59296875 0.828125 0.54140625 0.80703125 0.5171875 0.79765625 0.515625 0.78984375 0.525 0.77890625 0.525 0.75859375 0.5109375 0.74453125 0.5109375 0.71484375 0.525 0.66640625 0.53125 0.659375 0.51171875 0.65078125 0.5 0.6453125 0.50078125 0.6390625 0.51953125 0.6375 0.57578125 0.609375 0.63515625 0.6140625 0.64609375 0.62578125 0.653125 0.6796875 0.65546875 0.68125 0.66953125 0.665625 0.72421875 0.6671875 0.74765625
4 0.7859375 0.52265625 0.790625 0.50703125 0.83515625 0.478125 0.8546875 0.45390625 0.8703125 0.40546875 0.878125 0.34609375 0.8640625 0.29140625 0.85234375 0.2765625 0.8328125 0.27109375 0.79921875 0.2046875 0.7953125 0.21484375 0.8125 0.26015625 0.79296875 0.246875 0.790625 0.26015625 0.796875 0.27421875 0.8171875 0.28984375 0.8203125 0.30234375 0.8015625 0.32578125 0.79296875 0.3546875 0.76875 0.32421875 0.7609375 0.36484375 0.7625 0.39765625 0.7203125 0.45859375 0.709375 0.49453125 0.71328125 0.5109375 0.75234375 0.5078125
4 0.790625 0.82421875 0.81640625 0.8046875 0.83671875 0.8140625 0.853125 0.79765625 0.8625 0.75859375 0.875 0.52265625 0.884375 0.48359375 0.85703125 0.4609375 0.81875 0.49453125 0.81953125 0.5015625 0.825 0.49765625 0.81875 0.52265625 0.834375 0.55703125 0.8375 0.58828125 0.83125 0.62265625 0.8046875 0.68515625 0.809375 0.74296875 0.79296875 0.7546875 0.77734375 0.7453125 0.76875 0.74921875 0.7703125 0.75859375 0.8015625 0.78828125 0.7875 0.81484375