4 0.59375 0.27578125 0.575 0.22109375 0.5671875 0.21484375 0.5671875 0.14921875 0.54453125 0.109375 0.51796875 0.0984375 0.45390625 0.0875 0.37578125 0.0890625 0.35703125 0.084375 0.31953125 0.0921875 0.30390625 0.0859375 0.29609375 0.1015625 0.28125 0.10703125 0.278125 0.13984375 0.2671875 0.15546875 0.2671875 0.16640625 0.31953125 0.196875 0.38515625 0.2734375 0.38828125 0.2375 0.43984375 0.2546875 0.48203125 0.23125 0.51171875 0.23125 0.55390625 0.24375
4 0.590625 0.51796875 0.6015625 0.51015625 0.62421875 0.4640625 0.67109375 0.46875 0.690625 0.46015625 0.69375 0.44609375 0.6828125 0.41953125 0.6828125 0.39609375 0.696875 0.38203125 0.696875 0.36484375 0.67109375 0.3609375 0.64140625 0.3390625 0.5984375 0.28515625 0.55546875 0.246875 0.51953125 0.234375 0.47578125 0.234375 0.4390625 0.25859375 0.428125 0.30234375 0.4296875 0.32734375 0.44765625 0.328125 0.453125 0.33671875 0.45 0.39765625 0.4625 0.47421875 0.459375 0.49921875 0.465625 0.49296875 0.46875 0.43203125 0.48671875 0.39375 0.52109375 0.421875 0.571875 0.43046875 0.5703125 0.51640625
4 0.45 0.49765625 0.4625 0.48046875 0.4515625 0.43828125 0.446875 0.38515625 0.45 0.33671875 0.428125 0.33359375 0.4125 0.30390625 0.31328125 0.19375 0.28046875 0.175 0.24609375 0.178125 0.225 0.21640625 0.225 0.27734375 0.19196428571428575 0.3660714285714286 0.22890625 0.31875 0.2390625 0.34921875 0.24765625 0.3546875 0.2515625 0.33046875 0.25859375 0.3234375 0.2796875 0.36640625 0.321875 0.39765625 0.32890625 0.4203125 0.36171875 0.43125 0.36796875 0.4234375 0.38203125 0.4234375 0.409375 0.46796875
4 0.3546875 0.66171875 0.35625 0.56015625 0.36328125 0.5515625 0.42109375 0.534375 0.4265625 0.52578125 0.425 0.50859375 0.38203125 0.425 0.36953125 0.4234375 0.36328125 0.4359375 0.33828125 0.428125 0.27578125 0.3875 0.23984375 0.3953125 0.2015625 0.42734375 0.184375 0.48828125 0.190625 0.52578125 0.209375 0.56171875 0.2203125 0.64609375 0.22890625 0.653125 0.2375 0.63828125 0.23125 0.56328125 0.23828125 0.5453125 0.27109375 0.5578125 0.31171875 0.559375 0.325 0.58203125 0.3296875 0.64453125 0.3359375 0.64765625 0.34140625 0.628125 0.34375 0.64921875
4 0.71875 0.87734375 0.7484375 0.84296875 0.75625 0.78828125 0.7734375 0.72890625 0.7734375 0.68203125 0.7640625 0.68203125 0.746875 0.72578125 0.72890625 0.7421875 0.715625 0.68359375 0.6921875 0.64140625 0.703125 0.58671875 0.6984375 0.55703125 0.68515625 0.55625 0.66015625 0.5671875 0.628125 0.50703125 0.61328125 0.490625 0.59765625 0.521875 0.56953125 0.5203125 0.5625 0.52578125 0.5609375 0.53359375 0.58125 0.56484375 0.56328125 0.571875 0.553125 0.58828125 0.56484375 0.5984375 0.58515625 0.59375 0.5890625 0.59921875 0.6 0.66796875 0.63125 0.76015625 0.65078125 0.7453125 0.665625 0.74765625 0.6640625 0.76171875 0.6390625 0.79296875 0.6453125 0.81328125 0.68828125 0.8671875
4 0.625 0.93359375 0.6390625 0.87421875 0.6640625 0.84609375 0.634375 0.80078125 0.665625 0.74921875 0.65078125 0.7453125 0.63046875 0.76875 0.60546875 0.775 0.621875 0.73515625 0.61640625 0.715625 0.6109375 0.72734375 0.57734375 0.7515625 0.56484375 0.76875 0.54609375 0.759375 0.51015625 0.721875 0.47109375 0.7234375 0.4671875 0.66328125 0.4765625 0.60703125 0.4765625 0.59296875 0.47109375 0.5890625 0.4515625 0.61171875 0.434375 0.70390625 0.4125 0.72578125 0.403125 0.74609375 0.4015625 0.78515625 0.4171875 0.83203125 0.434375 0.86015625 0.48203125 0.9015625 0.50546875 0.90625 0.59140625 0.9046875 0.61640625 0.8984375
4 0.171875 0.84140625 0.19453125 0.8328125 0.225 0.80390625 0.25 0.75078125 0.246875 0.69453125 0.2375 0.66953125 0.21875 0.64765625 0.209375 0.57109375 0.20078125 0.55 0.1859375 0.56328125 0.1921875 0.64453125 0.18515625 0.665625 0.15390625 0.675 0.12578125 0.6984375 0.1125 0.68671875 0.1 0.63203125 0.08828125 0.6171875 0.0828125 0.63984375 0.0921875 0.70859375 0.075 0.75703125 0.0765625 0.80078125 0.09921875 0.828125 0.15234375 0.8421875
4 0.178125 0.49453125 0.184375 0.48984375 0.196875 0.43203125 0.22421875 0.4015625 0.25078125 0.3890625 0.2546875 0.37890625 0.253125 0.36796875 0.24140625 0.3625 0.21328125 0.3859375 0.1953125 0.38203125 0.19375 0.32265625 0.1765625 0.26015625 0.1953125 0.23359375 0.221875 0.21484375 0.221875 0.20859375 0.21171875 0.2046875 0.18984375 0.2109375 0.17734375 0.221875 0.171875 0.20859375 0.184375 0.18828125 0.20625 0.16953125 0.20625 0.16015625 0.19921875 0.1578125 0.15859375 0.178125 0.1453125 0.14765625 0.12734375 0.1328125 0.1125 0.17734375 0.115625 0.19453125 0.10625 0.21328125 0.1109375 0.21640625 0.1015625 0.22578125 0.1015625 0.23671875 0.1109375 0.23671875 0.1125 0.24921875 0.1125 0.39140625 0.1484375 0.48359375 0.16328125 0.49375
4 0.11875 0.52578125 0.134375 0.51171875 0.14375 0.48203125 0.1125 0.39453125 0.109375 0.28671875 0.1 0.23984375 0.1015625 0.21484375 0.1125 0.18671875 0.11015625 0.18125 0.08984375 0.19375 0.0796875 0.16328125 0.07109375 0.159375 0.040625 0.23515625 0.040625 0.25390625 0.0515625 0.27734375 0.0546875 0.40234375 0.0890625 0.51640625 0.09921875 0.525
4 0.0640625 0.82578125 0.075 0.79609375 0.075 0.75390625 0.090625 0.71640625 0.0828125 0.62734375 0.09140625 0.5515625 0.10390625 0.59375 0.1078125 0.57109375 0.1 0.52734375 0.08125 0.49921875 0.06875 0.44140625 0.05546875 0.415625 0.040625 0.43828125 0.0296875 0.48203125 0.0265625 0.58828125 0.0359375 0.77265625 0.053125 0.79921875 0.0578125 0.82265625
1 0.5339285714285716 0.7358258928571428 0.5347098214285716 0.7241071428571428 0.5503348214285716 0.7319196428571428 0.541294642857143 0.713169642857143 0.5345982142857144 0.697544642857143 0.533482142857143 0.6774553571428573 0.5479910714285716 0.6517857142857144 0.564732142857143 0.681919642857143 0.5636160714285716 0.6842633928571429 0.5675223214285716 0.6756696428571429 0.5800223214285716 0.6756696428571429 0.5808035714285716 0.6686383928571429 0.5909598214285716 0.6678571428571429 0.5736607142857144 0.6473214285714286 0.564732142857143 0.6238839285714286 0.5457589285714287 0.6149553571428573 0.5323660714285715 0.6127232142857144 0.5424107142857144 0.588169642857143 0.5597098214285716 0.5662946428571429 0.5378348214285716 0.5616071428571429 0.5339285714285716 0.5764508928571429 0.5206473214285716 0.5819196428571429 0.5167410714285716 0.5655133928571429 0.5026785714285716 0.5639508928571428 0.5026785714285716 0.5358258928571429 0.48705357142857164 0.5342633928571429 0.4854910714285716 0.5045758928571429 0.4776785714285716 0.4983258928571429 0.47879464285714307 0.5133928571428573 0.47656250000000017 0.5156250000000001 0.4643973214285716 0.5116071428571429 0.4665178571428574 0.5279017857142858 0.4642857142857145 0.533482142857143 0.4659598214285716 0.5350446428571429 0.47142857142857164 0.5436383928571429 0.4643973214285716 0.5537946428571429 0.4542410714285716 0.5561383928571428 0.4487723214285716 0.5678571428571428 0.44017857142857164 0.5670758928571429 0.43627232142857164 0.5959821428571429 0.36205357142857164 0.5983258928571429 0.3636160714285716 0.6733258928571428 0.3753348214285716 0.6756696428571429 0.3862723214285716 0.6897321428571429 0.40502232142857164 0.6912946428571429 0.4097098214285716 0.7100446428571429 0.4253348214285716 0.6975446428571429 0.4495535714285716 0.6061383928571429 0.4768973214285716 0.5772321428571429 0.48236607142857163 0.6045758928571429 0.48660714285714296 0.6685267857142858 0.5033482142857144 0.674107142857143 0.5000000000000002 0.7165178571428573 0.5097098214285716 0.7178571428571429
1 0.7281250000000001 0.69453125 0.7460937500000001 0.6859375 0.7539062500000001 0.690625 0.77265625 0.66875 0.78046875 0.6890625 0.8125 0.6339285714285715 0.8453125 0.67109375 0.85625 0.57265625 0.8625 0.42265625 0.8578125 0.22890625 0.85390625 0.221875 0.75703125 0.1734375 0.62421875 0.134375 0.5726562500000001 0.125 0.565625 0.13046875 0.5765625000000001 0.17734375 0.5718750000000001 0.20859375 0.6046875 0.28984375 0.628125 0.32265625 0.6507812500000001 0.3421875 0.6578125000000001 0.34140625 0.659375 0.32578125 0.6695312500000001 0.321875 0.6765625000000001 0.35390625 0.6984375 0.36328125 0.6984375 0.38203125 0.6859375000000001 0.40078125 0.6859375000000001 0.41953125 0.6953125000000001 0.44140625 0.6921875000000001 0.46328125 0.6773437500000001 0.4703125 0.62421875 0.4703125 0.6187500000000001 0.48828125 0.65546875 0.55625 0.66328125 0.5609375 0.69453125 0.5515625 0.7031250000000001 0.55859375 0.7171875000000001 0.61171875 0.7078125000000001 0.62421875 0.7187500000000001 0.63203125 0.7070312500000001 0.6390625 0.70234375 0.6234375 0.6984375 0.64140625