4 0.728125 0.88515625 0.7484375 0.84296875 0.753125 0.77734375 0.7765625 0.72265625 0.778125 0.71015625 0.7703125 0.69296875 0.76171875 0.690625 0.753125 0.69921875 0.7453125 0.73515625 0.71484375 0.753125 0.690625 0.70390625 0.67265625 0.6875 0.6515625 0.67890625 0.6515625 0.66171875 0.6640625 0.65234375 0.64609375 0.6203125 0.63515625 0.6203125 0.62109375 0.6390625 0.60546875 0.6359375 0.596875 0.63203125 0.60078125 0.603125 0.58671875 0.6265625 0.51640625 0.6234375 0.5078125 0.64296875 0.53125 0.69765625 0.53125 0.71015625 0.5140625 0.72421875 0.509375 0.73984375 0.54609375 0.73125 0.5671875 0.76953125 0.60625 0.80390625 0.64453125 0.8625 0.69140625 0.8859375
4 0.6046875 0.93984375 0.6125 0.90234375 0.62421875 0.8875 0.63671875 0.8890625 0.646875 0.86953125 0.603125 0.80234375 0.5671875 0.77109375 0.54921875 0.7375 0.5390625 0.73671875 0.5390625 0.75859375 0.53359375 0.7640625 0.50703125 0.74375 0.4671875 0.73671875 0.46875 0.70703125 0.4890625 0.65234375 0.48359375 0.6515625 0.471875 0.66640625 0.45234375 0.7 0.4484375 0.67578125 0.4625 0.63046875 0.46015625 0.603125 0.4265625 0.67109375 0.4234375 0.70078125 0.4 0.73046875 0.3921875 0.75078125 0.3890625 0.81796875 0.425 0.87421875 0.45703125 0.9 0.49453125 0.9125 0.53359375 0.903125 0.58203125 0.90625 0.59375 0.93671875
4 0.3296875 0.67578125 0.334375 0.67265625 0.33203125 0.6640625 0.3 0.65234375 0.34140625 0.60625 0.37265625 0.63125 0.3890625 0.61484375 0.384375 0.57578125 0.4 0.53203125 0.41484375 0.5109375 0.4375 0.49609375 0.428125 0.47109375 0.440625 0.45234375 0.43828125 0.434375 0.40078125 0.43125 0.34609375 0.4375 0.32109375 0.46875 0.26328125 0.4984375 0.225 0.53203125 0.21875 0.54453125 0.20625 0.60703125 0.21875 0.66328125 0.23984375 0.6765625
4 0.175 0.84765625 0.221875 0.82109375 0.253125 0.75390625 0.2421875 0.70078125 0.2 0.62890625 0.19375 0.59296875 0.18515625 0.5796875 0.18125 0.59296875 0.1921875 0.62734375 0.190625 0.67421875 0.15703125 0.678125 0.12109375 0.6984375 0.1140625 0.66796875 0.1203125 0.62109375 0.11484375 0.6140625 0.10703125 0.61875 0.096875 0.69609375 0.0828125 0.74609375 0.0859375 0.82265625
4 0.0828125 0.82109375 0.075 0.76953125 0.096875 0.69140625 0.10625 0.54609375 0.0984375 0.49453125 0.075 0.46171875 0.06015625 0.4140625 0.04375 0.42578125 0.0375 0.45234375 0.0484375 0.59921875 0.0421875 0.63515625 0.0484375 0.72421875 0.0453125 0.76171875 0.0515625 0.78203125 0.065625 0.78515625
4 0.115625 0.50546875 0.1359375 0.48359375 0.1421875 0.45234375 0.128125 0.36796875 0.1015625 0.29609375 0.1 0.23984375 0.090625 0.23203125 0.0921875 0.21640625 0.0796875 0.16796875 0.07109375 0.159375 0.05 0.17734375 0.040625 0.23671875 0.0546875 0.38828125 0.0765625 0.46484375 0.1 0.49765625
4 0.190625 0.53359375 0.21875 0.52109375 0.228125 0.47421875 0.221875 0.42421875 0.184375 0.33359375 0.15625 0.23671875 0.14609375 0.228125 0.11328125 0.2296875 0.103125 0.24296875 0.1015625 0.28828125 0.13125 0.37265625 0.15 0.48359375 0.165625 0.51796875
4 0.3125 0.47109375 0.3265625 0.46015625 0.34140625 0.434375 0.38203125 0.434375 0.40078125 0.4265625 0.425 0.43046875 0.425 0.41640625 0.4109375 0.38671875 0.4125 0.37578125 0.425 0.36328125 0.425 0.34921875 0.37734375 0.3046875 0.32734375 0.2796875 0.26640625 0.221875 0.24921875 0.215625 0.21640625 0.215625 0.1921875 0.23515625 0.1796875 0.26796875 0.1765625 0.29453125 0.1875 0.33828125 0.2203125 0.41484375 0.22421875 0.38125 0.23359375 0.409375 0.29296875 0.41875 0.30625 0.47109375
4 0.5234375 0.41953125 0.534375 0.29296875 0.5546875 0.26171875 0.5625 0.22578125 0.5578125 0.18515625 0.5453125 0.15546875 0.52265625 0.1296875 0.47109375 0.09375 0.41953125 0.0859375 0.36796875 0.0984375 0.35078125 0.0875 0.33046875 0.0890625 0.328125 0.07890625 0.3359375 0.06328125 0.32734375 0.059375 0.3171875 0.09140625 0.2984375 0.11796875 0.3 0.16015625 0.30625 0.18046875 0.3453125 0.23515625 0.353125 0.28359375 0.36328125 0.2953125 0.3859375 0.30546875 0.375 0.28671875 0.375 0.27265625 0.38828125 0.246875 0.41015625 0.253125 0.44296875 0.275 0.49609375 0.275 0.5046875 0.32109375 0.5 0.39140625 0.50390625 0.3984375 0.5125 0.39296875 0.5171875 0.41640625
4 0.31875 0.26484375 0.31875 0.25234375 0.29375 0.19765625 0.3 0.18046875 0.2953125 0.11484375 0.28359375 0.0984375 0.23984375 0.096875 0.18515625 0.1078125 0.15703125 0.1203125 0.13671875 0.1171875 0.090625 0.13828125 0.08125 0.17265625 0.084375 0.18984375 0.0890625 0.20390625 0.11484375 0.228125 0.14609375 0.2265625 0.16484375 0.2421875 0.18203125 0.246875 0.21640625 0.2140625 0.25078125 0.2140625 0.27421875 0.225
1 0.7734375 0.84921875 0.82890625 0.83125 0.8375 0.82421875 0.8421875 0.80234375 0.8625 0.45078125 0.859375 0.22578125 0.73671875 0.1671875 0.62265625 0.134375 0.52578125 0.1171875 0.5203125 0.12265625 0.546875 0.15234375 0.5640625 0.20859375 0.559375 0.25546875 0.5359375 0.30078125 0.52578125 0.4234375 0.51171875 0.4234375 0.4984375 0.40859375 0.5015625 0.32578125 0.4953125 0.28359375 0.48984375 0.278125 0.43828125 0.2765625 0.40859375 0.2609375 0.38984375 0.265625 0.3828125 0.27578125 0.4 0.31484375 0.40546875 0.3203125 0.40859375 0.315625 0.428125 0.33828125 0.425 0.38828125 0.4359375 0.39765625 0.4296875 0.40703125 0.43125 0.42578125 0.446875 0.43515625 0.440625 0.50078125 0.4078125 0.52890625 0.3953125 0.56640625 0.3953125 0.64765625 0.403125 0.65546875 0.40078125 0.6609375 0.41953125 0.665625 0.4484375 0.60703125 0.46015625 0.596875 0.4703125 0.60078125 0.46484375 0.6578125 0.48359375 0.6453125 0.49921875 0.653125 0.509375 0.62734375 0.51796875 0.6203125 0.58203125 0.621875 0.59921875 0.6 0.6078125 0.60390625 0.60859375 0.6296875 0.62109375 0.63125 0.63671875 0.6171875 0.64765625 0.61875 0.671875 0.65234375 0.66875 0.67734375 0.696875 0.70703125 0.71640625 0.7421875 0.72265625 0.7453125 0.740625 0.73203125 0.75703125 0.6890625 0.775 0.69140625 0.78125 0.72109375 0.75625 0.78046875 0.753125 0.82421875 0.753125 0.84921875