4 0.6765625 0.39296875 0.70625 0.35859375 0.7359375 0.29921875 0.740625 0.23515625 0.72265625 0.209375 0.69765625 0.196875 0.66171875 0.196875 0.62109375 0.2140625 0.58203125 0.215625 0.55703125 0.23125 0.55078125 0.1875 0.540625 0.24140625 0.50625 0.26328125 0.51875 0.31015625 0.57109375 0.340625 0.58984375 0.3375 0.60859375 0.325 0.64921875 0.3421875 0.68984375 0.3375 0.690625 0.34765625 0.671875 0.37890625
4 0.840625 0.68515625 0.8578125 0.64453125 0.865625 0.58359375 0.878125 0.55078125 0.878125 0.52578125 0.8703125 0.50390625 0.86875 0.38046875 0.88125 0.35390625 0.8515625 0.29140625 0.82890625 0.2796875 0.81875 0.28828125 0.80625 0.32890625 0.803125 0.42265625 0.8125 0.48671875 0.815625 0.60078125 0.8 0.65078125 0.80546875 0.659375 0.81796875 0.65625 0.82890625 0.6609375 0.834375 0.68203125
4 0.78125 0.85546875 0.82109375 0.85 0.86875 0.81796875 0.8828125 0.77265625 0.878125 0.74609375 0.8859375 0.74140625 0.884375 0.70546875 0.87890625 0.6984375 0.86796875 0.7265625 0.85234375 0.7171875 0.82578125 0.725 0.80859375 0.721875 0.8078125 0.73671875 0.80078125 0.7421875 0.78984375 0.740625 0.75703125 0.7171875 0.72890625 0.715625 0.7125 0.70703125 0.7125 0.72265625 0.7296875 0.74453125 0.7234375 0.76953125 0.728125 0.81640625 0.75390625 0.8515625
4 0.35 0.92421875 0.3546875 0.92265625 0.3546875 0.89765625 0.38671875 0.8875 0.45234375 0.89375 0.49140625 0.8828125 0.5296875 0.84296875 0.5453125 0.81796875 0.55625 0.78515625 0.5578125 0.73828125 0.55 0.71484375 0.53125 0.68828125 0.5234375 0.58828125 0.51484375 0.571875 0.51015625 0.6390625 0.503125 0.60390625 0.4953125 0.58984375 0.4890625 0.58984375 0.496875 0.66484375 0.48828125 0.7140625 0.46015625 0.7109375 0.41953125 0.7421875 0.40078125 0.746875 0.3640625 0.68359375 0.3546875 0.65234375 0.3421875 0.65234375 0.3390625 0.67890625 0.353125 0.76640625 0.3125 0.82734375 0.3046875 0.86328125 0.33125 0.87734375 0.34375 0.92109375
4 0.2046875 0.83828125 0.2125 0.82421875 0.196875 0.81484375 0.1953125 0.78671875 0.23671875 0.7734375 0.27265625 0.7375 0.28671875 0.740625 0.2984375 0.75234375 0.31796875 0.8078125 0.334375 0.79140625 0.31875 0.71953125 0.3078125 0.70859375 0.3125 0.64609375 0.2953125 0.60390625 0.30546875 0.5921875 0.25546875 0.5875 0.21015625 0.6046875 0.1390625 0.67421875 0.121875 0.70859375 0.1125 0.76015625 0.1234375 0.79296875 0.13828125 0.8046875 0.16640625 0.803125 0.18984375 0.8375
4 0.1109375 0.74140625 0.128125 0.67890625 0.1546875 0.65546875 0.1453125 0.58359375 0.134375 0.55546875 0.1375 0.42109375 0.14921875 0.4203125 0.1625 0.45234375 0.1734375 0.45390625 0.171875 0.43203125 0.1546875 0.38203125 0.1171875 0.30390625 0.125 0.28828125 0.12265625 0.28125 0.0875 0.31953125 0.0765625 0.35703125 0.0703125 0.42734375 0.0796875 0.63984375 0.09375 0.71953125 0.1015625 0.73671875
4 0.0796875 0.77734375 0.09765625 0.7765625 0.1 0.75859375 0.078125 0.64296875 0.0703125 0.46171875 0.0734375 0.35703125 0.06796875 0.353125 0.0484375 0.37578125 0.0328125 0.41328125 0.025 0.50546875 0.0421875 0.68828125 0.0578125 0.76171875
4 0.315625 0.37265625 0.34296875 0.3546875 0.37578125 0.3515625 0.39296875 0.353125 0.43203125 0.371875 0.51640625 0.3640625 0.521875 0.34765625 0.509375 0.32265625 0.5171875 0.30703125 0.5109375 0.27890625 0.44609375 0.2234375 0.41171875 0.221875 0.35390625 0.1984375 0.30390625 0.2015625 0.28046875 0.2140625 0.265625 0.23046875 0.25 0.25546875 0.246875 0.28359375 0.2625 0.33359375
4 0.5 0.25859375 0.50625 0.25546875 0.5 0.21484375 0.509375 0.18828125 0.509375 0.15859375 0.4953125 0.12734375 0.47265625 0.103125 0.41640625 0.084375 0.30859375 0.090625 0.28203125 0.096875 0.25625 0.12578125 0.2609375 0.15703125 0.278125 0.18671875 0.259375 0.22578125 0.26015625 0.2359375 0.28046875 0.2125 0.29921875 0.203125 0.34609375 0.196875 0.41484375 0.221875 0.44453125 0.221875 0.48671875 0.2578125
4 0.4140625 0.56171875 0.415625 0.54921875 0.4078125 0.53515625 0.44921875 0.5140625 0.47421875 0.5125 0.49296875 0.5265625 0.50859375 0.528125 0.52734375 0.5234375 0.53984375 0.509375 0.575 0.50078125 0.584375 0.47109375 0.5625 0.43203125 0.578125 0.41953125 0.5796875 0.41015625 0.55390625 0.3765625 0.53046875 0.3828125 0.51015625 0.3671875 0.49765625 0.3671875 0.44921875 0.378125 0.39140625 0.3546875 0.35546875 0.353125 0.33515625 0.359375 0.3125 0.37890625 0.2921875 0.43984375 0.30625 0.50078125 0.32734375 0.525 0.36328125 0.5421875 0.36796875 0.5515625
1 0.8015625 0.42265625 0.80625 0.31640625 0.81875 0.28359375 0.8375 0.27109375 0.83125 0.21640625 0.77265625 0.1828125 0.68203125 0.15 0.63515625 0.140625 0.6296875 0.16640625 0.640625 0.17265625 0.6421875 0.18828125 0.6484375 0.18984375 0.64296875 0.2015625 0.66328125 0.1953125 0.70078125 0.196875 0.728125 0.21484375 0.74375 0.24296875 0.7390625 0.29453125 0.690625 0.38828125 0.70234375 0.3890625 0.70859375 0.378125 0.71796875 0.38125 0.721875 0.36640625 0.72734375 0.365625 0.76328125 0.378125 0.78125 0.40234375 0.784375 0.41953125