4 0.35 0.35234375 0.37109375 0.3390625 0.39609375 0.33125 0.41640625 0.3328125 0.428125 0.32578125 0.42265625 0.309375 0.37109375 0.3046875 0.3625 0.28828125 0.3859375 0.22578125 0.4140625 0.20390625 0.4390625 0.15390625 0.45078125 0.16875 0.4765625 0.16640625 0.4734375 0.14140625 0.45625 0.12265625 0.4484375 0.08984375 0.459375 0.05390625 0.45546875 0.0328125 0.4328125 0.04609375 0.42265625 0.0875 0.38515625 0.0796875 0.3625 0.09921875 0.31875 0.15234375 0.29375 0.20234375 0.2875 0.26015625 0.309375 0.30234375 0.328125 0.32109375 0.3390625 0.34921875
4 0.3515625 0.56015625 0.3515625 0.51796875 0.36484375 0.5296875 0.378125 0.52265625 0.378125 0.47890625 0.3734375 0.46796875 0.3546875 0.45546875 0.3421875 0.35859375 0.3296875 0.32734375 0.3109375 0.30703125 0.278125 0.24609375 0.2453125 0.20390625 0.22890625 0.16875 0.20859375 0.153125 0.19609375 0.1546875 0.17734375 0.1703125 0.16015625 0.1625 0.153125 0.16953125 0.1515625 0.18515625 0.1578125 0.20078125 0.16875 0.20859375 0.171875 0.25859375 0.2203125 0.32578125 0.253125 0.39140625 0.2671875 0.43515625 0.29609375 0.4703125 0.3125 0.47578125 0.3265625 0.53828125
4 0.0671875 0.52890625 0.09375 0.43359375 0.1203125 0.38984375 0.0953125 0.36328125 0.1046875 0.28671875 0.1 0.21640625 0.115625 0.19296875 0.1484375 0.16484375 0.1375 0.15390625 0.14375 0.14609375 0.13828125 0.1359375 0.10234375 0.1609375 0.08984375 0.1546875 0.07578125 0.15625 0.0578125 0.17890625 0.05 0.21015625 0.0390625 0.30546875 0.0421875 0.44609375 0.0578125 0.51484375
4 0.0984375 0.64921875 0.1265625 0.60859375 0.1359375 0.55546875 0.165625 0.49140625 0.2171875 0.45234375 0.2109375 0.40234375 0.18984375 0.3296875 0.17890625 0.3375 0.15703125 0.340625 0.1453125 0.35234375 0.1015625 0.42265625 0.084375 0.46328125 0.06875 0.53359375 0.06875 0.57890625 0.084375 0.63671875
4 0.0953125 0.81953125 0.109375 0.81015625 0.115625 0.78203125 0.146875 0.75234375 0.15 0.74140625 0.1375 0.73515625 0.13515625 0.7140625 0.12109375 0.7234375 0.1078125 0.72109375 0.1046875 0.67109375 0.0875 0.64609375 0.0703125 0.60390625 0.065625 0.53359375 0.04140625 0.4671875 0.0296875 0.50390625 0.040625 0.69453125 0.0640625 0.78359375 0.0796875 0.81171875
4 0.2765625 0.86953125 0.30390625 0.8640625 0.34140625 0.8421875 0.37578125 0.83125 0.42109375 0.7921875 0.45625 0.77890625 0.459375 0.76796875 0.45390625 0.7625 0.4265625 0.76640625 0.4421875 0.71953125 0.4265625 0.71953125 0.434375 0.66015625 0.42578125 0.6484375 0.40546875 0.671875 0.3984375 0.65390625 0.39296875 0.653125 0.36875 0.69296875 0.33828125 0.7203125 0.28203125 0.715625 0.24453125 0.7296875 0.2453125 0.64453125 0.2390625 0.65078125 0.22421875 0.7078125 0.215625 0.69921875 0.2171875 0.64765625 0.2078125 0.64453125 0.190625 0.76484375 0.1953125 0.81796875 0.2015625 0.83203125 0.23203125 0.8625
4 0.8375 0.84453125 0.84375 0.82578125 0.8609375 0.80859375 0.859375 0.76796875 0.8453125 0.72578125 0.80625 0.65234375 0.78515625 0.6234375 0.75703125 0.60625 0.73671875 0.5984375 0.70390625 0.60625 0.68984375 0.5953125 0.6875 0.60390625 0.696875 0.61953125 0.684375 0.66015625 0.6875 0.71796875 0.675 0.73203125 0.65625 0.79609375 0.6578125 0.81015625 0.66875 0.80703125 0.68359375 0.7765625 0.6796875 0.81171875 0.68671875 0.8234375 0.7015625 0.76484375 0.71171875 0.7484375 0.72265625 0.7453125 0.74609375 0.778125 0.7875 0.79921875 0.78828125 0.840625 0.79453125 0.840625 0.80078125 0.8296875 0.81015625 0.840625 0.82109375 0.828125
4 0.8640625 0.76953125 0.86875 0.75390625 0.8734375 0.56171875 0.871875 0.42578125 0.865625 0.38515625 0.85234375 0.36875 0.80625 0.48984375 0.8171875 0.61484375 0.80625 0.64765625
4 0.778125 0.50390625 0.803125 0.48671875 0.8203125 0.45703125 0.853125 0.36484375 0.865625 0.30234375 0.8625 0.24609375 0.8484375 0.21640625 0.834375 0.20546875 0.83203125 0.190625 0.8296875 0.20390625 0.815625 0.21171875 0.7953125 0.25078125 0.775 0.31171875 0.7796875 0.32421875 0.775 0.34765625 0.721875 0.41796875 0.74375 0.45703125 0.74375 0.46328125 0.7265625 0.47734375 0.7296875 0.48828125 0.75390625 0.49375 0.76640625 0.5046875
4 0.615625 0.52265625 0.62421875 0.509375 0.63203125 0.5140625 0.6375 0.50859375 0.64375 0.43203125 0.6625 0.34140625 0.68671875 0.30625 0.6859375 0.33828125 0.69375 0.34140625 0.715625 0.27109375 0.7234375 0.21796875 0.71875 0.15703125 0.70859375 0.14375 0.68359375 0.1328125 0.66015625 0.140625 0.65 0.15078125 0.615625 0.20234375 0.590625 0.32734375 0.5703125 0.38984375 0.5640625 0.49453125 0.5734375 0.48984375 0.58203125 0.4515625 0.6 0.51171875 0.60546875 0.521875
1 0.79375 0.55234375 0.7953125 0.53359375 0.7875 0.53046875 0.79375 0.52578125 0.778125 0.52265625 0.78515625 0.5109375 0.76796875 0.509375 0.721875 0.48984375 0.7203125 0.47421875 0.73125 0.46328125 0.73125 0.44921875 0.721875 0.43359375 0.7171875 0.40234375 0.734375 0.39921875 0.775 0.34140625 0.771875 0.31015625 0.809375 0.20859375 0.79765625 0.1953125 0.76484375 0.178125 0.72578125 0.1703125 0.715625 0.28046875 0.6953125 0.34296875 0.6859375 0.34140625 0.68203125 0.321875 0.6625 0.34609375 0.6453125 0.43671875 0.640625 0.50234375 0.64921875 0.4953125 0.65234375 0.5140625 0.6578125 0.50234375 0.653125 0.48984375 0.6609375 0.48671875 0.6609375 0.47578125 0.665625 0.47421875 0.66796875 0.484375 0.67109375 0.4734375 0.68046875 0.4734375 0.6796875 0.48671875 0.68828125 0.4890625 0.690625 0.50234375 0.6984375 0.50546875 0.68359375 0.509375 0.68359375 0.5140625 0.71796875 0.5171875 0.7203125 0.52421875 0.71484375 0.5234375 0.7125 0.53046875 0.73359375 0.534375 0.74140625 0.5265625 0.74765625 0.53125 0.75390625 0.5171875 0.77421875 0.51875 0.775 0.52890625 0.78203125 0.5296875 0.7859375 0.53828125 0.78125 0.54921875
1 0.5578125 0.49765625 0.565625 0.43671875 0.5640625 0.39765625 0.5890625 0.32578125 0.60625 0.22578125 0.615625 0.19765625 0.65 0.14609375 0.59921875 0.1296875 0.50546875 0.1140625 0.47265625 0.1140625 0.4671875 0.12265625 0.478125 0.14765625 0.478125 0.16953125 0.434375 0.17265625 0.425 0.18828125 0.4234375 0.19921875 0.428125 0.20078125 0.415625 0.20703125 0.41328125 0.21875 0.4015625 0.22109375 0.40078125 0.234375 0.3890625 0.23203125 0.371875 0.27734375 0.37734375 0.3 0.42421875 0.30625 0.4328125 0.31640625 0.43125 0.32734375 0.41640625 0.3375 0.38984375 0.3375 0.37265625 0.3453125 0.36953125 0.353125 0.35859375 0.353125 0.3578125 0.36015625 0.36796875 0.3609375 0.36953125 0.3671875 0.38203125 0.3546875 0.40546875 0.375 0.41328125 0.3734375 0.425 0.38671875 0.42421875 0.3921875 0.4140625 0.39296875 0.415625 0.40546875 0.43203125 0.4046875 0.43515625 0.421875 0.440625 0.39609375 0.4359375 0.36953125 0.44296875 0.365625 0.4453125 0.38515625 0.440625 0.38984375 0.44765625 0.4 0.4546875 0.39921875 0.4546875 0.40703125 0.44375 0.41015625 0.45234375 0.428125 0.4765625 0.42109375 0.48671875 0.3921875 0.4921875 0.39296875 0.49921875 0.4234375 0.503125 0.39296875 0.52265625 0.3828125 0.5359375 0.39296875 0.5359375 0.41328125 0.54140625 0.40625 0.546875 0.41015625 0.5484375 0.43515625 0.53359375 0.4390625 0.52890625 0.4296875 0.52578125 0.4375 0.49921875 0.4359375 0.49453125 0.4421875 0.4859375 0.44140625 0.50390625 0.44375 0.51796875 0.459375 0.53359375 0.4484375 0.5390625 0.49296875