1 0.6671875 0.38828125 0.6734375 0.34609375 0.6859375 0.32265625 0.665625 0.30078125 0.66796875 0.29375 0.73515625 0.3109375 0.76484375 0.334375 0.7609375 0.26328125 0.765625 0.24140625 0.7609375 0.22890625 0.77109375 0.215625 0.78515625 0.209375 0.80546875 0.2125 0.82578125 0.2328125 0.8359375 0.23203125 0.840625 0.21640625 0.80546875 0.19375 0.73203125 0.165625 0.60546875 0.13125 0.6015625 0.14609375 0.6203125 0.17109375 0.6203125 0.18671875 0.5625 0.23203125 0.553125 0.36171875 0.54296875 0.3703125 0.5375 0.36484375 0.5390625 0.30546875 0.53046875 0.296875 0.5203125 0.37265625 0.56328125 0.375 0.56953125 0.3609375 0.58203125 0.365625 0.58515625 0.359375 0.59609375 0.3671875 0.59921875 0.3609375 0.60859375 0.3625 0.61328125 0.36875 0.63984375 0.3625 0.64296875 0.36875 0.65546875 0.36875 0.659375 0.38828125
1 0.6875 0.86640625 0.77890625 0.8484375 0.82109375 0.8328125 0.8359375 0.82109375 0.8546875 0.62421875 0.84453125 0.5921875 0.8359375 0.60078125 0.82578125 0.634375 0.79453125 0.615625 0.76953125 0.6765625 0.75 0.64296875 0.7609375 0.57734375 0.759375 0.53828125 0.7265625 0.50859375 0.70703125 0.4765625 0.696875 0.48359375 0.6875 0.54140625 0.675 0.55390625 0.6828125 0.58203125 0.6953125 0.59609375 0.6859375 0.60546875 0.6828125 0.62578125 0.68671875 0.634375 0.69140625 0.625 0.6953125 0.62734375 0.69375 0.66171875 0.68828125 0.6671875 0.6828125 0.66015625 0.6796875 0.68671875 0.6640625 0.69140625 0.6625 0.71796875 0.6515625 0.72109375 0.6484375 0.81953125 0.634375 0.81640625 0.63671875 0.8265625 0.6484375 0.82265625 0.6796875000000001 0.8482142857142858
4 0.4171875 0.39140625 0.4203125 0.38203125 0.4296875 0.37890625 0.43125 0.36640625 0.4140625 0.31484375 0.4125 0.27578125 0.46015625 0.271875 0.49453125 0.2515625 0.50625 0.25703125 0.5125 0.28984375 0.5125 0.35703125 0.51796875 0.3578125 0.521875 0.34921875 0.53359375 0.28125 0.5421875 0.30859375 0.5390625 0.35859375 0.54140625 0.3640625 0.55 0.36015625 0.5609375 0.23203125 0.61875 0.18515625 0.61875 0.17265625 0.6015625 0.15078125 0.6015625 0.13203125 0.59140625 0.109375 0.57890625 0.1125 0.55078125 0.10625 0.52578125 0.1109375 0.47265625 0.0921875 0.43984375 0.090625 0.39765625 0.1078125 0.3625 0.13828125 0.3359375 0.19921875 0.3421875 0.23515625 0.34921875 0.2515625 0.36171875 0.2453125 0.371875 0.26015625 0.4046875 0.38203125
4 0.1140625 0.31640625 0.14296875 0.2984375 0.15390625 0.309375 0.18125 0.26171875 0.23828125 0.2203125 0.27265625 0.2203125 0.3234375 0.24609375 0.328125 0.21015625 0.3078125 0.16796875 0.30625 0.11015625 0.315625 0.10390625 0.31171875 0.0984375 0.27265625 0.090625 0.20859375 0.1046875 0.1375 0.16328125 0.1140625 0.20078125 0.0984375 0.24609375 0.0984375 0.31328125
4 0.2015625 0.49921875 0.2 0.42734375 0.20546875 0.3875 0.24140625 0.39375 0.27734375 0.3796875 0.2875 0.41328125 0.2875 0.47265625 0.3 0.47265625 0.31015625 0.4171875 0.3203125 0.47265625 0.33046875 0.4859375 0.33125 0.38828125 0.4 0.38671875 0.4015625 0.37109375 0.384375 0.30546875 0.36171875 0.246875 0.35703125 0.26875 0.28203125 0.225 0.24296875 0.2203125 0.19453125 0.2484375 0.178125 0.26796875 0.1625 0.29921875 0.1609375 0.33046875 0.1484375 0.35390625 0.1484375 0.36953125 0.15703125 0.3859375 0.1796875 0.39296875 0.1796875 0.48671875 0.18515625 0.4953125 0.19296875 0.4875
4 0.0609375 0.55390625 0.0734375 0.53828125 0.0828125 0.47265625 0.08125 0.42890625 0.0984375 0.31640625 0.0984375 0.23984375 0.125 0.17890625 0.10703125 0.1765625 0.09453125 0.15625 0.08203125 0.1578125 0.059375 0.19140625 0.0375 0.30546875 0.034375 0.46953125 0.0234375 0.47890625 0.0234375 0.49609375 0.0515625 0.54921875
4 0.2171875 0.70546875 0.2234375 0.68046875 0.2515625 0.67109375 0.2515625 0.65234375 0.2171875 0.58515625 0.24921875 0.5640625 0.2578125 0.54765625 0.24765625 0.534375 0.22109375 0.5390625 0.1859375 0.52421875 0.165625 0.43515625 0.146875 0.40859375 0.146875 0.37578125 0.140625 0.37421875 0.146875 0.36484375 0.13046875 0.3703125 0.11015625 0.3640625 0.09375 0.38046875 0.0828125 0.42421875 0.0875 0.48828125 0.0984375 0.53828125 0.1171875 0.58046875 0.1609375 0.64765625 0.190625 0.66484375 0.203125 0.69765625
4 0.1625 0.82265625 0.16953125 0.7625 0.22734375 0.771875 0.2328125 0.75546875 0.2125 0.70703125 0.2 0.69609375 0.190625 0.66640625 0.159375 0.64609375 0.1015625 0.55234375 0.07421875 0.5421875 0.059375 0.56328125 0.05625 0.57890625 0.059375 0.65703125 0.0546875 0.68203125 0.0640625 0.68515625 0.06875 0.65859375 0.08046875 0.65 0.1 0.69921875 0.1375 0.74296875 0.146875 0.77578125 0.146875 0.81484375
4 0.44375 0.74140625 0.47890625 0.721875 0.50546875 0.728125 0.49375 0.72265625 0.515625 0.71796875 0.50625 0.71171875 0.50625 0.69453125 0.5234375 0.66015625 0.5265625 0.63046875 0.50234375 0.6171875 0.4875 0.62734375 0.48359375 0.6390625 0.46015625 0.634375 0.43203125 0.6046875 0.4015625 0.58671875 0.3859375 0.55703125 0.31796875 0.4859375 0.30390625 0.478125 0.28671875 0.48125 0.259375 0.51640625 0.259375 0.56953125 0.2765625 0.60859375 0.34921875 0.6984375 0.41640625 0.7390625
4 0.4875 0.90546875 0.52265625 0.8859375 0.5609375 0.83359375 0.575 0.77734375 0.5671875 0.73671875 0.54609375 0.7109375 0.53515625 0.7046875 0.51796875 0.70625 0.5234375 0.71953125 0.51640625 0.7265625 0.49921875 0.7328125 0.47890625 0.725 0.45390625 0.746875 0.42734375 0.7546875 0.41171875 0.7375 0.37734375 0.7203125 0.3765625 0.76953125 0.3171875 0.83046875 0.321875 0.84609375 0.340625 0.86328125 0.3265625 0.89609375 0.34140625 0.9 0.35859375 0.8921875 0.45234375 0.90625
4 0.7703125 0.67109375 0.79453125 0.609375 0.81953125 0.6328125 0.828125 0.62578125 0.8390625 0.57734375 0.8203125 0.46484375 0.7890625 0.37734375 0.7515625 0.32734375 0.73046875 0.3109375 0.67109375 0.2984375 0.6921875 0.31953125 0.6734375 0.35703125 0.6765625 0.42734375 0.66875 0.45390625 0.6625 0.52421875 0.67421875 0.515625 0.678125 0.53984375 0.684375 0.54140625 0.69375 0.48359375 0.71015625 0.46875 0.728125 0.50546875 0.7625 0.53671875 0.753125 0.64453125 0.7625 0.64453125 0.7640625 0.66484375
4 0.859375 0.59921875 0.86875 0.54765625 0.86875 0.43515625 0.853125 0.39453125 0.846875 0.34296875 0.828125 0.28671875 0.828125 0.26171875 0.8390625 0.25546875 0.840625 0.24765625 0.79921875 0.2140625 0.78671875 0.2125 0.7640625 0.22890625 0.765625 0.31640625 0.8203125 0.46328125 0.834375 0.52578125 0.8375 0.57265625