4 0.684375 0.39765625 0.6875 0.38671875 0.696875 0.38203125 0.69375 0.28359375 0.7046875 0.23984375 0.7015625 0.20546875 0.684375 0.16484375 0.66015625 0.140625 0.60546875 0.109375 0.53359375 0.103125 0.49765625 0.09375 0.44609375 0.096875 0.434375 0.11015625 0.4375 0.12265625 0.4265625 0.13046875 0.4578125 0.16796875 0.46875 0.20859375 0.48125 0.22890625 0.4609375 0.30546875 0.4609375 0.33359375 0.484375 0.32421875 0.4890625 0.28359375 0.51796875 0.2484375 0.54921875 0.2578125 0.60078125 0.2953125 0.65078125 0.2796875 0.6703125 0.33515625 0.675 0.38828125
4 0.278125 0.31484375 0.28125 0.29765625 0.2640625 0.25390625 0.27109375 0.2359375 0.29296875 0.25 0.34453125 0.25 0.365625 0.28359375 0.38046875 0.2953125 0.38984375 0.2890625 0.39609375 0.296875 0.4015625 0.29140625 0.41015625 0.2625 0.4734375 0.25703125 0.478125 0.23046875 0.459375 0.17578125 0.41015625 0.1171875 0.37734375 0.1140625 0.32421875 0.0875 0.30234375 0.0859375 0.26171875 0.0921875 0.2234375 0.11953125 0.2171875 0.19140625
4 0.3203125 0.59140625 0.325 0.58671875 0.3203125 0.52578125 0.32734375 0.515625 0.34609375 0.5125 0.3484375 0.50546875 0.3171875 0.48515625 0.3109375 0.43046875 0.2890625 0.38203125 0.2578125 0.27578125 0.234375 0.23515625 0.20859375 0.209375 0.20078125 0.209375 0.178125 0.22578125 0.1625 0.26328125 0.159375 0.29921875 0.17265625 0.3234375 0.190625 0.32734375 0.2 0.39609375 0.2234375 0.45234375 0.215625 0.48984375 0.2703125 0.53671875 0.31171875 0.590625
4 0.1859375 0.56796875 0.190625 0.55703125 0.1703125 0.52578125 0.19140625 0.525 0.196875 0.51015625 0.1703125 0.49140625 0.1515625 0.46015625 0.1609375 0.41484375 0.159375 0.33515625 0.1515625 0.28671875 0.15625 0.26328125 0.171875 0.24140625 0.1734375 0.22109375 0.1515625 0.21328125 0.14375 0.15390625 0.13203125 0.1390625 0.10625 0.17421875 0.096875 0.26640625 0.0875 0.29765625 0.0875 0.41484375 0.096875 0.51484375 0.12265625 0.5484375 0.13046875 0.55 0.14609375 0.5375
4 0.146875 0.67578125 0.1328125 0.64765625 0.15390625 0.6484375 0.1515625 0.63984375 0.12265625 0.61875 0.103125 0.59140625 0.10625 0.54453125 0.096875 0.51953125 0.0875 0.42109375 0.0859375 0.28671875 0.0796875 0.25390625 0.07109375 0.2484375 0.0453125 0.30078125 0.040625 0.50859375 0.0515625 0.61796875 0.0609375 0.65546875 0.07578125 0.675 0.11015625 0.665625 0.13203125 0.6765625
4 0.334375 0.88359375 0.38984375 0.8625 0.403125 0.85078125 0.4078125 0.84453125 0.403125 0.83203125 0.43125 0.80234375 0.428125 0.78203125 0.41171875 0.7765625 0.40546875 0.7625 0.37265625 0.759375 0.33828125 0.7421875 0.31171875 0.7484375 0.26796875 0.7203125 0.21953125 0.715625 0.2234375 0.70234375 0.24375 0.68515625 0.24296875 0.665625 0.20546875 0.6796875 0.1921875 0.70390625 0.1640625 0.73046875 0.1578125 0.75546875 0.159375 0.80390625 0.1765625 0.83828125 0.19609375 0.859375 0.21953125 0.871875 0.25859375 0.8765625 0.28671875 0.871875
4 0.475 0.93515625 0.48828125 0.9046875 0.61484375 0.9 0.65859375 0.878125 0.690625 0.84765625 0.7015625 0.80078125 0.690625 0.74765625 0.690625 0.67578125 0.678125 0.67890625 0.66796875 0.6421875 0.659375 0.65859375 0.6609375 0.69765625 0.65 0.74140625 0.64296875 0.7453125 0.62421875 0.7390625 0.59921875 0.740625 0.55078125 0.7703125 0.5328125 0.76015625 0.4921875 0.70234375 0.4796875 0.66796875 0.46875 0.66640625 0.4953125 0.77734375 0.48671875 0.7890625 0.43515625 0.803125 0.4265625 0.81171875 0.425 0.82578125 0.4484375 0.85078125 0.446875 0.88515625 0.4609375 0.89609375 0.4625 0.92265625
4 0.7484375 0.84140625 0.765625 0.83359375 0.7828125 0.77734375 0.7859375 0.70234375 0.778125 0.65078125 0.734375 0.50078125 0.72265625 0.4890625 0.69453125 0.4875 0.684375 0.45390625 0.66328125 0.446875 0.66328125 0.4703125 0.63984375 0.465625 0.6328125 0.47421875 0.6328125 0.48828125 0.64375 0.50546875 0.6375 0.51484375 0.6484375 0.54765625 0.66875 0.57578125 0.6765625 0.61328125 0.6921875 0.64609375 0.7046875 0.81015625 0.72734375 0.8375
4 0.8453125 0.73203125 0.86875 0.68828125 0.8671875 0.60703125 0.8265625 0.46328125 0.790625 0.39921875 0.77265625 0.384375 0.75234375 0.38125 0.72734375 0.3515625 0.7296875 0.36640625 0.75 0.39140625 0.734375 0.44921875 0.7390625 0.50859375 0.75 0.53515625 0.759375 0.53984375 0.765625 0.56484375 0.803125 0.61953125 0.8125 0.66328125 0.8328125 0.70390625 0.8390625 0.73203125
4 0.8640625 0.55078125 0.88125 0.49921875 0.88125 0.42109375 0.8484375 0.25703125 0.8171875 0.20390625 0.81484375 0.171875 0.80078125 0.1890625 0.76171875 0.178125 0.7578125 0.19609375 0.7859375 0.28203125 0.7796875 0.30078125 0.8046875 0.35859375 0.80625 0.41640625 0.8296875 0.47109375 0.846875 0.54609375 0.85078125 0.5515625
1 0.6984375 0.86484375 0.80234375 0.8421875 0.83203125 0.83125 0.8375 0.82109375 0.84375 0.73984375 0.8359375 0.73203125 0.8109375 0.66484375 0.8 0.61953125 0.75703125 0.5578125 0.7859375 0.68671875 0.7828125 0.78984375 0.771875 0.82890625 0.75703125 0.84375 0.73203125 0.84375 0.70546875 0.8234375 0.68125 0.86328125
1 0.553125 0.76484375 0.60078125 0.7375 0.64296875 0.7390625 0.6484375 0.73359375 0.6578125 0.69609375 0.6578125 0.62421875 0.66796875 0.621875 0.67109375 0.6296875 0.6765625 0.62421875 0.6640625 0.57265625 0.646875 0.55078125 0.6359375 0.51953125 0.6296875 0.47578125 0.63828125 0.4625 0.65546875 0.4625 0.66328125 0.44375 0.6875 0.45390625 0.69921875 0.484375 0.734375 0.48828125 0.734375 0.43515625 0.7453125 0.39296875 0.7265625 0.36328125 0.721875 0.33671875 0.74609375 0.371875 0.77578125 0.3828125 0.8015625 0.40390625 0.8015625 0.35703125 0.778125 0.30234375 0.7796875 0.27734375 0.75625 0.19921875 0.75625 0.18203125 0.71015625 0.159375 0.6890625 0.16171875 0.7046875 0.20546875 0.70625 0.24140625 0.696875 0.27890625 0.7 0.37421875 0.68515625 0.4015625 0.675 0.39609375 0.6671875 0.33359375 0.64765625 0.2828125 0.59921875 0.296875 0.54609375 0.259375 0.51953125 0.253125 0.4921875 0.28359375 0.4859375 0.32734375 0.47578125 0.3390625 0.459375 0.34140625 0.46328125 0.3515625 0.47578125 0.34375 0.484375 0.35234375 0.484375 0.35859375 0.4765625 0.36015625 0.47890625 0.41875 0.48203125 0.4046875 0.484375 0.40859375 0.484375 0.42109375 0.478125 0.42109375 0.4765625 0.45546875 0.484375 0.45703125 0.4859375 0.49921875 0.49140625 0.4921875 0.496875 0.50546875 0.4953125 0.54609375 0.4859375 0.54921875 0.484375 0.60859375 0.4859375 0.62734375 0.49140625 0.61875 0.49375 0.63671875 0.5 0.63515625 0.5 0.67109375 0.4875 0.66484375 0.48671875 0.6515625 0.4703125 0.66015625 0.4875 0.67109375 0.4984375 0.70390625 0.5359375 0.76015625