4 0.6984375 0.46015625 0.70625 0.45234375 0.703125 0.41640625 0.70703125 0.4109375 0.7203125 0.41328125 0.721875 0.39140625 0.703125 0.35703125 0.696875 0.29765625 0.68125 0.25703125 0.625 0.15703125 0.59765625 0.128125 0.55078125 0.1 0.51015625 0.103125 0.496875 0.12109375 0.496875 0.18515625 0.503125 0.21171875 0.496875 0.25546875 0.4984375 0.34609375 0.5109375 0.33203125 0.51796875 0.2734375 0.525 0.27421875 0.5296875 0.29765625 0.5375 0.29765625 0.5359375 0.25234375 0.54296875 0.2484375 0.5625 0.27734375 0.6109375 0.32265625 0.6296875 0.37265625 0.659375 0.40859375 0.675 0.44921875
1 0.4921875 0.35703125 0.4953125 0.24921875 0.5015625 0.21796875 0.4921875 0.17578125 0.4578125 0.16171875 0.46015625 0.1546875 0.46328125 0.1609375 0.4734375 0.15390625 0.475 0.13515625 0.46875 0.12421875 0.475 0.11796875 0.44453125 0.1109375 0.43125 0.11640625 0.43515625 0.125 0.4625 0.12578125 0.4625 0.15078125 0.45859375 0.153125 0.45546875 0.146875 0.44921875 0.1515625 0.44453125 0.1671875 0.42578125 0.1671875 0.43125 0.17265625 0.42421875 0.18125 0.4203125 0.12578125 0.425 0.11484375 0.40390625 0.1109375 0.40078125 0.11875 0.41171875 0.115625 0.41875 0.12265625 0.41875 0.13828125 0.41171875 0.153125 0.40546875 0.1453125 0.4015625 0.14921875 0.403125 0.16171875 0.41640625 0.153125 0.41875 0.16328125 0.409375 0.16953125 0.41875 0.16953125 0.41640625 0.178125 0.403125 0.16953125 0.4015625 0.17734375 0.4125 0.18203125 0.4015625 0.18359375 0.40625 0.18984375 0.3984375 0.21328125 0.39296875 0.2171875 0.3921875 0.20703125 0.3859375 0.20859375 0.3859375 0.23984375 0.39765625 0.234375 0.39375 0.24765625 0.4 0.25078125 0.4 0.26171875 0.415625 0.26640625 0.41875 0.30546875 0.42421875 0.2859375 0.425 0.29921875 0.43984375 0.31875 0.45546875 0.3203125 0.46015625 0.3109375 0.47578125 0.3171875 0.4703125 0.32890625 0.484375 0.33359375 0.4859375 0.35703125
1 0.8328125 0.73515625 0.8375 0.70390625 0.8265625 0.67734375 0.8484375 0.64765625 0.8421875 0.52890625 0.81640625 0.49375 0.79375 0.48515625 0.79609375 0.475 0.8234375 0.45859375 0.8328125 0.42421875 0.8328125 0.38984375 0.796875 0.36953125 0.7640625 0.31015625 0.75546875 0.3078125 0.7375 0.32890625 0.734375 0.36328125 0.721875 0.37734375 0.7265625 0.41640625 0.7078125 0.43515625 0.709375 0.46484375 0.72265625 0.4578125 0.7265625 0.46484375 0.715625 0.46796875 0.7265625 0.47109375 0.7140625 0.47265625 0.7203125 0.48046875 0.71015625 0.5078125 0.70234375 0.5 0.69375 0.50234375 0.725 0.54609375 0.721875 0.61171875 0.74140625 0.621875 0.7703125 0.65234375 0.81640625 0.7265625 0.8265625 0.72578125 0.8203125 0.71796875 0.8296875 0.71015625
1 0.5796875 0.44453125 0.5890625 0.43671875 0.56875 0.40859375 0.5734375 0.38671875 0.559375 0.37734375 0.54921875 0.3578125 0.540625 0.35703125 0.52734375 0.3328125 0.51484375 0.3328125 0.5046875 0.35859375 0.5296875 0.40859375 0.56015625 0.4359375
1 0.59375 0.35078125 0.59375 0.32734375 0.58515625 0.3203125 0.58125 0.33046875
1 0.6359375 0.47265625 0.6375 0.45703125 0.64765625 0.4546875 0.65625 0.44140625 0.6515625 0.42421875 0.6390625 0.42265625 0.646875 0.40078125 0.62421875 0.371875 0.60078125 0.359375 0.5984375 0.39453125 0.6109375 0.41484375 0.6203125 0.47109375
1 0.4609375 0.52265625 0.4671875 0.49453125 0.4625 0.48828125 0.4640625 0.45859375 0.4734375 0.44296875 0.4671875 0.41640625 0.478125 0.39296875 0.475 0.36171875 0.4625 0.33671875 0.4640625 0.31640625 0.45859375 0.3125 0.44765625 0.325 0.44140625 0.315625 0.434375 0.31796875 0.43359375 0.309375 0.42421875 0.3078125 0.4265625 0.31484375 0.42109375 0.3203125 0.4078125 0.31640625 0.39609375 0.346875 0.390625 0.34609375 0.390625 0.33359375 0.38515625 0.33125 0.384375 0.34609375 0.36875 0.35234375 0.3671875 0.41484375 0.3578125 0.44296875 0.3640625 0.46484375 0.353125 0.47890625 0.39140625 0.4734375 0.42109375 0.5125 0.42734375 0.503125 0.43671875 0.5015625 0.43984375 0.5171875 0.4421875 0.50546875 0.44765625 0.509375 0.45234375 0.5046875 0.4546875 0.52265625
4 0.8359375 0.44921875 0.853125 0.42734375 0.85625 0.38515625 0.871875 0.35234375 0.8734375 0.31015625 0.8625 0.27109375 0.825 0.21484375 0.80859375 0.2 0.73828125 0.15625 0.71171875 0.1453125 0.68984375 0.1484375 0.6859375 0.16953125 0.6703125 0.18046875 0.66875 0.19921875 0.690625 0.23671875 0.7296875 0.27578125 0.715625 0.36171875 0.72578125 0.371875 0.7296875 0.36796875 0.734375 0.32734375 0.76171875 0.303125 0.796875 0.36484375 0.80546875 0.371875 0.8328125 0.37578125
4 0.128125 0.52734375 0.1484375 0.51171875 0.16171875 0.490625 0.190625 0.46953125 0.21484375 0.428125 0.2703125 0.39296875 0.2625 0.31796875 0.23359375 0.2640625 0.2015625 0.28671875 0.1765625 0.32578125 0.1015625 0.40390625 0.090625 0.43515625 0.0890625 0.48984375 0.10234375 0.525
4 0.49375 0.99921875 0.5046875 0.95078125 0.51328125 0.946875 0.53515625 0.9515625 0.540625 0.94609375 0.53125 0.91796875 0.5046875 0.91015625 0.515625 0.85234375 0.5140625 0.78046875 0.4734375 0.65234375 0.4546875 0.60859375 0.4359375 0.58203125 0.4234375 0.52421875 0.403125 0.48671875 0.38984375 0.475 0.37890625 0.475 0.36015625 0.4875 0.34609375 0.4859375 0.340625 0.49453125 0.3375 0.58515625 0.35625 0.63203125 0.375 0.65703125 0.41875 0.76484375 0.43125 0.84921875 0.453125 0.90703125 0.4546875 0.96484375 0.46953125 1
4 0.6375 0.68671875 0.66328125 0.66875 0.67265625 0.66875 0.67421875 0.6796875 0.7171875 0.61484375 0.7234375 0.54921875 0.703125 0.51640625 0.66328125 0.484375 0.64140625 0.4765625 0.58359375 0.4828125 0.53984375 0.4734375 0.51015625 0.490625 0.47890625 0.49375 0.4734375 0.50234375 0.478125 0.51171875 0.465625 0.52578125 0.465625 0.54453125 0.5046875 0.57578125 0.49375 0.60703125 0.51484375 0.5984375 0.52265625 0.5875 0.54921875 0.60625 0.58984375 0.5953125 0.63046875 0.6234375 0.65859375 0.6265625 0.659375 0.65078125 0.6359375 0.66640625 0.6328125 0.68359375
4 0.846875 0.84453125 0.859375 0.80703125 0.853125 0.77734375 0.83125 0.74453125 0.80625 0.72109375 0.76875 0.65390625 0.74609375 0.628125 0.71796875 0.615625 0.678125 0.67890625 0.678125 0.72734375 0.6640625 0.74921875 0.6671875 0.82421875 0.678125 0.82109375 0.68125 0.78046875 0.71328125 0.7765625 0.74296875 0.803125 0.77890625 0.8171875 0.80234375 0.84375 0.83203125 0.8390625
4 0.8796875 0.83515625 0.8953125 0.78359375 0.9125 0.68671875 0.9109375 0.56015625 0.8984375 0.45390625 0.8875 0.42890625 0.86796875 0.41875 0.82890625 0.465625 0.8046875 0.48046875 0.8359375 0.51015625 0.846875 0.52890625 0.8546875 0.65234375 0.8390625 0.67265625 0.8375 0.68671875 0.8578125 0.71484375 0.8625 0.80390625 0.871875 0.83203125
4 0.4375 0.90078125 0.446875 0.89140625 0.43125 0.85234375 0.425 0.80390625 0.40390625 0.790625 0.3953125 0.77578125 0.4015625 0.72421875 0.396875 0.72265625 0.38203125 0.7546875 0.3828125 0.72578125 0.36640625 0.70625 0.34375 0.70703125 0.34375 0.71953125 0.353125 0.73046875 0.33984375 0.7546875 0.28515625 0.7265625 0.24609375 0.7296875 0.2421875 0.68203125 0.2578125 0.62109375 0.25234375 0.6203125 0.2421875 0.63515625 0.21640625 0.7109375 0.19296875 0.6171875 0.1890625 0.64765625 0.2 0.73046875 0.190625 0.75546875 0.1890625 0.79296875 0.1921875 0.82109375 0.2046875 0.83828125 0.23203125 0.8625 0.27734375 0.8796875 0.39296875 0.9
4 0.096875 0.81796875 0.109375 0.80859375 0.115625 0.78046875 0.146875 0.74609375 0.13984375 0.7203125 0.11484375 0.7359375 0.10625 0.73046875 0.0984375 0.65078125 0.084375 0.60703125 0.084375 0.58984375 0.1125 0.55234375 0.115625 0.53984375 0.10234375 0.5328125 0.07890625 0.54375 0.0703125 0.52734375 0.053125 0.51640625 0.03671875 0.48125 0.0296875 0.50234375 0.0296875 0.55234375 0.0390625 0.71015625 0.0671875 0.80078125 0.08203125 0.8171875
4 0.0796875 0.53828125 0.0859375 0.52578125 0.0859375 0.41328125 0.1015625 0.38359375 0.090625 0.34765625 0.1015625 0.23671875 0.11015625 0.2484375 0.1171875 0.24140625 0.103125 0.19296875 0.1125 0.16953125 0.134375 0.16015625 0.13671875 0.140625 0.12265625 0.1453125 0.11328125 0.140625 0.09765625 0.14375 0.08828125 0.1375 0.07109375 0.14375 0.06328125 0.1390625 0.04375 0.22421875 0.034375 0.43046875 0.05 0.51328125