1 0.8453125 0.6867187499999999 0.859375 0.6554687499999999 0.85625 0.6320312499999999 0.8671875 0.5382812499999999 0.84296875 0.5171874999999999 0.82421875 0.5109374999999999
1 0.8265625 0.481670673076923 0.8421875 0.445733173076923 0.828125 0.32698317307692304 0.82421875 0.31526442307692304 0.79140625 0.30745192307692304 0.78515625 0.29182692307692304 0.76875 0.33948317307692305 0.7671875 0.39260817307692303 0.8078125 0.472295673076923 0.81640625 0.482451923076923
1 0.5374999999999999 0.76484375 0.5914062499999999 0.7390625 0.60234375 0.7078125 0.6398437499999999 0.721875 0.6710937499999999 0.746875 0.6757812499999999 0.7375 0.6929687499999999 0.7375 0.7078125 0.72109375 0.7109374999999999 0.70546875 0.7328124999999999 0.69453125 0.7359374999999999 0.68359375 0.7249999999999999 0.65703125 0.7234375 0.62890625 0.7304687499999999 0.625 0.7359374999999999 0.63046875 0.7492187499999999 0.65625 0.7499999999999999 0.62734375 0.7421874999999999 0.56796875 0.7249999999999999 0.56796875 0.7203124999999999 0.51796875 0.7101562499999999 0.5 0.68046875 0.5015625 0.6765625 0.52578125 0.6585937499999999 0.5515625 0.6476562499999999 0.553125 0.6398437499999999 0.54375 0.61796875 0.5390625 0.6117187499999999 0.5125 0.5804687499999999 0.5171875 0.5695312499999999 0.5296875 0.5429687499999999 0.5328125 0.5249999999999999 0.54921875 0.5234374999999999 0.58984375 0.5101562499999999 0.609375 0.4984374999999999 0.61328125 0.5031249999999999 0.63828125 0.49531249999999993 0.64453125 0.4968749999999999 0.65234375 0.5093749999999999 0.66328125 0.5054687499999999 0.671875 0.4937499999999999 0.67421875 0.4937499999999999 0.70234375 0.5078124999999999 0.71328125 0.5148437499999999 0.728125 0.5226562499999999 0.721875 0.5265624999999999 0.73203125 0.52421875 0.75 0.5156249999999999 0.74921875 0.5148437499999999 0.734375 0.5062499999999999 0.73828125 0.5062499999999999 0.74609375 0.5226562499999999 0.7640625
1 0.5921875 0.40546875 0.6015625 0.39765625 0.5875 0.38828125 0.5875 0.37890625 0.594951923076923 0.3329326923076923 0.5853365384615384 0.3112980769230769 0.59609375 0.30625 0.5578125 0.25546875 0.54609375 0.25 0.5276442307692306 0.27884615384615385 0.518028846153846 0.2920673076923077 0.509375 0.31796875 0.5171875 0.33046875 0.5125 0.33359375 0.5234375 0.33828125 0.51875 0.34140625 0.525 0.36640625 0.53515625 0.36875 0.54609375 0.3859375 0.55625 0.38515625 0.55546875 0.3984375 0.56640625 0.384375 0.57265625 0.4
1 0.703125 0.23984375 0.721875 0.16484375 0.66015625 0.14375 0.653125 0.14921875 0.6859375 0.19921875
4 0.8734375 0.53046875 0.88984375 0.5265625 0.8953125 0.51796875 0.9046875 0.40546875 0.8921875 0.30078125 0.85 0.16171875 0.8609375 0.14296875 0.8625 0.11015625 0.85234375 0.1078125 0.83671875 0.125 0.80234375 0.090625 0.796875 0.10546875 0.8125 0.24921875 0.8 0.29765625 0.828125 0.31484375 0.84375 0.42265625 0.840625 0.46640625 0.825 0.49609375 0.86015625 0.5296875
4 0.621875 0.42109375 0.65 0.37578125 0.6625 0.33359375 0.684375 0.30546875 0.696875 0.23671875 0.68125 0.19296875 0.63671875 0.1359375 0.60390625 0.1171875 0.51953125 0.090625 0.45234375 0.1 0.45 0.11171875 0.45625 0.12734375 0.4359375 0.14140625 0.4390625 0.16328125 0.45859375 0.1890625 0.48359375 0.203125 0.4921875 0.21484375 0.4859375 0.25546875 0.4671875 0.30703125 0.47578125 0.3109375 0.49765625 0.278125 0.55078125 0.246875 0.59296875 0.3015625 0.615625 0.31015625 0.6140625 0.33203125 0.5890625 0.38515625 0.59921875 0.3875 0.634375 0.35078125 0.6140625 0.40390625 0.6140625 0.41953125
4 0.653125 0.54609375 0.6671875 0.52890625 0.675 0.50078125 0.7140625 0.47578125 0.7640625 0.35703125 0.8 0.21015625 0.79375 0.17265625 0.796875 0.14609375 0.79140625 0.134375 0.77734375 0.1390625 0.75234375 0.13125 0.7375 0.14453125 0.71875 0.18046875 0.7125 0.22265625 0.6953125 0.26328125 0.6828125 0.31484375 0.6625 0.33671875 0.63125 0.45078125 0.6296875 0.47421875 0.6171875 0.49609375 0.621875 0.53046875 0.63203125 0.534375 0.64296875 0.5265625
4 0.8125 0.79140625 0.8203125 0.78203125 0.828125 0.75078125 0.8390625 0.66796875 0.825 0.54140625 0.8140625 0.49296875 0.7921875 0.43828125 0.7625 0.38515625 0.75390625 0.38125 0.728125 0.44921875 0.7265625 0.48203125 0.7203125 0.49296875 0.7296875 0.53828125 0.7453125 0.55546875 0.7546875 0.66953125 0.74375 0.66328125 0.73046875 0.634375 0.728125 0.65234375 0.7671875 0.76015625 0.77890625 0.775
4 0.853125 0.88203125 0.8578125 0.87578125 0.85625 0.84921875 0.88046875 0.834375 0.8875 0.82265625 0.865625 0.78671875 0.84453125 0.7828125 0.82890625 0.765625 0.8203125 0.76953125 0.81640625 0.79375 0.78203125 0.778125 0.76875 0.76484375 0.7359375 0.70703125 0.71640625 0.70625 0.715625 0.71796875 0.684375 0.76015625 0.69375 0.81796875 0.69375 0.86171875 0.74453125 0.8765625 0.79296875 0.8671875 0.82109375 0.871875 0.84140625 0.8578125 0.8453125 0.87578125
4 0.621875 0.91015625 0.64296875 0.90625 0.66484375 0.8921875 0.6921875 0.85078125 0.6921875 0.81171875 0.684375 0.77578125 0.64453125 0.7296875 0.60390625 0.7125 0.6015625 0.72890625 0.61015625 0.74375 0.58046875 0.7453125 0.53671875 0.7703125 0.52421875 0.7703125 0.49609375 0.746875 0.46015625 0.75 0.4234375 0.74140625 0.421875 0.75703125 0.453125 0.77734375 0.42421875 0.784375 0.409375 0.81484375 0.4109375 0.82734375 0.4390625 0.85859375 0.4390625 0.86796875 0.4234375 0.88515625 0.42421875 0.8953125 0.44296875 0.8984375 0.46484375 0.88125 0.49765625 0.9046875 0.55703125 0.8984375 0.58671875 0.9078125
4 0.265625 0.72265625 0.2890625 0.71171875 0.296875 0.66640625 0.2921875 0.57734375 0.271875 0.51171875 0.2625 0.52265625 0.2625 0.54296875 0.271875 0.56171875 0.25859375 0.5671875 0.24375 0.54453125 0.190625 0.49609375 0.178125 0.45859375 0.159375 0.43515625 0.15625 0.40390625 0.14765625 0.3984375 0.1171875 0.46328125 0.10234375 0.465625 0.1 0.47890625 0.121875 0.49140625 0.134375 0.55703125 0.215625 0.68984375 0.24765625 0.7203125
4 0.2390625 0.84140625 0.25 0.79453125 0.25 0.76640625 0.2375 0.71484375 0.215625 0.69140625 0.134375 0.56015625 0.125 0.52890625 0.10546875 0.521875 0.0953125 0.50390625 0.08359375 0.5 0.0765625 0.57421875 0.090625 0.60078125 0.0984375 0.64609375 0.153125 0.76640625 0.171875 0.80078125 0.19609375 0.828125 0.21640625 0.840625
4 0.06875 0.71171875 0.078125 0.63359375 0.090625 0.62578125 0.0734375 0.55703125 0.0796875 0.53671875 0.078125 0.51015625 0.090625 0.48671875 0.0984375 0.44453125 0.0953125 0.36015625 0.11328125 0.3359375 0.1421875 0.31796875 0.13984375 0.29375 0.09765625 0.29375 0.07890625 0.2796875 0.0609375 0.28984375 0.04375 0.33359375 0.0296875 0.48671875 0.0359375 0.66328125 0.04375 0.69296875 0.0515625 0.69296875 0.05703125 0.7109375