1 0.6046875 0.64921875 0.60859375 0.6390625 0.61171875 0.6484375 0.62109375 0.6421875 0.62421875 0.6296875 0.6296875 0.64453125 0.6390625 0.61484375 0.6453125 0.61328125 0.646875 0.59921875 0.653125 0.59453125 0.6546875 0.58203125 0.6453125 0.57734375 0.646875 0.50234375 0.640625 0.50078125 0.63984375 0.5109375 0.634375 0.49453125 0.6375 0.48359375 0.63125 0.48203125 0.62890625 0.4640625 0.62421875 0.48125 0.61328125 0.45625 0.60859375 0.4671875 0.60078125 0.465625 0.59765625 0.45625 0.59296875 0.4640625 0.58984375 0.4515625 0.58515625 0.4625 0.58203125 0.45 0.56953125 0.4546875 0.56171875 0.4453125 0.54296875 0.4421875 0.5390625 0.46796875 0.5265625 0.46796875 0.521875 0.49453125 0.5109375 0.50703125 0.5109375 0.56953125 0.5046875 0.59609375 0.54296875 0.584375 0.57109375 0.590625 0.5859375 0.61015625 0.59375 0.64140625
4 0.55625 0.30859375 0.59609375 0.296875 0.60625 0.27734375 0.63203125 0.259375 0.653125 0.23203125 0.659375 0.18984375 0.6375 0.13671875 0.61953125 0.11875 0.58515625 0.1015625 0.50390625 0.1015625 0.46328125 0.0859375 0.43828125 0.0953125 0.41640625 0.0859375 0.40078125 0.0890625 0.4125 0.10546875 0.3890625 0.12890625 0.3796875 0.14609375 0.38125 0.15859375 0.4375 0.21640625 0.4375 0.22890625 0.44609375 0.2421875 0.47890625 0.2484375 0.50078125 0.2390625 0.53984375 0.2578125 0.57421875 0.2625 0.578125 0.27265625 0.5484375 0.29296875 0.5484375 0.30546875
4 0.7703125 0.33515625 0.765625 0.30546875 0.78515625 0.2875 0.80078125 0.284375 0.84765625 0.3078125 0.8578125 0.30234375 0.8625 0.28828125 0.8578125 0.23828125 0.8453125 0.21640625 0.81953125 0.190625 0.79765625 0.178125 0.77109375 0.1734375 0.75234375 0.159375 0.73671875 0.159375 0.7328125 0.14921875 0.71953125 0.1421875 0.71171875 0.1609375 0.690625 0.16171875 0.69375 0.18203125 0.678125 0.19296875 0.6796875 0.20390625 0.6953125 0.22890625 0.7328125 0.26796875 0.75 0.32578125
4 0.875 0.61484375 0.88828125 0.6078125 0.89921875 0.609375 0.90625 0.59765625 0.909375 0.52890625 0.9015625 0.43359375 0.8890625 0.38984375 0.8578125 0.32265625 0.84140625 0.3046875 0.79453125 0.2875 0.76875 0.30078125 0.7671875 0.31953125 0.775 0.34453125 0.8 0.36796875 0.8078125 0.39921875 0.83125 0.42890625 0.8453125 0.52109375 0.84375 0.54140625 0.82265625 0.553125 0.80546875 0.553125 0.803125 0.56328125 0.82421875 0.575 0.84453125 0.5984375
4 0.7265625 0.88359375 0.75078125 0.8796875 0.78828125 0.8609375 0.81328125 0.8578125 0.83671875 0.8296875 0.853125 0.81953125 0.8578125 0.80859375 0.85390625 0.7484375 0.82890625 0.7515625 0.8328125 0.73828125 0.82578125 0.728125 0.80078125 0.7296875 0.78828125 0.75 0.73359375 0.7390625 0.728125 0.73046875 0.7390625 0.71015625 0.73515625 0.7015625 0.6984375 0.71328125 0.69375 0.72890625 0.671875 0.75703125 0.6515625 0.80859375 0.6609375 0.82109375 0.671875 0.86171875 0.69609375 0.8796875
4 0.3953125 0.92734375 0.4125 0.91484375 0.41640625 0.89375 0.45234375 0.9046875 0.4734375 0.88984375 0.525 0.81953125 0.5546875 0.76640625 0.5875 0.69453125 0.5921875 0.66328125 0.5828125 0.60859375 0.56015625 0.5875 0.53984375 0.5875 0.5109375 0.60390625 0.5109375 0.63046875 0.4984375 0.66328125 0.4578125 0.74453125 0.43125 0.76953125 0.409375 0.81640625 0.40390625 0.8203125 0.39296875 0.803125 0.36875 0.80234375 0.371875 0.83515625 0.3921875 0.88046875 0.3828125 0.92109375
4 0.1078125 0.87421875 0.1265625 0.86171875 0.1578125 0.81953125 0.175 0.77734375 0.209375 0.72890625 0.2328125 0.68203125 0.22890625 0.671875 0.20546875 0.6765625 0.19375 0.65234375 0.17265625 0.634375 0.15703125 0.634375 0.14375 0.64921875 0.125 0.70859375 0.0984375 0.75703125 0.078125 0.77734375 0.065625 0.80703125 0.0703125 0.85546875 0.08984375 0.871875
4 0.19375 0.62890625 0.21953125 0.625 0.2234375 0.61484375 0.21484375 0.603125 0.19765625 0.603125 0.1921875 0.58828125 0.2171875 0.57734375 0.209375 0.56171875 0.2421875 0.51015625 0.25703125 0.49375 0.27578125 0.490625 0.29375 0.47421875 0.3109375 0.43046875 0.3390625 0.39453125 0.346875 0.35546875 0.3125 0.34609375 0.32265625 0.321875 0.29765625 0.3265625 0.28828125 0.346875 0.26484375 0.346875 0.25234375 0.353125 0.2234375 0.38984375 0.1640625 0.44453125 0.1375 0.48984375 0.128125 0.53515625 0.128125 0.57109375 0.1359375 0.59765625 0.16328125 0.6234375
4 0.1265625 0.47734375 0.14453125 0.4703125 0.25078125 0.353125 0.2765625 0.33984375 0.3 0.29765625 0.3 0.27265625 0.309375 0.25234375 0.30234375 0.2359375 0.27890625 0.2421875 0.2703125 0.23515625 0.27890625 0.215625 0.26015625 0.225 0.24765625 0.240625 0.22265625 0.25 0.18671875 0.2984375 0.15859375 0.309375 0.13515625 0.328125 0.12265625 0.325 0.10625 0.34296875 0.0921875 0.38359375 0.090625 0.43984375 0.1015625 0.46953125 0.11484375 0.478125
4 0.0671875 0.57109375 0.0828125 0.56015625 0.09140625 0.54375 0.1265625 0.52890625 0.128125 0.51484375 0.121875 0.51015625 0.1296875 0.50234375 0.1296875 0.49140625 0.10703125 0.490625 0.09375 0.47890625 0.090625 0.31484375 0.1109375 0.29921875 0.1125 0.28046875 0.09375 0.25546875 0.09375 0.20390625 0.06328125 0.1890625 0.0546875 0.20234375 0.0421875 0.26640625 0.0328125 0.37109375 0.0328125 0.44921875 0.0421875 0.53671875 0.0546875 0.56796875
4 0.2125 0.25703125 0.24921875 0.2375 0.278125 0.20703125 0.2796875 0.16171875 0.2625 0.12734375 0.24609375 0.1125 0.21640625 0.1046875 0.18671875 0.10625 0.15546875 0.1203125 0.12578125 0.11875 0.11484375 0.128125 0.09140625 0.109375 0.096875 0.14765625 0.078125 0.17265625 0.075 0.18984375 0.1 0.20546875 0.1140625 0.24609375 0.13515625 0.2515625 0.15234375 0.2390625 0.16953125 0.25 0.20546875 0.2515625