1 0.6015625 0.88046875 0.72578125 0.8625 0.78359375 0.8484375 0.834375 0.82734375 0.840625 0.81015625 0.8609375 0.57734375 0.8609375 0.23828125 0.85625 0.22421875 0.77265625 0.178125 0.61953125 0.13125 0.6109375 0.13359375 0.6171875 0.23515625 0.65625 0.27578125 0.684375 0.31640625 0.7265625 0.42734375 0.765625 0.47109375 0.76484375 0.4765625 0.78515625 0.4734375 0.7859375 0.48359375 0.7640625 0.50859375 0.76171875 0.56875 0.70390625 0.5515625 0.67890625 0.5515625 0.640625 0.58203125 0.62734375 0.6046875 0.61171875 0.60625 0.6140625 0.57578125 0.6328125 0.55078125 0.65 0.50859375 0.63984375 0.4890625 0.63203125 0.4890625 0.62109375 0.5078125 0.590625 0.51796875 0.590625 0.53828125 0.584375 0.54765625 0.5890625 0.54609375 0.59296875 0.5625 0.57890625 0.5640625 0.578125 0.54765625 0.5734375 0.54921875 0.578125 0.56796875 0.575 0.60859375 0.5953125 0.65078125 0.5953125 0.66796875 0.57109375 0.703125 0.55390625 0.70625 0.5484375 0.71796875 0.5375 0.72265625 0.5328125 0.76171875 0.54375 0.76953125 0.54765625 0.7859375 0.57421875 0.7984375 0.58203125 0.790625 0.5828125 0.80078125 0.6015625 0.81328125 0.60625 0.83203125 0.5859375 0.87109375 0.59140625 0.8796875
4 0.621875 0.60078125 0.67890625 0.546875 0.70546875 0.5484375 0.76015625 0.5640625 0.7609375 0.51015625 0.784375 0.47734375 0.76171875 0.48125 0.7265625 0.43046875 0.684375 0.32109375 0.65625 0.27890625 0.61640625 0.2390625 0.58515625 0.2296875 0.553125 0.24296875 0.5390625 0.28828125 0.5234375 0.29765625 0.5046875 0.32734375 0.53984375 0.353125 0.57734375 0.3703125 0.6015625 0.39296875 0.634375 0.47265625 0.6546875 0.49921875 0.6375 0.54921875 0.61875 0.57578125 0.6140625 0.59921875
4 0.3546875 0.32578125 0.41171875 0.2984375 0.43359375 0.2796875 0.51171875 0.275 0.56171875 0.2359375 0.59296875 0.2265625 0.6125 0.23203125 0.609375 0.14921875 0.58828125 0.0765625 0.578125 0.07890625 0.56953125 0.1 0.49140625 0.1171875 0.41796875 0.1453125 0.36953125 0.153125 0.36171875 0.1703125 0.35078125 0.15625 0.3296875 0.15859375 0.334375 0.21328125 0.3109375 0.27890625 0.31796875 0.290625 0.34453125 0.28125 0.36875 0.28984375 0.35 0.32578125
4 0.2296875 0.36484375 0.2265625 0.25859375 0.27890625 0.25 0.32734375 0.2125 0.334375 0.20078125 0.325 0.18359375 0.325 0.16484375 0.33359375 0.153125 0.4234375 0.13828125 0.3984375 0.09296875 0.39375 0.06484375 0.38203125 0.0515625 0.3734375 0.05234375 0.36796875 0.0828125 0.34296875 0.078125 0.24765625 0.0984375 0.20703125 0.125 0.1859375 0.15078125 0.175 0.17734375 0.1734375 0.21953125 0.2015625 0.27421875 0.221875 0.35546875
4 0.5421875 0.57578125 0.5546875 0.51015625 0.56015625 0.5046875 0.58828125 0.509375 0.61796875 0.5 0.621875 0.47890625 0.6296875 0.47109375 0.621875 0.43828125 0.609375 0.42578125 0.5953125 0.39453125 0.57265625 0.375 0.53828125 0.3609375 0.48203125 0.3140625 0.46015625 0.3046875 0.40859375 0.303125 0.36015625 0.3265625 0.3515625 0.33515625 0.3421875 0.36328125 0.3421875 0.40859375 0.3625 0.45390625 0.34375 0.46796875 0.3328125 0.53984375 0.37734375 0.4625 0.384375 0.47265625 0.384375 0.49453125 0.39765625 0.5453125 0.4109375 0.54140625 0.4046875 0.50234375 0.41328125 0.471875 0.43984375 0.49375 0.50703125 0.5078125 0.5078125 0.52890625 0.50078125 0.525 0.4984375 0.53046875 0.5078125 0.53359375 0.4953125 0.55546875 0.503125 0.56015625 0.51796875 0.5234375 0.5296875 0.57109375
4 0.3046875 0.76171875 0.3203125 0.75390625 0.3203125 0.74140625 0.3 0.70859375 0.284375 0.65546875 0.2984375 0.59765625 0.3 0.50078125 0.31328125 0.5 0.32578125 0.5265625 0.3296875 0.49453125 0.3140625 0.45703125 0.33359375 0.446875 0.35390625 0.4578125 0.3578125 0.44765625 0.34453125 0.43125 0.3078125 0.40703125 0.3046875 0.30546875 0.3 0.27265625 0.29140625 0.265625 0.275 0.29765625 0.2390625 0.33203125 0.2328125 0.34609375 0.2328125 0.36171875 0.2421875 0.37265625 0.2421875 0.39296875 0.209375 0.54453125 0.2078125 0.63828125 0.2125 0.68828125 0.2265625 0.72265625 0.24296875 0.7359375 0.26328125 0.7328125
4 0.1546875 0.60546875 0.1828125 0.56640625 0.1890625 0.54765625 0.2109375 0.52890625 0.2296875 0.42421875 0.215625 0.32890625 0.1984375 0.27421875 0.1734375 0.22421875 0.1734375 0.17265625 0.159375 0.14453125 0.1578125 0.12578125 0.15078125 0.1234375 0.13125 0.15234375 0.11875 0.28359375 0.1359375 0.33828125 0.1453125 0.40859375 0.1609375 0.46015625
4 0.1125 0.64921875 0.1203125 0.64140625 0.1359375 0.59296875 0.153125 0.57890625 0.1609375 0.47109375 0.1359375 0.34609375 0.11875 0.29296875 0.1125 0.21953125 0.10234375 0.2171875 0.084375 0.23671875 0.075 0.31484375 0.0625 0.35078125 0.06875 0.37421875 0.0796875 0.38515625 0.0859375 0.46015625 0.103125 0.51484375 0.10625 0.55859375 0.11875 0.57890625 0.109375 0.63203125
4 0.0859375 0.77265625 0.11796875 0.7421875 0.13828125 0.7421875 0.146875 0.73359375 0.1421875 0.71640625 0.12265625 0.709375 0.103125 0.67734375 0.1015625 0.60234375 0.0890625 0.54921875 0.0890625 0.52734375 0.1 0.50859375 0.05859375 0.3515625 0.040625 0.38046875 0.03125 0.43515625 0.03125 0.59140625 0.0375 0.64921875 0.0578125 0.73984375 0.071875 0.76484375
4 0.53125 0.78046875 0.521875 0.73046875 0.525 0.71484375 0.53359375 0.70625 0.57109375 0.6921875 0.5921875 0.66328125 0.5921875 0.65390625 0.5703125 0.61953125 0.56875 0.56640625 0.55859375 0.5453125 0.5515625 0.55078125 0.54296875 0.58125 0.52578125 0.5734375 0.46640625 0.5671875 0.42421875 0.55 0.39296875 0.5484375 0.35078125 0.5640625 0.309375 0.60078125 0.3015625 0.62421875 0.3015625 0.66953125 0.3078125 0.71015625 0.32734375 0.7515625 0.34921875 0.75 0.36328125 0.725 0.41640625 0.740625 0.47421875 0.7328125 0.4859375 0.74921875 0.4734375 0.75703125 0.47109375 0.7765625 0.51015625 0.7609375
4 0.521875 0.91171875 0.55234375 0.8890625 0.5875 0.89921875 0.5734375 0.88203125 0.5734375 0.87109375 0.6015625 0.82890625 0.58984375 0.8078125 0.53046875 0.7859375 0.51171875 0.7640625 0.47109375 0.78125 0.42109375 0.75 0.39296875 0.75 0.36953125 0.7609375 0.34140625 0.7515625 0.3078125 0.76640625 0.3109375 0.85859375 0.3046875 0.88515625 0.31171875 0.9 0.32734375 0.89375 0.35078125 0.9046875 0.41171875 0.909375 0.49140625 0.90625