4 0.5546875 0.59453125 0.5703125 0.58671875 0.58515625 0.5578125 0.60078125 0.565625 0.609375 0.56171875 0.609375 0.54921875 0.5921875 0.53046875 0.5890625 0.48046875 0.5734375 0.45078125 0.55390625 0.43125 0.53203125 0.421875 0.50546875 0.390625 0.44453125 0.3421875 0.42265625 0.315625 0.38671875 0.3125 0.36484375 0.3265625 0.35078125 0.3265625 0.359375 0.31953125 0.3546875 0.30390625 0.32578125 0.2984375 0.321875 0.31171875 0.334375 0.33359375 0.321875 0.36328125 0.30703125 0.3671875 0.3015625 0.37734375 0.3015625 0.39296875 0.315625 0.42265625 0.34296875 0.4203125 0.35859375 0.4265625 0.38984375 0.4734375 0.44140625 0.5046875 0.46953125 0.534375 0.49140625 0.540625 0.52734375 0.5859375
4 0.578125 0.40234375 0.5828125 0.39921875 0.58125 0.35234375 0.59375 0.33984375 0.6 0.30703125 0.58125 0.28046875 0.5484375 0.19453125 0.4875 0.11796875 0.45234375 0.0921875 0.38984375 0.0828125 0.35390625 0.1015625 0.3390625 0.14140625 0.3359375 0.17421875 0.34375 0.21953125 0.3421875 0.26171875 0.35 0.29609375 0.3640625 0.31640625 0.36953125 0.31875 0.378125 0.31015625 0.38125 0.26484375 0.3875 0.24453125 0.39453125 0.2421875 0.42421875 0.2703125 0.4640625 0.28671875 0.4640625 0.32578125 0.45703125 0.3203125 0.4390625 0.32265625 0.46015625 0.3515625 0.49140625 0.365625 0.51171875 0.3375 0.56484375 0.3984375
4 0.3421875 0.29609375 0.346875 0.28671875 0.334375 0.21171875 0.340625 0.12109375 0.32421875 0.0984375 0.29296875 0.090625 0.22421875 0.0953125 0.16953125 0.1109375 0.14140625 0.1265625 0.1171875 0.10546875 0.1265625 0.13671875 0.1109375 0.18671875 0.11796875 0.2109375 0.15078125 0.228125 0.20390625 0.2203125 0.22578125 0.20625 0.24296875 0.2078125 0.26328125 0.221875 0.27421875 0.2140625 0.28671875 0.215625 0.3171875 0.26796875 0.3234375 0.29296875
4 0.1640625 0.40078125 0.16875 0.39453125 0.165625 0.38046875 0.18046875 0.3640625 0.19296875 0.35625 0.20703125 0.3609375 0.26015625 0.321875 0.28828125 0.3140625 0.3125 0.29921875 0.3171875 0.28046875 0.290625 0.25703125 0.28125 0.23671875 0.28125 0.22734375 0.2890625 0.22109375 0.28359375 0.215625 0.26328125 0.2265625 0.24453125 0.209375 0.22890625 0.20625 0.20390625 0.221875 0.13359375 0.2296875 0.1 0.25859375 0.0828125 0.30703125 0.0875 0.36171875 0.13046875 0.3953125
4 0.04375 0.46953125 0.059375 0.43984375 0.078125 0.42578125 0.0890625 0.37265625 0.0828125 0.34765625 0.0828125 0.30390625 0.090625 0.27421875 0.1078125 0.24453125 0.1 0.16328125 0.08671875 0.1421875 0.07890625 0.1421875 0.059375 0.16953125 0.0453125 0.22890625 0.034375 0.37890625 0.0359375 0.45859375
4 0.13125 0.60859375 0.1484375 0.56953125 0.1625 0.56640625 0.1859375 0.51328125 0.19609375 0.503125 0.22578125 0.503125 0.25703125 0.4890625 0.26875 0.49453125 0.278125 0.51796875 0.2671875 0.55390625 0.2671875 0.57578125 0.27109375 0.5828125 0.2765625 0.57890625 0.2875 0.53828125 0.3 0.51640625 0.2984375 0.48046875 0.3140625 0.43359375 0.3125 0.41640625 0.3 0.39140625 0.3109375 0.34765625 0.3046875 0.32890625 0.29140625 0.31875 0.26640625 0.3203125 0.22265625 0.35 0.1390625 0.43828125 0.10625 0.54765625 0.1078125 0.55859375 0.11796875 0.5578125 0.1234375 0.56640625 0.121875 0.59921875
4 0.03125 0.78671875 0.0453125 0.78046875 0.08125 0.71484375 0.07890625 0.703125 0.06015625 0.71875 0.0515625 0.71484375 0.0578125 0.68984375 0.0578125 0.59921875 0.0828125 0.56953125 0.06875 0.53828125 0.090625 0.46953125 0.08671875 0.4359375 0.06953125 0.4390625 0.06796875 0.446875 0.0671875 0.43984375 0.0609375 0.43984375 0.0609375 0.44765625 0.0234375 0.49453125 0.0125 0.53203125 0.0015625 0.62734375 0.0015625 0.73671875 0.0125 0.78515625
4 0.5796875 0.90546875 0.61640625 0.8984375 0.6359375 0.88203125 0.6546875 0.85234375 0.6625 0.83046875 0.6625 0.80703125 0.6453125 0.76484375 0.6171875 0.73828125 0.60703125 0.71875 0.56484375 0.7109375 0.5546875 0.71484375 0.5578125 0.72890625 0.58515625 0.7421875 0.5875 0.74921875 0.55078125 0.75 0.51640625 0.759375 0.48828125 0.7359375 0.45234375 0.7234375 0.42421875 0.6921875 0.41875 0.69921875 0.4171875 0.72890625 0.40078125 0.728125 0.3921875 0.73984375 0.3953125 0.76953125 0.4140625 0.81171875 0.38203125 0.8046875 0.378125 0.81953125 0.39296875 0.83125 0.41953125 0.8390625 0.43359375 0.8546875 0.47734375 0.8828125 0.50390625 0.8875 0.54140625 0.9046875
4 0.70625 0.88359375 0.75546875 0.871875 0.828125 0.83203125 0.8546875 0.77421875 0.853125 0.75546875 0.83515625 0.7296875 0.80546875 0.725 0.78515625 0.746875 0.76328125 0.7375 0.73828125 0.7390625 0.7375 0.72890625 0.759375 0.70546875 0.75859375 0.690625 0.7171875 0.71953125 0.709375 0.73671875 0.675 0.77578125 0.6640625 0.80390625 0.6609375 0.83828125 0.6734375 0.87109375 0.68671875 0.88125
4 0.85625 0.75234375 0.8765625 0.62421875 0.878125 0.43203125 0.865625 0.35546875 0.8484375 0.32421875 0.83203125 0.3140625 0.821875 0.33046875 0.7890625 0.48984375 0.7890625 0.49921875 0.79453125 0.5015625 0.80859375 0.4609375 0.8171875 0.58046875 0.8078125 0.60390625 0.8078125 0.64765625 0.7921875 0.70703125 0.8046875 0.70234375 0.81640625 0.671875 0.821875 0.68046875 0.8234375 0.72109375
1 0.7546875 0.49921875 0.76796875 0.484375 0.78046875 0.484375 0.7859375 0.49140625 0.821875 0.32109375 0.83359375 0.3109375 0.85625 0.31015625 0.853125 0.22421875 0.80234375 0.1953125 0.70703125 0.1578125 0.55390625 0.11875 0.49296875 0.115625 0.51875 0.15859375 0.5515625 0.19609375 0.584375 0.28359375 0.6015625 0.30703125 0.59375 0.34609375 0.584375 0.35234375 0.58203125 0.4046875 0.56796875 0.40625 0.51328125 0.3484375 0.50625 0.34921875 0.4953125 0.37734375 0.53671875 0.421875 0.5734375 0.44609375 0.59296875 0.4828125 0.60859375 0.475 0.63984375 0.4765625 0.64453125 0.4828125 0.66328125 0.4796875 0.68359375 0.490625 0.68671875 0.484375 0.69453125 0.4859375 0.68984375 0.4921875 0.69921875 0.4921875 0.70234375 0.48125 0.70703125 0.4921875 0.70859375 0.4859375 0.71484375 0.4921875 0.71796875 0.48125 0.72109375 0.4859375 0.73359375 0.4828125 0.73828125 0.4953125 0.74921875 0.490625