4 0.43125 0.45234375 0.4453125 0.39921875 0.47890625 0.3734375 0.52578125 0.39375 0.58515625 0.3859375 0.60390625 0.4140625 0.61328125 0.4203125 0.62421875 0.4171875 0.64921875 0.3828125 0.67890625 0.3671875 0.7046875 0.36171875 0.70625 0.31484375 0.69375 0.28984375 0.709375 0.27578125 0.7109375 0.26484375 0.70234375 0.2609375 0.67890625 0.2703125 0.63984375 0.2375 0.60859375 0.2375 0.56953125 0.2171875 0.54765625 0.2125 0.49296875 0.2171875 0.44296875 0.234375 0.428125 0.24765625 0.4203125 0.26796875 0.4203125 0.30546875 0.4296875 0.35546875 0.403125 0.43515625 0.403125 0.44453125 0.40859375 0.4453125 0.42421875 0.4234375 0.425 0.45078125
4 0.68125 0.26640625 0.6859375 0.26328125 0.6796875 0.24296875 0.68125 0.17265625 0.6671875 0.13984375 0.64921875 0.1234375 0.58515625 0.10625 0.47578125 0.0890625 0.42734375 0.090625 0.4140625 0.10390625 0.415625 0.13203125 0.396875 0.15390625 0.396875 0.16171875 0.40546875 0.1765625 0.4484375 0.20078125 0.43828125 0.2359375 0.49765625 0.215625 0.55546875 0.2125 0.61171875 0.2375 0.63828125 0.2359375 0.66640625 0.2625
4 0.175 0.70078125 0.21875 0.58359375 0.225 0.54140625 0.259375 0.46015625 0.275 0.38046875 0.3 0.33515625 0.2921875 0.27890625 0.2828125 0.26171875 0.25234375 0.2359375 0.2421875 0.23828125 0.2171875 0.27734375 0.2078125 0.33828125 0.153125 0.53671875 0.15 0.63515625 0.1625 0.65546875 0.165625 0.69609375
4 0.3859375 0.92578125 0.39296875 0.9 0.41796875 0.9015625 0.428125 0.88671875 0.4078125 0.85390625 0.4 0.81953125 0.365625 0.78671875 0.35 0.71796875 0.34296875 0.715625 0.32578125 0.734375 0.2921875 0.67578125 0.2609375 0.64921875 0.259375 0.59296875 0.275 0.52578125 0.26015625 0.51875 0.2515625 0.52890625 0.228125 0.60546875 0.2078125 0.61640625 0.196875 0.64296875 0.2015625 0.72421875 0.234375 0.80390625 0.259375 0.83828125 0.32890625 0.8875 0.36171875 0.9
4 0.446875 0.88359375 0.4515625 0.73515625 0.4453125 0.70546875 0.41875 0.64453125 0.40625 0.56640625 0.35625 0.43984375 0.33359375 0.4171875 0.30859375 0.409375 0.29375 0.42109375 0.2796875 0.46484375 0.25546875 0.475 0.2484375 0.49453125 0.27421875 0.5015625 0.2828125 0.51328125 0.275 0.57109375 0.3078125 0.58046875 0.3109375 0.62734375 0.3375 0.69765625 0.353125 0.72109375 0.3578125 0.76171875 0.36875 0.79140625 0.37578125 0.8 0.38515625 0.8 0.4 0.81796875 0.4109375 0.85546875 0.421875 0.87109375
4 0.5078125 0.68828125 0.53203125 0.68125 0.56328125 0.65625 0.62890625 0.6234375 0.66875 0.57421875 0.64140625 0.5390625 0.62109375 0.528125 0.60390625 0.5265625 0.596875 0.51796875 0.59609375 0.4203125 0.575 0.48203125 0.55234375 0.51875 0.52109375 0.509375 0.49765625 0.509375 0.46015625 0.528125 0.4453125 0.49453125 0.4484375 0.45234375 0.44375 0.43828125 0.43984375 0.434375 0.42890625 0.453125 0.415625 0.44296875 0.4203125 0.54296875 0.409375 0.56953125 0.409375 0.59921875 0.421875 0.64921875 0.43984375 0.671875 0.45234375 0.678125
4 0.51875 0.88515625 0.534375 0.86328125 0.528125 0.83359375 0.53828125 0.815625 0.64921875 0.771875 0.675 0.73828125 0.68125 0.69921875 0.6796875 0.64609375 0.64921875 0.61875 0.63828125 0.61875 0.56015625 0.659375 0.51640625 0.7 0.48359375 0.71875 0.459375 0.75234375 0.45 0.78359375 0.453125 0.87109375 0.47734375 0.871875 0.50390625 0.8609375 0.5078125 0.88359375
4 0.596875 0.91015625 0.69140625 0.8890625 0.7125 0.87109375 0.71875 0.85234375 0.740625 0.82734375 0.75 0.79921875 0.7453125 0.75703125 0.72421875 0.7296875 0.69296875 0.709375 0.68125 0.71328125 0.671875 0.74765625 0.64921875 0.7734375 0.54609375 0.8125 0.53125 0.82890625 0.5328125 0.84765625 0.546875 0.85703125 0.5515625 0.87265625 0.5515625 0.88203125 0.53125 0.89765625 0.55703125 0.9 0.56640625 0.89375
4 0.8625 0.81171875 0.87421875 0.8109375 0.884375 0.79296875 0.8875 0.73515625 0.86875 0.61328125 0.8390625 0.51796875 0.82421875 0.503125 0.80546875 0.4984375 0.78125 0.53046875 0.778125 0.55234375 0.765625 0.56953125 0.7640625 0.58203125 0.8015625 0.64765625 0.8046875 0.67421875 0.821875 0.71640625 0.8140625 0.74296875 0.83125 0.78359375 0.84296875 0.8
4 0.78125 0.52421875 0.80078125 0.46875 0.8203125 0.49140625 0.8078125 0.43359375 0.81875 0.36015625 0.83515625 0.3421875 0.84375 0.35546875 0.84375 0.38203125 0.84765625 0.3890625 0.8515625 0.38515625 0.8671875 0.30390625 0.871875 0.25546875 0.865625 0.22421875 0.85703125 0.2109375 0.83984375 0.203125 0.81953125 0.2109375 0.7953125 0.23984375 0.7703125 0.32265625 0.753125 0.33984375 0.7375 0.41328125 0.70625 0.44765625 0.71640625 0.4515625 0.74609375 0.4375 0.75625 0.44140625 0.7765625 0.52421875
1 0.7625 0.49296875 0.759375 0.46328125 0.75078125 0.4453125 0.7046875 0.45859375 0.7078125 0.46484375 0.7015625 0.46796875 0.71015625 0.4703125 0.71796875 0.484375 0.73828125 0.484375 0.75390625 0.4921875 0.75859375 0.4859375
1 0.703125 0.44921875 0.734375 0.41484375 0.75 0.34296875 0.771875 0.31484375 0.784375 0.26015625 0.80625 0.20859375 0.80390625 0.2 0.78515625 0.1890625 0.67890625 0.15 0.6875 0.25390625 0.69140625 0.259375 0.70859375 0.259375 0.7140625 0.26640625 0.696875 0.29140625 0.7078125 0.31328125 0.709375 0.36171875 0.6796875 0.37421875 0.6875 0.40078125 0.684375 0.42734375 0.6921875 0.43203125 0.684375 0.44453125
1 0.8234375 0.44609375 0.83359375 0.4453125 0.83515625 0.4390625 0.83828125 0.44375 0.84453125 0.4390625 0.84765625 0.4453125 0.85234375 0.4390625 0.85546875 0.4453125 0.8625 0.44296875 0.8671875 0.41953125 0.86328125 0.3265625 0.84765625 0.378125 0.83515625 0.34375 0.8203125 0.35703125 0.809375 0.43359375 0.81328125 0.446875