4 0.4015625 0.27421875 0.4203125 0.25703125 0.4328125 0.21640625 0.48046875 0.1828125 0.503125 0.15703125 0.503125 0.13828125 0.4828125 0.13046875 0.45546875 0.0796875 0.43515625 0.09375 0.41484375 0.0859375 0.38359375 0.09375 0.27890625 0.09375 0.23828125 0.10625 0.228125 0.11484375 0.2171875 0.15390625 0.2171875 0.19921875 0.2078125 0.22734375 0.20859375 0.2453125 0.22421875 0.2453125 0.24609375 0.25625 0.2453125 0.23515625 0.26796875 0.228125 0.28515625 0.2453125 0.31328125 0.2515625 0.36640625 0.2328125 0.38125 0.26484375
4 0.3890625 0.48828125 0.4 0.47734375 0.390625 0.44765625 0.4015625 0.43671875 0.4015625 0.42421875 0.3875 0.40390625 0.396875 0.39609375 0.396875 0.38359375 0.37265625 0.38125 0.35078125 0.35625 0.31015625 0.325 0.26171875 0.2703125 0.22421875 0.25 0.19453125 0.253125 0.1734375 0.28359375 0.1609375 0.41171875 0.17578125 0.4125 0.18515625 0.4234375 0.19375 0.40078125 0.20703125 0.4 0.22734375 0.4296875 0.27421875 0.446875 0.30703125 0.4828125 0.33984375 0.478125 0.37265625 0.4890625
4 0.1375 0.53359375 0.1515625 0.52109375 0.165625 0.47265625 0.165625 0.45390625 0.1578125 0.43984375 0.1609375 0.34765625 0.146875 0.27734375 0.17265625 0.265625 0.1734375 0.25234375 0.1671875 0.23828125 0.14375 0.22109375 0.14375 0.18515625 0.13046875 0.140625 0.11875 0.16171875 0.1 0.17890625 0.084375 0.28671875 0.0828125 0.36015625 0.0875 0.43203125 0.103125 0.51015625 0.11328125 0.5296875
4 0.0984375 0.65390625 0.115625 0.63984375 0.12265625 0.625 0.159375 0.60859375 0.159375 0.60234375 0.14375 0.59296875 0.1609375 0.56953125 0.14921875 0.565625 0.13046875 0.5734375 0.1109375 0.55859375 0.1109375 0.53046875 0.0984375 0.49453125 0.0859375 0.42109375 0.0828125 0.30078125 0.075 0.25390625 0.06640625 0.2453125 0.0484375 0.29140625 0.03125 0.29453125 0.03125 0.30859375 0.0421875 0.32734375 0.040625 0.50078125 0.0640625 0.62578125 0.07734375 0.65
4 0.3234375 0.67265625 0.34609375 0.6484375 0.39296875 0.6390625 0.4375 0.61953125 0.440625 0.60078125 0.4265625 0.58359375 0.4328125 0.55703125 0.42421875 0.546875 0.40625 0.54140625 0.4171875 0.50390625 0.38828125 0.5234375 0.36015625 0.4890625 0.30390625 0.4828125 0.27265625 0.4484375 0.25390625 0.440625 0.20234375 0.434375 0.17265625 0.45 0.1625 0.51015625 0.171875 0.56796875 0.184375 0.59453125 0.18828125 0.5984375 0.21328125 0.5890625 0.24609375 0.6265625 0.26640625 0.6328125 0.29765625 0.63125 0.2984375 0.66328125
4 0.409375 0.89921875 0.4234375 0.89140625 0.4328125 0.85703125 0.4484375 0.84453125 0.446875 0.83359375 0.42578125 0.8140625 0.39296875 0.825 0.3796875 0.81640625 0.38125 0.78046875 0.3578125 0.74609375 0.35625 0.71484375 0.34765625 0.7078125 0.33671875 0.709375 0.31796875 0.7390625 0.26015625 0.7109375 0.21640625 0.7234375 0.1890625 0.67265625 0.190625 0.63359375 0.17734375 0.6046875 0.1671875 0.64921875 0.15859375 0.64375 0.15625 0.65234375 0.1671875 0.71796875 0.1640625 0.78828125 0.175 0.82890625 0.20859375 0.8578125 0.25546875 0.88125 0.31328125 0.8859375 0.35234375 0.9
4 0.4734375 0.82578125 0.53984375 0.7953125 0.6484375 0.73203125 0.6625 0.71015625 0.671875 0.66484375 0.68125 0.64765625 0.6703125 0.62734375 0.671875 0.61328125 0.65078125 0.5921875 0.63203125 0.5875 0.58671875 0.621875 0.56015625 0.6203125 0.53203125 0.6296875 0.48203125 0.671875 0.43828125 0.6828125 0.41328125 0.7171875 0.39296875 0.7234375 0.378125 0.74140625 0.371875 0.76171875 0.3828125 0.78203125 0.38515625 0.81875 0.39765625 0.8203125 0.41015625 0.8078125 0.41953125 0.8078125 0.44765625 0.8234375
4 0.5453125 0.91484375 0.64765625 0.89375 0.66953125 0.9 0.70234375 0.875 0.715625 0.87265625 0.7171875 0.85390625 0.70625 0.84765625 0.690625 0.78984375 0.66953125 0.759375 0.63984375 0.7671875 0.63203125 0.78125 0.62109375 0.7796875 0.59609375 0.7609375 0.484375 0.82578125 0.478125 0.85078125 0.4953125 0.89140625 0.51484375 0.9078125
4 0.8328125 0.81796875 0.8421875 0.79609375 0.859375 0.77890625 0.859375 0.74453125 0.86875 0.70703125 0.846875 0.55078125 0.83125 0.49453125 0.8109375 0.45078125 0.76015625 0.415625 0.7734375 0.44453125 0.759375 0.48984375 0.75625 0.52890625 0.746875 0.53671875 0.7546875 0.60078125 0.75859375 0.609375 0.7640625 0.60703125 0.77109375 0.5765625 0.7828125 0.62890625 0.8046875 0.68203125 0.809375 0.73984375 0.825 0.81015625
4 0.8671875 0.54921875 0.8796875 0.49921875 0.88125 0.43359375 0.875 0.37421875 0.85 0.25390625 0.821875 0.19609375 0.79765625 0.171875 0.78515625 0.16875 0.77890625 0.1796875 0.76640625 0.1765625 0.759375 0.19140625 0.7890625 0.27578125 0.7796875 0.29765625 0.7921875 0.33359375 0.8046875 0.34921875 0.809375 0.43984375 0.8453125 0.54453125
1 0.746875 0.85390625 0.79765625 0.840625 0.821875 0.82421875 0.7984375 0.67421875 0.775 0.61796875 0.76015625 0.6171875 0.753125 0.60859375 0.74375 0.55390625 0.7671875 0.45078125 0.7671875 0.43828125 0.7546875 0.41484375 0.76171875 0.409375 0.79609375 0.428125 0.8015625 0.42578125 0.803125 0.41328125 0.8015625 0.35703125 0.7796875 0.31484375 0.7765625 0.28828125 0.7828125 0.27265625 0.7546875 0.18203125 0.70859375 0.159375 0.62421875 0.1328125 0.53046875 0.1171875 0.49609375 0.11875 0.49375 0.12578125 0.5078125 0.13828125 0.5046875 0.15859375 0.48984375 0.1796875 0.4390625 0.21640625 0.4296875 0.23515625 0.428125 0.26015625 0.4 0.27890625 0.4046875 0.28359375 0.4 0.30703125 0.4046875 0.32265625 0.40859375 0.328125 0.42109375 0.328125 0.421875 0.29921875 0.43515625 0.2984375 0.4296875 0.32734375 0.4234375 0.33046875 0.4359375 0.34609375 0.43125 0.37265625 0.4375 0.37421875 0.43984375 0.3359375 0.45078125 0.3390625 0.4609375 0.35546875 0.47578125 0.3609375 0.48046875 0.3703125 0.490625 0.36640625 0.4890625 0.38203125 0.5 0.39765625 0.4953125 0.41640625 0.49921875 0.4203125 0.5015625 0.40859375 0.50625 0.40859375 0.5203125 0.48359375 0.52890625 0.4953125 0.53359375 0.490625 0.5390625 0.49453125 0.5421875 0.50703125 0.53671875 0.51875 0.53125 0.51484375 0.53125 0.50234375 0.52578125 0.5015625 0.528125 0.51484375 0.51796875 0.5171875 0.515625 0.49296875 0.5109375 0.49296875 0.5109375 0.52734375 0.5234375 0.52578125 0.5109375 0.53515625 0.525 0.54921875 0.53125 0.56796875 0.525 0.57421875 0.5328125 0.57734375 0.525 0.58046875 0.525 0.59140625 0.5375 0.60859375 0.52890625 0.6109375 0.525 0.62109375 0.58515625 0.615625 0.63046875 0.584375 0.64921875 0.5875 0.675 0.61015625 0.684375 0.64921875 0.675 0.66640625 0.665625 0.71171875 0.64140625 0.74375 0.6140625 0.76171875 0.62734375 0.7671875 0.65078125 0.7546875 0.66796875 0.753125 0.69296875 0.778125 0.73359375 0.7875 0.7421875 0.80390625 0.7375 0.85078125