4 0.3390625 0.51015625 0.35078125 0.4875 0.35703125 0.4984375 0.3625 0.49453125 0.3671875 0.39765625 0.38046875 0.390625 0.43984375 0.4125 0.44375 0.38828125 0.4265625 0.31015625 0.409375 0.27734375 0.40078125 0.2703125 0.39296875 0.275 0.32265625 0.2203125 0.28046875 0.2140625 0.23984375 0.234375 0.2125 0.26484375 0.2 0.30390625 0.2015625 0.35390625 0.2234375 0.39609375 0.240625 0.47734375 0.25078125 0.5 0.25625 0.49921875 0.2578125 0.48359375 0.2484375 0.42890625 0.2515625 0.38828125 0.29140625 0.39375 0.32265625 0.3765625 0.3296875 0.38203125 0.340625 0.44296875 0.334375 0.47890625
4 0.4609375 0.42734375 0.4703125 0.39765625 0.45625 0.33828125 0.4578125 0.29609375 0.50546875 0.2875 0.55078125 0.25625 0.5515625 0.30546875 0.53125 0.33984375 0.53828125 0.3515625 0.5453125 0.34609375 0.565625 0.31796875 0.584375 0.26015625 0.5984375 0.23984375 0.6609375 0.18671875 0.65 0.15078125 0.634375 0.13203125 0.63671875 0.1078125 0.60390625 0.1140625 0.58046875 0.1015625 0.55546875 0.10625 0.52109375 0.1015625 0.47734375 0.1046875 0.43359375 0.1328125 0.4140625 0.15234375 0.39375 0.18984375 0.375 0.19765625 0.3765625 0.21328125 0.3875 0.21796875 0.3890625 0.26328125 0.409375 0.27578125 0.425 0.30390625 0.4453125 0.40078125 0.453125 0.42265625
4 0.1859375 0.31484375 0.1984375 0.30703125 0.2140625 0.26015625 0.2359375 0.23359375 0.23125 0.19296875 0.2625 0.13046875 0.265625 0.11796875 0.25859375 0.1125 0.240625 0.12109375 0.228125 0.15078125 0.20078125 0.175 0.17578125 0.1609375 0.1515625 0.16015625 0.1640625 0.14609375 0.16484375 0.1296875 0.11953125 0.1359375 0.0671875 0.21171875 0.0765625 0.27421875 0.08359375 0.2828125 0.13046875 0.3140625
4 0.271875 0.66796875 0.2765625 0.66328125 0.275 0.61640625 0.2984375 0.60078125 0.2921875 0.58046875 0.2984375 0.56796875 0.275 0.55078125 0.246875 0.49921875 0.225 0.40703125 0.19375 0.33671875 0.17734375 0.31875 0.16015625 0.3140625 0.13828125 0.3171875 0.121875 0.35234375 0.1203125 0.43515625 0.109375 0.48828125 0.11953125 0.5046875 0.128125 0.46328125 0.14609375 0.44375 0.153125 0.47578125 0.1828125 0.54609375 0.18125 0.60234375 0.1703125 0.63203125 0.1703125 0.63984375 0.1796875 0.64296875 0.18125 0.65703125 0.1875 0.65546875 0.21640625 0.6046875 0.2625 0.66796875
4 0.0703125 0.60078125 0.0875 0.57578125 0.103125 0.50546875 0.103125 0.48046875 0.0890625 0.47578125 0.0875 0.37578125 0.0984375 0.32421875 0.075 0.27109375 0.071875 0.23984375 0.05390625 0.228125 0.04375 0.24140625 0.0390625 0.26640625 0.028125 0.49453125 0.040625 0.57421875 0.05703125 0.6015625
4 0.2078125 0.87265625 0.24140625 0.8390625 0.265625 0.83046875 0.2625 0.81171875 0.2125 0.74453125 0.221875 0.69296875 0.21640625 0.6875 0.2109375 0.70234375 0.203125 0.70546875 0.2078125 0.65078125 0.2 0.65234375 0.184375 0.69765625 0.16953125 0.715625 0.13671875 0.68125 0.1109375 0.68046875 0.0953125 0.61171875 0.08671875 0.6015625 0.071875 0.70390625 0.0796875 0.77109375 0.12890625 0.8328125 0.15234375 0.8421875 0.18671875 0.8421875 0.1953125 0.84921875 0.1953125 0.86796875
4 0.315625 0.91171875 0.32265625 0.8859375 0.32734375 0.890625 0.36484375 0.890625 0.42734375 0.9015625 0.46328125 0.896875 0.509375 0.85859375 0.546875 0.79609375 0.54609375 0.790625 0.5359375 0.79296875 0.5375 0.76484375 0.5296875 0.73203125 0.5015625 0.69609375 0.48046875 0.5921875 0.4625 0.60078125 0.4625 0.62734375 0.4734375 0.66796875 0.46796875 0.7234375 0.43984375 0.7171875 0.41015625 0.74375 0.38515625 0.7515625 0.3578125 0.69921875 0.3625 0.65703125 0.34921875 0.646875 0.3421875 0.65078125 0.3390625 0.76171875 0.32890625 0.7734375 0.29609375 0.790625 0.278125 0.81640625 0.3 0.85078125 0.3078125 0.87265625 0.30625 0.90546875
4 0.703125 0.86484375 0.7125 0.86171875 0.7203125 0.82734375 0.75546875 0.7828125 0.78046875 0.778125 0.80078125 0.7609375 0.8 0.77734375 0.80546875 0.78125 0.81875 0.76328125 0.846875 0.68828125 0.88125 0.63984375 0.8796875 0.63046875 0.85703125 0.6203125 0.84609375 0.6046875 0.83359375 0.6046875 0.80234375 0.625 0.76796875 0.634375 0.7484375 0.65078125 0.703125 0.70859375 0.6953125 0.76640625 0.709375 0.79609375 0.709375 0.81015625 0.69375 0.85390625 0.6953125 0.86328125
4 0.746875 0.64921875 0.79609375 0.609375 0.81640625 0.615625 0.8359375 0.59921875 0.8359375 0.54453125 0.784375 0.38359375 0.73828125 0.328125 0.69140625 0.3109375 0.6921875 0.32578125 0.671875 0.36171875 0.671875 0.42265625 0.646875 0.52265625 0.65625 0.51953125 0.66328125 0.5046875 0.6640625 0.53828125 0.66953125 0.54375 0.6875 0.48515625 0.70234375 0.471875 0.7078125 0.47734375 0.7203125 0.51328125 0.7578125 0.55390625 0.75 0.60703125 0.7375 0.62421875 0.7375 0.64140625
4 0.8609375 0.61484375 0.8734375 0.46484375 0.86875 0.43203125 0.85625 0.41171875 0.8484375 0.34921875 0.8328125 0.30703125 0.8453125 0.26484375 0.83984375 0.25 0.82265625 0.2484375 0.80546875 0.2328125 0.79453125 0.2328125 0.77578125 0.2515625 0.7578125 0.25234375 0.771875 0.26328125 0.7703125 0.31640625 0.7765625 0.36328125 0.8375 0.53671875 0.8390625 0.59296875
1 0.6640625 0.38828125 0.6734375 0.35078125 0.6875 0.32734375 0.68828125 0.30625 0.73828125 0.3265625 0.775 0.36171875 0.7671875 0.29921875 0.7703125 0.26796875 0.74609375 0.2421875 0.77265625 0.2484375 0.80234375 0.2296875 0.82421875 0.2453125 0.84140625 0.24375 0.84765625 0.253125 0.853125 0.22421875 0.73984375 0.1671875 0.65546875 0.14375 0.6515625 0.15078125 0.6625 0.17578125 0.6609375 0.19296875 0.6 0.24296875 0.584375 0.28515625 0.58828125 0.2796875 0.59375 0.28828125 0.59765625 0.2671875 0.6078125 0.28984375 0.6078125 0.32890625 0.61328125 0.3140625 0.625 0.32265625 0.6234375 0.33359375 0.64375 0.35390625 0.64375 0.36640625