1 0.6671875 0.87109375 0.77421875 0.85 0.81875 0.83203125 0.81875 0.81640625 0.8015625 0.77734375 0.7515625 0.73203125 0.71875 0.69453125 0.7171875 0.68359375 0.7359375 0.64609375 0.7296875 0.60390625 0.77890625 0.59375 0.7875 0.58359375 0.7671875 0.47578125 0.77734375 0.45 0.79296875 0.459375 0.8015625 0.45546875 0.83125 0.21328125 0.74609375 0.1703125 0.62265625 0.134375 0.57890625 0.128125 0.56875 0.13359375 0.578125 0.16953125 0.5734375 0.22890625 0.5984375 0.30546875 0.6015625 0.34765625 0.6265625 0.39296875 0.64375 0.47734375 0.6640625 0.51171875 0.6640625 0.52734375 0.63984375 0.5296875 0.6328125 0.57109375 0.61328125 0.571875 0.59765625 0.584375 0.5859375 0.57734375 0.58046875 0.5359375 0.56953125 0.5453125 0.55703125 0.5421875 0.55390625 0.5546875 0.52890625 0.546875 0.51796875 0.55 0.51484375 0.5578125 0.49453125 0.5578125 0.4515625 0.59921875 0.446875 0.65390625 0.43984375 0.6578125 0.43515625 0.64375 0.42578125 0.6578125 0.4140625 0.66015625 0.40859375 0.671875 0.40390625 0.6578125 0.39921875 0.671875 0.3828125 0.67578125 0.39609375 0.7 0.41171875 0.69375 0.41875 0.70078125 0.42265625 0.7546875 0.44296875 0.7578125 0.46328125 0.7484375 0.48984375 0.746875 0.53046875 0.765625 0.54453125 0.7640625 0.56484375 0.7375 0.596875 0.71640625 0.61484375 0.6875 0.62265625 0.6875 0.625 0.71171875 0.6 0.77109375 0.60546875 0.7796875 0.63515625 0.784375 0.6484375 0.79296875 0.653125 0.81328125 0.6390625 0.84140625 0.65 0.86796875
4 0.8328125 0.62109375 0.8515625 0.59453125 0.865625 0.55078125 0.884375 0.35078125 0.8796875 0.28828125 0.896875 0.26015625 0.89140625 0.253125 0.875 0.25546875 0.85859375 0.196875 0.8453125 0.21015625 0.8203125 0.30234375 0.821875 0.34296875 0.8046875 0.43984375 0.8046875 0.49140625 0.8 0.49140625 0.78203125 0.4546875 0.7765625 0.47421875 0.76875 0.47890625 0.7859375 0.55546875 0.796875 0.56640625 0.8078125 0.60234375
4 0.8453125 0.88359375 0.8796875 0.83828125 0.8734375 0.73359375 0.8484375 0.67109375 0.815625 0.64140625 0.78828125 0.6015625 0.76171875 0.5984375 0.746875 0.61015625 0.734375 0.66796875 0.721875 0.67890625 0.721875 0.69140625 0.76328125 0.7390625 0.78203125 0.7453125 0.803125 0.77109375 0.8140625 0.79921875 0.83125 0.81953125 0.834375 0.88203125
4 0.49375 0.91015625 0.52890625 0.9 0.57265625 0.903125 0.6484375 0.87421875 0.634375 0.83984375 0.65 0.81328125 0.6484375 0.79609375 0.63828125 0.7875 0.60390625 0.784375 0.5921875 0.77421875 0.6203125 0.71328125 0.621875 0.69453125 0.60859375 0.6984375 0.5984375 0.72265625 0.56484375 0.740625 0.54453125 0.76875 0.53203125 0.7703125 0.49140625 0.75 0.46015625 0.7515625 0.42890625 0.7671875 0.4125 0.74921875 0.41171875 0.7203125 0.40234375 0.7390625 0.3875 0.72890625 0.3875 0.69140625 0.37265625 0.6734375 0.3671875 0.75234375 0.3765625 0.76640625 0.36875 0.82265625 0.375 0.87421875 0.41796875 0.903125 0.45078125 0.9109375
4 0.5984375 0.58046875 0.61328125 0.5578125 0.62421875 0.571875 0.63125 0.56953125 0.63671875 0.521875 0.65390625 0.528125 0.6625 0.52109375 0.640625 0.47734375 0.628125 0.40390625 0.55625 0.27578125 0.52265625 0.2484375 0.48671875 0.2390625 0.46796875 0.2421875 0.4359375 0.26328125 0.4421875 0.27265625 0.4390625 0.33203125 0.45625 0.38046875 0.4578125 0.40234375 0.48671875 0.459375 0.4921875 0.45703125 0.4921875 0.43671875 0.4796875 0.40546875 0.48828125 0.396875 0.5515625 0.43828125 0.5640625 0.48671875 0.5875 0.52890625 0.5890625 0.57734375
4 0.3328125 0.34453125 0.3390625 0.32734375 0.3390625 0.29765625 0.34609375 0.284375 0.3515625 0.31953125 0.35390625 0.3234375 0.359375 0.31796875 0.3625 0.27109375 0.37734375 0.2375 0.39140625 0.2375 0.43203125 0.259375 0.44609375 0.2578125 0.48046875 0.2375 0.51953125 0.2421875 0.5671875 0.28515625 0.59765625 0.3328125 0.5953125 0.30546875 0.56875 0.23515625 0.575 0.17265625 0.55625 0.12578125 0.52890625 0.10625 0.46015625 0.0875 0.41015625 0.0859375 0.37421875 0.0953125 0.34609375 0.0875 0.31015625 0.0875 0.2875 0.13359375 0.303125 0.18359375 0.325 0.20234375 0.3328125 0.22265625 0.325 0.28984375 0.325 0.33359375
4 0.1609375 0.61484375 0.19921875 0.6125 0.23359375 0.5984375 0.25546875 0.6015625 0.275 0.58828125 0.2921875 0.56015625 0.2984375 0.53671875 0.3 0.47734375 0.29140625 0.4578125 0.26796875 0.4515625 0.24765625 0.459375 0.22890625 0.4765625 0.21015625 0.4734375 0.17734375 0.4890625 0.15078125 0.4875 0.12734375 0.503125 0.11484375 0.4984375 0.109375 0.50234375 0.103125 0.55859375 0.13515625 0.6109375
4 0.2375 0.87109375 0.25234375 0.8671875 0.2640625 0.85234375 0.26875 0.78359375 0.296875 0.72734375 0.3 0.70546875 0.29296875 0.70625 0.275 0.73046875 0.25234375 0.746875 0.240625 0.68984375 0.23671875 0.6859375 0.228125 0.69453125 0.22421875 0.728125 0.1984375 0.69453125 0.1546875 0.65390625 0.153125 0.61953125 0.12890625 0.609375 0.10390625 0.5796875 0.09140625 0.5734375 0.084375 0.58203125 0.0765625 0.65234375 0.0953125 0.71953125 0.125 0.77890625 0.159375 0.83046875 0.19765625 0.8640625
4 0.103125 0.80546875 0.109375 0.79453125 0.0984375 0.76640625 0.075 0.65078125 0.0875 0.56640625 0.0828125 0.50546875 0.090625 0.47109375 0.0640625 0.41484375 0.05546875 0.4078125 0.0359375 0.44921875 0.0265625 0.51953125 0.0359375 0.70859375 0.0671875 0.79296875 0.08515625 0.79375
4 0.1390625 0.48359375 0.15 0.47109375 0.1625 0.40703125 0.1921875 0.34609375 0.196875 0.32421875 0.1859375 0.32109375 0.18515625 0.3046875 0.15546875 0.346875 0.1359375 0.35078125 0.1234375 0.31015625 0.1 0.27265625 0.1015625 0.26171875 0.1125 0.25234375 0.1140625 0.22890625 0.10234375 0.21875 0.090625 0.22109375 0.0796875 0.17109375 0.07109375 0.1609375 0.05 0.19609375 0.04375 0.24921875 0.0546875 0.38203125 0.06875 0.42734375 0.0921875 0.46953125 0.11328125 0.4828125
4 0.2953125 0.36640625 0.2984375 0.33046875 0.290625 0.24609375 0.3 0.22109375 0.3015625 0.18203125 0.2875 0.13671875 0.25546875 0.1171875 0.20078125 0.1078125 0.16640625 0.11875 0.13984375 0.11875 0.10546875 0.1375 0.0859375 0.19296875 0.1203125 0.23203125 0.125 0.27109375 0.1375 0.28984375 0.15390625 0.2953125 0.1625 0.28671875 0.15 0.27578125 0.15390625 0.24375 0.19765625 0.265625 0.23828125 0.25625 0.259375 0.29140625 0.2625 0.35078125 0.271875 0.35546875 0.27578125 0.30625 0.2875 0.35546875