1 0.6796875 0.86953125 0.77578125 0.85 0.83203125 0.83125 0.8390625 0.82265625 0.8578125 0.57421875 0.8625 0.43046875 0.859375 0.23671875 0.85234375 0.221875 0.74296875 0.1671875 0.60234375 0.128125 0.56484375 0.125 0.5640625 0.19765625 0.58125 0.22578125 0.60703125 0.2609375 0.65390625 0.2921875 0.6609375 0.29140625 0.671875 0.26484375 0.68359375 0.2546875 0.69375 0.26015625 0.7109375 0.34296875 0.7265625 0.36484375 0.7265625 0.37734375 0.70859375 0.4015625 0.678125 0.42109375 0.67578125 0.5390625 0.665625 0.53359375 0.659375 0.48671875 0.64453125 0.44375 0.6375 0.53828125 0.62734375 0.5515625 0.61875 0.53203125 0.6203125 0.48671875 0.609375 0.42890625 0.60078125 0.4265625 0.55703125 0.4390625 0.54921875 0.434375 0.540625 0.43984375 0.5390625 0.45078125 0.55 0.45234375 0.5515625 0.46796875 0.540625 0.47109375 0.5375 0.48984375 0.5453125 0.57421875 0.54921875 0.565625 0.559375 0.57109375 0.5609375 0.59140625 0.5546875 0.60078125 0.559375 0.60859375 0.53515625 0.6125 0.5328125 0.62578125 0.578125 0.62109375 0.59140625 0.565625 0.6015625 0.57578125 0.60390625 0.615625 0.6171875 0.61015625 0.63515625 0.5734375 0.65078125 0.571875 0.67265625 0.5796875 0.68125 0.59296875 0.67890625 0.6015625 0.6546875 0.60703125 0.6546875 0.63046875 0.70078125 0.646875 0.72578125 0.671875 0.7375 0.64921875 0.7453125 0.58046875 0.753125 0.58515625 0.75703125 0.6 0.7734375 0.60078125 0.7703125 0.78203125 0.7578125 0.81171875 0.73828125 0.828125 0.71796875 0.8328125 0.68984375 0.8296875 0.66875 0.86328125
4 0.6328125 0.54453125 0.640625 0.48671875 0.6390625 0.43828125 0.64453125 0.434375 0.6515625 0.44765625 0.6625 0.48671875 0.6625 0.51171875 0.67265625 0.53125 0.675 0.42265625 0.70859375 0.3984375 0.725 0.37265625 0.7015625 0.31640625 0.6953125 0.26640625 0.68671875 0.2578125 0.6671875 0.28203125 0.6734375 0.29296875 0.65546875 0.2953125 0.61171875 0.265625 0.56953125 0.25 0.54609375 0.25 0.50390625 0.2625 0.46640625 0.2859375 0.4578125 0.29765625 0.475 0.42421875 0.4734375 0.53984375 0.496875 0.53359375 0.5 0.46484375 0.5125 0.42265625 0.52109375 0.4171875 0.56015625 0.4328125 0.609375 0.42109375 0.625 0.48671875 0.6234375 0.52890625
4 0.44375 0.25390625 0.47109375 0.2484375 0.50234375 0.23125 0.51796875 0.23125 0.54921875 0.246875 0.5984375 0.25234375 0.5609375 0.20234375 0.5609375 0.14765625 0.53828125 0.10625 0.51328125 0.0953125 0.41328125 0.0828125 0.33515625 0.084375 0.2828125 0.10078125 0.275 0.13828125 0.2578125 0.16484375 0.26484375 0.184375 0.29140625 0.203125 0.40859375 0.228125 0.43203125 0.2515625
4 0.465625 0.42421875 0.4703125 0.41796875 0.459375 0.31015625 0.43125 0.25234375 0.41484375 0.2328125 0.34765625 0.2140625 0.28046875 0.20625 0.24765625 0.2171875 0.225 0.23515625 0.2078125 0.28203125 0.21171875 0.3984375 0.23828125 0.384375 0.2515625 0.35859375 0.25859375 0.35625 0.28671875 0.375 0.34921875 0.3796875 0.36328125 0.3953125 0.371875 0.39296875 0.37734375 0.3796875 0.39140625 0.378125 0.40859375 0.3984375
4 0.340625 0.63359375 0.35546875 0.5640625 0.375 0.58984375 0.3765625 0.61171875 0.3859375 0.61640625 0.38125 0.52421875 0.4375 0.48203125 0.4484375 0.46953125 0.45 0.44609375 0.41875 0.41953125 0.39140625 0.3796875 0.38046875 0.3796875 0.3765625 0.39609375 0.36328125 0.3984375 0.34609375 0.396875 0.29765625 0.3765625 0.26796875 0.378125 0.221875 0.40703125 0.196875 0.45546875 0.1921875 0.49765625 0.215625 0.54921875 0.2234375 0.61796875 0.240625 0.62421875 0.2375 0.56484375 0.24609375 0.5375 0.27109375 0.5453125 0.32734375 0.5375 0.3375 0.58046875 0.334375 0.62890625
4 0.178125 0.50234375 0.1890625 0.49140625 0.196875 0.44921875 0.2171875 0.40546875 0.20546875 0.40625 0.1890625 0.39609375 0.190625 0.31640625 0.175 0.26328125 0.175 0.24453125 0.2171875 0.18203125 0.20859375 0.178125 0.17421875 0.203125 0.16875 0.19453125 0.1984375 0.15234375 0.1984375 0.13984375 0.15234375 0.1671875 0.1390625 0.14296875 0.12265625 0.1375 0.1171875 0.14296875 0.10625 0.21015625 0.1125 0.38515625 0.1390625 0.47734375 0.15703125 0.4984375
4 0.1078125 0.53828125 0.125 0.52578125 0.1421875 0.49765625 0.1421875 0.48671875 0.1203125 0.44453125 0.1 0.27890625 0.0984375 0.23515625 0.109375 0.18984375 0.08984375 0.1953125 0.08125 0.16328125 0.07109375 0.1578125 0.040625 0.23671875 0.0484375 0.27734375 0.05 0.42109375 0.0796875 0.52421875 0.08828125 0.5359375
4 0.190625 0.74140625 0.24375 0.65390625 0.2421875 0.63515625 0.196875 0.60078125 0.2109375 0.56640625 0.20546875 0.5625 0.17265625 0.5734375 0.14765625 0.5734375 0.11796875 0.5390625 0.08359375 0.540625 0.06875 0.49453125 0.06328125 0.4921875 0.0453125 0.55703125 0.0453125 0.59921875 0.0546875 0.63671875 0.09921875 0.6921875 0.17578125 0.7171875 0.18125 0.73515625
4 0.2109375 0.85234375 0.24375 0.83515625 0.25625 0.79296875 0.2484375 0.72265625 0.259375 0.63515625 0.25234375 0.6328125 0.24375 0.63984375 0.2421875 0.65546875 0.18984375 0.74375 0.17265625 0.7171875 0.10390625 0.696875 0.07421875 0.66875 0.0765625 0.71640625 0.06875 0.72578125 0.0625 0.75859375 0.075 0.81953125 0.0796875 0.82109375 0.08359375 0.809375 0.15859375 0.8484375
4 0.6609375 0.92734375 0.665625 0.91328125 0.6609375 0.87109375 0.68125 0.83671875 0.68125 0.82578125 0.6734375 0.81640625 0.6828125 0.79765625 0.66015625 0.796875 0.62890625 0.78125 0.59921875 0.78125 0.54296875 0.7328125 0.51328125 0.715625 0.496875 0.71328125 0.49375 0.66015625 0.5046875 0.62578125 0.50625 0.59296875 0.5015625 0.59296875 0.47578125 0.646875 0.47265625 0.578125 0.4515625 0.66171875 0.45 0.69296875 0.43125 0.71953125 0.425 0.73984375 0.425 0.79609375 0.4296875 0.80546875 0.4625 0.85546875 0.50546875 0.89375 0.53203125 0.903125 0.60234375 0.9046875 0.62578125 0.903125 0.63984375 0.89375 0.6484375 0.89921875
4 0.7203125 0.82890625 0.73828125 0.825 0.7546875 0.81171875 0.76875 0.77734375 0.76953125 0.6 0.759375 0.60546875 0.75703125 0.6140625 0.753125 0.58984375 0.7453125 0.58671875 0.740625 0.64453125 0.72734375 0.68125 0.69765625 0.646875 0.6515625 0.63671875 0.6515625 0.60234375 0.67109375 0.6 0.6765625 0.58828125 0.64765625 0.5734375 0.6296875 0.58359375 0.6203125 0.61171875 0.61328125 0.6171875 0.5203125 0.63671875 0.5140625 0.65859375 0.5328125 0.68671875 0.515625 0.71015625 0.52890625 0.7265625 0.54921875 0.7359375 0.59921875 0.7796875 0.62421875 0.778125 0.66015625 0.7953125 0.68984375 0.7875 0.6875 0.80390625 0.6734375 0.81640625 0.68359375 0.8234375 0.7203125 0.82890625