4 0.5984375 0.29140625 0.62890625 0.2828125 0.6625 0.24765625 0.675 0.22578125 0.68125 0.18515625 0.6609375 0.14140625 0.63515625 0.11875 0.60390625 0.1125 0.55703125 0.1203125 0.49921875 0.115625 0.47890625 0.1328125 0.44765625 0.1125 0.4625 0.15234375 0.45 0.18671875 0.428125 0.20859375 0.4375 0.23359375 0.47109375 0.228125 0.48359375 0.240625 0.49609375 0.234375 0.52578125 0.2484375 0.54296875 0.240625 0.58515625 0.259375 0.61328125 0.2578125 0.5890625 0.27890625 0.590625 0.28828125
4 0.5984375 0.58671875 0.6046875 0.55390625 0.6171875 0.52734375 0.61875 0.48984375 0.64765625 0.4859375 0.6796875 0.46171875 0.675 0.43359375 0.6828125 0.41171875 0.678125 0.39609375 0.66640625 0.390625 0.63828125 0.353125 0.60703125 0.334375 0.52265625 0.25 0.50234375 0.2390625 0.48515625 0.24375 0.47109375 0.23125 0.43515625 0.234375 0.4203125 0.24921875 0.4109375 0.29140625 0.4125 0.40546875 0.4078125 0.41640625 0.4171875 0.42734375 0.4171875 0.47734375 0.425 0.47734375 0.4359375 0.41484375 0.45546875 0.384375 0.50078125 0.44375 0.54921875 0.459375 0.5734375 0.47890625 0.5921875 0.53828125 0.584375 0.58203125
4 0.78125 0.73828125 0.7875 0.70859375 0.8046875 0.68359375 0.8078125 0.61796875 0.796875 0.46015625 0.8 0.30703125 0.7921875 0.29609375 0.7890625 0.26328125 0.77734375 0.2484375 0.7609375 0.25390625 0.7640625 0.27890625 0.7296875 0.32734375 0.70625 0.38203125 0.684375 0.40546875 0.68828125 0.4140625 0.721875 0.41640625 0.7171875 0.53203125 0.7296875 0.61328125 0.7296875 0.68828125 0.74765625 0.7203125 0.77421875 0.7296875
4 0.8015625 0.74921875 0.821875 0.74140625 0.821875 0.72109375 0.8328125 0.70390625 0.8359375 0.60078125 0.8203125 0.40546875 0.80078125 0.3578125 0.796875 0.45859375 0.8078125 0.66796875 0.7875 0.71328125 0.7875 0.73671875 0.79296875 0.75
4 0.846875 0.62421875 0.8609375 0.61484375 0.8734375 0.58046875 0.88125 0.49140625 0.8765625 0.31484375 0.859375 0.23359375 0.84453125 0.20625 0.834375 0.21953125 0.8203125 0.31484375 0.8046875 0.32890625 0.8046875 0.35234375 0.8171875 0.38515625 0.8265625 0.45234375 0.8359375 0.61328125 0.8375 0.62265625
4 0.7109375 0.89453125 0.73671875 0.890625 0.83046875 0.853125 0.8515625 0.83046875 0.8671875 0.79921875 0.8703125 0.75859375 0.86171875 0.7546875 0.84140625 0.759375 0.82109375 0.746875 0.79453125 0.753125 0.77421875 0.746875 0.76796875 0.7515625 0.74921875 0.7421875 0.72265625 0.7609375 0.6921875 0.72578125 0.6953125 0.68828125 0.68671875 0.6828125 0.6734375 0.73359375 0.6765625 0.77109375 0.665625 0.80546875 0.6640625 0.85234375 0.67578125 0.890625
4 0.50625 0.90390625 0.53984375 0.8953125 0.56640625 0.8796875 0.61328125 0.8484375 0.6359375 0.82109375 0.646875 0.76171875 0.6625 0.74140625 0.6734375 0.70390625 0.67109375 0.696875 0.6546875 0.71640625 0.6453125 0.69609375 0.64296875 0.6515625 0.628125 0.65546875 0.6171875 0.68984375 0.55703125 0.753125 0.4984375 0.74609375 0.5265625 0.72578125 0.52109375 0.7109375 0.48671875 0.7171875 0.475 0.72265625 0.4625 0.74609375 0.425 0.78203125 0.4203125 0.80859375 0.4125 0.80859375 0.409375 0.82890625 0.415625 0.84921875 0.4234375 0.85546875 0.4265625 0.87734375 0.45703125 0.903125
4 0.1546875 0.82109375 0.1515625 0.71796875 0.1359375 0.60703125 0.1359375 0.41171875 0.11171875 0.3828125 0.09921875 0.38125 0.084375 0.38984375 0.071875 0.42265625 0.071875 0.56953125 0.0859375 0.69453125 0.1078125 0.74765625 0.1140625 0.78203125 0.13125 0.79453125 0.14609375 0.81875
4 0.0875 0.80546875 0.0921875 0.72109375 0.071875 0.57109375 0.0703125 0.43046875 0.0765625 0.40390625 0.090625 0.38046875 0.0953125 0.35078125 0.09140625 0.3453125 0.05546875 0.3546875 0.034375 0.37421875 0.0265625 0.42890625 0.0359375 0.67421875 0.053125 0.73203125 0.053125 0.76015625 0.0703125 0.77890625 0.078125 0.80390625
4 0.1984375 0.27578125 0.2265625 0.26953125 0.2609375 0.19765625 0.2625 0.17265625 0.25 0.12578125 0.22734375 0.1078125 0.19140625 0.1015625 0.13203125 0.1265625 0.11484375 0.125 0.09140625 0.1515625 0.07890625 0.15625 0.0640625 0.22734375 0.09140625 0.23125 0.1015625 0.25390625 0.11171875 0.2609375 0.14140625 0.2484375 0.17890625 0.25 0.1890625 0.25703125 0.1859375 0.27421875
1 0.690625 0.39296875 0.70625 0.37890625 0.728125 0.32734375 0.7625 0.27890625 0.7578125 0.26953125 0.76171875 0.25 0.78046875 0.246875 0.790625 0.26171875 0.796875 0.29765625 0.80546875 0.30625 0.8171875 0.30390625 0.8328125 0.21328125 0.81953125 0.1984375 0.69765625 0.1515625 0.66953125 0.146875 0.6828125 0.18515625 0.6765625 0.22578125 0.665625 0.24609375 0.62890625 0.2859375 0.59296875 0.2921875 0.5875 0.27734375 0.60390625 0.2625 0.57734375 0.259375 0.54296875 0.24375 0.528125 0.25234375 0.60703125 0.3328125 0.63828125 0.3515625 0.65234375 0.36875 0.66015625 0.36875 0.66796875 0.3890625
1 0.6765625 0.67421875 0.68671875 0.6671875 0.6984375 0.66953125 0.7046875 0.62578125 0.72265625 0.625 0.7265625 0.61640625 0.715625 0.53359375 0.71484375 0.4171875 0.68828125 0.41875 0.6796875 0.42734375 0.68125 0.46328125 0.67265625 0.475 0.621875 0.49609375 0.6203125 0.53203125 0.634375 0.53359375 0.634375 0.61640625 0.6390625 0.62734375 0.6328125 0.64296875 0.65 0.65234375 0.65859375 0.6734375 0.66484375 0.66875