4 0.6140625 0.33046875 0.6265625 0.32109375 0.6328125 0.30390625 0.628125 0.28046875 0.63125 0.23984375 0.52265625 0.1171875 0.48671875 0.09375 0.42109375 0.078125 0.39140625 0.08125 0.3734375 0.09296875 0.3546875 0.12734375 0.35 0.16640625 0.321875 0.20390625 0.32421875 0.2078125 0.37109375 0.20625 0.42734375 0.2265625 0.46796875 0.23125 0.5140625 0.26796875 0.5296875 0.31015625 0.54609375 0.3296875 0.5546875 0.32734375 0.56171875 0.3109375 0.57265625 0.3203125
4 0.2828125 0.48828125 0.2953125 0.47734375 0.296875 0.41015625 0.31015625 0.371875 0.35078125 0.3953125 0.40390625 0.384375 0.42421875 0.396875 0.47734375 0.3671875 0.54296875 0.353125 0.55 0.33671875 0.5296875 0.31171875 0.5109375 0.26640625 0.46953125 0.2328125 0.42265625 0.2265625 0.36484375 0.20625 0.31171875 0.2140625 0.27734375 0.240625 0.2609375 0.26171875 0.253125 0.32109375 0.25625 0.34765625 0.26875 0.37734375 0.2703125 0.46640625 0.275 0.48515625
4 0.2453125 0.36796875 0.2515625 0.34921875 0.25625 0.25390625 0.2734375 0.23359375 0.2859375 0.19296875 0.284375 0.16328125 0.275 0.13984375 0.23984375 0.1125 0.20546875 0.10625 0.15390625 0.1203125 0.13046875 0.1171875 0.09765625 0.1296875 0.075 0.17109375 0.1 0.22421875 0.12734375 0.2265625 0.18046875 0.2625 0.22421875 0.2546875 0.2328125 0.28359375 0.23125 0.35234375
4 0.140625 0.62578125 0.140625 0.51953125 0.1578125 0.48046875 0.1578125 0.45703125 0.15234375 0.4453125 0.14453125 0.4484375 0.1359375 0.43984375 0.1390625 0.33984375 0.1328125 0.29765625 0.14375 0.27734375 0.1703125 0.26015625 0.14921875 0.2390625 0.11953125 0.2265625 0.0984375 0.23359375 0.078125 0.27890625 0.0703125 0.40859375 0.0796875 0.51953125 0.1015625 0.60703125 0.11171875 0.625 0.12109375 0.6109375 0.13359375 0.6265625
4 0.0640625 0.57109375 0.0765625 0.51796875 0.071875 0.31640625 0.08125 0.26015625 0.096875 0.22265625 0.07421875 0.175 0.053125 0.20078125 0.0453125 0.23359375 0.034375 0.33828125 0.034375 0.46484375 0.025 0.47890625 0.028125 0.50859375 0.0453125 0.53671875 0.0546875 0.56796875
4 0.4078125 0.67265625 0.415625 0.60390625 0.44453125 0.55 0.48515625 0.5484375 0.50390625 0.540625 0.54921875 0.503125 0.57265625 0.51875 0.590625 0.51484375 0.59375 0.48203125 0.6015625 0.46484375 0.659375 0.40703125 0.659375 0.38046875 0.64765625 0.3578125 0.63515625 0.3578125 0.61640625 0.3375 0.60078125 0.3375 0.57421875 0.3265625 0.55859375 0.3359375 0.54296875 0.35625 0.46640625 0.3734375 0.41171875 0.40625 0.3875 0.43203125 0.3765625 0.44765625 0.371875 0.50234375 0.39375 0.56953125 0.3875 0.66015625
4 0.7390625 0.38984375 0.79921875 0.365625 0.82734375 0.34375 0.84453125 0.3453125 0.85625 0.33515625 0.86875 0.26328125 0.84921875 0.225 0.82734375 0.225 0.81015625 0.24375 0.76484375 0.253125 0.73046875 0.2515625 0.68671875 0.28125 0.678125 0.27890625 0.675 0.26484375 0.66015625 0.25 0.640625 0.24765625 0.6546875 0.27734375 0.64375 0.28359375 0.64375 0.30390625 0.628125 0.32734375 0.64453125 0.346875 0.67421875 0.3515625 0.71796875 0.3875
4 0.8640625 0.54609375 0.875 0.53828125 0.8890625 0.51328125 0.909375 0.45078125 0.9171875 0.40078125 0.9140625 0.30390625 0.8859375 0.23046875 0.87109375 0.2234375 0.8734375 0.23984375 0.8625 0.24765625 0.8734375 0.26796875 0.8453125 0.41640625 0.8 0.48671875 0.8015625 0.49765625 0.8171875 0.50234375 0.83046875 0.5296875 0.85234375 0.546875
4 0.728125 0.77265625 0.76171875 0.75625 0.83046875 0.7046875 0.8734375 0.64765625 0.88125 0.61953125 0.8625 0.60703125 0.85546875 0.5734375 0.84375 0.58203125 0.84609375 0.596875 0.81953125 0.5859375 0.78828125 0.621875 0.77109375 0.615625 0.746875 0.61640625 0.765625 0.59609375 0.76875 0.57890625 0.76328125 0.5765625 0.7265625 0.60703125 0.6875 0.65546875 0.6734375 0.71328125 0.66015625 0.7140625 0.6578125 0.71953125 0.6734375 0.72890625 0.69296875 0.7640625 0.71328125 0.7734375
4 0.68125 0.91640625 0.68671875 0.8953125 0.76640625 0.878125 0.80078125 0.85625 0.8234375 0.84921875 0.853125 0.79921875 0.8578125 0.77890625 0.853125 0.72265625 0.84765625 0.7140625 0.83203125 0.7171875 0.82421875 0.709375 0.75703125 0.759375 0.72734375 0.7734375 0.71171875 0.7734375 0.684375 0.75546875 0.65078125 0.7046875 0.6359375 0.70546875 0.6296875 0.72109375 0.63125 0.73828125 0.65625 0.79765625 0.659375 0.85859375 0.6796875 0.88828125 0.675 0.91171875
1 0.6984375 0.63515625 0.75859375 0.5765625 0.771875 0.57734375 0.7671875 0.61171875 0.78828125 0.615625 0.81171875 0.5875 0.83828125 0.584375 0.853125 0.56640625 0.8546875 0.55390625 0.821875 0.52578125 0.7921875 0.48359375 0.809375 0.46796875 0.840625 0.42109375 0.84609375 0.35 0.82890625 0.3484375 0.78984375 0.3734375 0.72734375 0.39375 0.71328125 0.390625 0.68984375 0.3640625 0.66953125 0.353125 0.65625 0.36015625 0.6609375 0.41015625 0.6390625 0.43359375 0.65 0.43984375 0.6578125 0.46328125 0.6515625 0.53515625 0.66875 0.54453125 0.659375 0.55703125 0.665625 0.58046875 0.6625 0.59296875 0.678125 0.60390625 0.68515625 0.625 0.68828125 0.61875 0.6953125 0.61953125 0.69375 0.63515625
1 0.6921875 0.27734375 0.73203125 0.25 0.76484375 0.2515625 0.80859375 0.240625 0.821875 0.21640625 0.80390625 0.196875 0.69765625 0.153125 0.56953125 0.11875 0.53671875 0.1140625 0.5296875 0.11796875 0.63671875 0.2453125 0.64453125 0.2421875 0.66171875 0.2484375 0.678125 0.26484375 0.68203125 0.278125
1 0.5703125 0.88203125 0.64453125 0.8765625 0.65625 0.87109375 0.6546875 0.80703125 0.6265625 0.72109375 0.63125 0.70234375 0.63828125 0.696875 0.66015625 0.70625 0.671875 0.70078125 0.6859375 0.65234375 0.7015625 0.62890625 0.69140625 0.6171875 0.68671875 0.6359375 0.6765625 0.60390625 0.67109375 0.61875 0.66015625 0.5921875 0.63046875 0.5875 0.62109375 0.575 0.61640625 0.5875 0.59765625 0.590625 0.58984375 0.5765625 0.58046875 0.5875 0.57421875 0.56875 0.56484375 0.5765625 0.56171875 0.571875 0.5515625 0.57578125 0.55703125 0.58125 0.56171875 0.5765625 0.56953125 0.5796875 0.57109375 0.5859375 0.55078125 0.5875 0.54453125 0.5828125 0.51796875 0.6203125 0.51484375 0.5859375 0.5140625 0.62109375 0.4953125 0.64453125 0.4953125 0.79609375 0.490625 0.81328125 0.49375 0.85078125 0.503125 0.87109375 0.4859375 0.87890625