1 0.734375 0.73671875 0.76328125 0.734375 0.76875 0.72578125 0.7625 0.65078125 0.7671875 0.59140625 0.74921875 0.534375 0.7375 0.54609375 0.709375 0.60546875 0.7203125 0.62890625 0.71875 0.63828125 0.6859375 0.67109375 0.6859375 0.67890625 0.69140625 0.678125 0.7015625 0.69140625 0.7 0.72421875 0.72109375 0.7375
1 0.4296875 0.37265625 0.440625 0.35703125 0.453125 0.28828125 0.4546875 0.11484375 0.44296875 0.1078125 0.28984375 0.1140625 0.2890625 0.12265625 0.2984375 0.13359375 0.2953125 0.15703125 0.3078125 0.16953125 0.3015625 0.17265625 0.309375 0.18046875 0.3046875 0.18984375 0.321875 0.21484375 0.334375 0.26328125 0.34921875 0.2796875 0.35703125 0.28125 0.36484375 0.271875 0.3703125 0.29453125 0.390625 0.30703125 0.390625 0.35703125
1 0.59375 0.62578125 0.6140625 0.55703125 0.6796875 0.46640625 0.7 0.39921875 0.71875 0.36484375 0.721875 0.28671875 0.7328125 0.24140625 0.74296875 0.2390625 0.7546875 0.26015625 0.771875 0.27265625 0.79765625 0.325 0.8140625 0.30546875 0.8265625 0.21328125 0.79921875 0.1921875 0.65546875 0.1359375 0.53515625 0.11875 0.525 0.13515625 0.5203125 0.17890625 0.5203125 0.19140625 0.5375 0.23046875 0.5375 0.26953125 0.5296875 0.30703125 0.5328125 0.43203125 0.515625 0.53046875 0.54765625 0.5328125 0.55078125 0.51875 0.5625 0.51953125 0.55625 0.52890625 0.5625 0.53203125 0.5640625 0.56328125 0.578125 0.56640625 0.5796875 0.62421875
4 0.459375 0.63046875 0.5078125 0.54765625 0.5296875 0.43828125 0.528125 0.30234375 0.534375 0.28203125 0.5359375 0.23203125 0.515625 0.18671875 0.525 0.12265625 0.51484375 0.11875 0.50234375 0.128125 0.4953125 0.09765625 0.48515625 0.0890625 0.478125 0.09765625 0.47421875 0.1234375 0.459375 0.11328125 0.4546875 0.15234375 0.4625 0.17890625 0.4515625 0.22421875 0.4546875 0.29765625 0.4359375 0.37109375 0.428125 0.43046875 0.4109375 0.44921875 0.4234375 0.56328125 0.45 0.60234375 0.453125 0.62734375
4 0.3296875 0.70078125 0.3328125 0.66640625 0.3203125 0.63515625 0.32578125 0.61875 0.3359375 0.62890625 0.346875 0.67578125 0.35625 0.67734375 0.3328125 0.50546875 0.340625 0.34765625 0.3265625 0.24609375 0.3171875 0.22109375 0.29140625 0.1859375 0.2890625 0.19609375 0.26640625 0.2109375 0.2546875 0.22734375 0.240625 0.27734375 0.2375 0.31328125 0.2359375 0.34609375 0.25625 0.46015625 0.2546875 0.55546875 0.26875 0.61171875 0.2578125 0.63671875 0.259375 0.67265625 0.27734375 0.6921875 0.29921875 0.6734375 0.31640625 0.7015625
4 0.053125 0.76796875 0.07421875 0.7203125 0.0921875 0.75703125 0.090625 0.66953125 0.0765625 0.59765625 0.071875 0.47890625 0.075 0.43359375 0.09375 0.39609375 0.05234375 0.346875 0.0390625 0.36171875 0.028125 0.41953125 0.0265625 0.50390625 0.0328125 0.71640625 0.040625 0.75703125 0.04765625 0.76875
4 0.171875 0.81328125 0.17734375 0.8046875 0.19453125 0.8046875 0.2 0.79921875 0.196875 0.73671875 0.1859375 0.71328125 0.1734375 0.65546875 0.1515625 0.61953125 0.146875 0.56015625 0.1328125 0.49921875 0.1328125 0.48359375 0.1390625 0.47734375 0.1359375 0.44140625 0.10859375 0.4125 0.09765625 0.4109375 0.078125 0.42578125 0.0734375 0.45390625 0.071875 0.51328125 0.0828125 0.62421875 0.115625 0.72578125 0.1484375 0.76640625 0.1546875 0.80234375
4 0.5125 0.90859375 0.54765625 0.8984375 0.59140625 0.871875 0.61171875 0.8703125 0.6296875 0.85390625 0.640625 0.82578125 0.675 0.77734375 0.6640625 0.77109375 0.6609375 0.76171875 0.665625 0.72421875 0.65859375 0.70625 0.63984375 0.7109375 0.61640625 0.70625 0.5875 0.72578125 0.56953125 0.7609375 0.52421875 0.7484375 0.49453125 0.75 0.4953125 0.72265625 0.521875 0.68984375 0.5234375 0.67890625 0.51640625 0.6734375 0.471875 0.71328125 0.465625 0.73203125 0.434375 0.76796875 0.4203125 0.79609375 0.41328125 0.7921875 0.4046875 0.79921875 0.4 0.80859375 0.403125 0.82890625 0.4375 0.89296875 0.46015625 0.90625
4 0.6359375 0.70546875 0.66484375 0.690625 0.6875 0.66328125 0.6984375 0.61640625 0.7328125 0.55390625 0.7765625 0.45234375 0.7796875 0.34453125 0.7875 0.33046875 0.7859375 0.31796875 0.7703125 0.27734375 0.7609375 0.28203125 0.74140625 0.240625 0.7328125 0.24765625 0.73125 0.27890625 0.725 0.28515625 0.725 0.34921875 0.703125 0.39609375 0.6921875 0.44609375 0.678125 0.47421875 0.6234375 0.54609375 0.6015625 0.60078125 0.6 0.63203125 0.6078125 0.67421875 0.61875 0.69921875
4 0.8015625 0.74296875 0.81875 0.70859375 0.828125 0.70234375 0.825 0.66796875 0.8328125 0.60703125 0.81875 0.39921875 0.8078125 0.36015625 0.78828125 0.334375 0.7796875 0.34765625 0.778125 0.44765625 0.75625 0.50078125 0.7546875 0.52578125 0.771875 0.59453125 0.765625 0.65234375 0.78125 0.73671875
4 0.8390625 0.63203125 0.85859375 0.625 0.8640625 0.61640625 0.8796875 0.52734375 0.878125 0.33046875 0.8703125 0.28984375 0.8796875 0.24921875 0.8625 0.26015625 0.84453125 0.2109375 0.834375 0.21640625 0.81875 0.31171875 0.80625 0.32578125 0.80625 0.35078125 0.8171875 0.37890625 0.8265625 0.45078125 0.828125 0.56328125 0.8328125 0.62890625
4 0.7328125 0.88671875 0.77734375 0.8640625 0.8359375 0.81171875 0.846875 0.77734375 0.8609375 0.76796875 0.8671875 0.75078125 0.85859375 0.678125 0.84375 0.68828125 0.8390625 0.70390625 0.8140625 0.72265625 0.80078125 0.746875 0.77109375 0.7390625 0.73984375 0.7390625 0.72109375 0.7484375 0.6921875 0.73046875 0.696875 0.70703125 0.6859375 0.70546875 0.6640625 0.75234375 0.66484375 0.759375 0.67734375 0.759375 0.6828125 0.76796875 0.6640625 0.80390625 0.6625 0.84453125 0.671875 0.85390625 0.6765625 0.87578125 0.68671875 0.884375