4 0.41718750000000016 0.39095982142857144 0.4281250000000002 0.37689732142857146 0.4281250000000002 0.36283482142857143 0.41406250000000017 0.32064732142857144 0.4125000000000002 0.27689732142857143 0.4539062500000002 0.27455357142857145 0.49609375000000017 0.25111607142857145 0.5062500000000002 0.25502232142857145 0.5140625000000002 0.28314732142857146 0.5171875000000001 0.35502232142857143 0.5226562500000002 0.35892857142857143 0.5296875000000002 0.34564732142857146 0.5367187500000001 0.27142857142857146 0.5531250000000002 0.30189732142857145 0.5531250000000002 0.34877232142857145 0.5570312500000002 0.3542410714285714 0.5625000000000002 0.35189732142857144 0.5671875000000002 0.33627232142857144 0.5640625000000001 0.23158482142857145 0.6203125000000002 0.19720982142857144 0.6187500000000001 0.18314732142857143 0.6015625000000002 0.15658482142857144 0.5914062500000001 0.11674107142857144 0.5617187500000002 0.10892857142857144 0.5257812500000002 0.11049107142857144 0.47578125000000016 0.09330357142857144 0.4398437500000002 0.09174107142857144 0.41328125000000016 0.09955357142857144 0.3835937500000002 0.11830357142857144 0.3578125000000002 0.14720982142857145 0.34375000000000017 0.17689732142857145 0.3421875000000002 0.23314732142857145 0.3515625 0.26450892857142855 0.3537946428571428 0.2578125 0.36272321428571425 0.24107142857142855 0.3773437500000002 0.28549107142857144 0.3812500000000002 0.29252232142857143 0.4031250000000002 0.37845982142857143
4 0.7625 0.66953125 0.79296875 0.6078125 0.81640625 0.63125 0.828125 0.63046875 0.8390625 0.58515625 0.83125 0.51328125 0.8 0.40390625 0.775 0.35546875 0.73828125 0.315625 0.69296875 0.303125 0.675 0.31796875 0.6859375 0.31953125 0.671875 0.36015625 0.6765625 0.41796875 0.653125 0.52109375 0.66328125 0.5234375 0.67109375 0.5390625 0.675 0.53671875 0.690625 0.48046875 0.70703125 0.465625 0.7265625 0.50390625 0.7625 0.53828125 0.7609375 0.58515625 0.746875 0.62734375 0.74765625 0.6328125 0.75390625 0.63125 0.7671875 0.61640625 0.759375 0.65234375
4 0.8578125 0.59140625 0.8671875 0.57265625 0.8703125 0.45703125 0.8671875 0.42734375 0.8515625 0.38828125 0.846875 0.34609375 0.828125 0.28984375 0.8296875 0.26328125 0.8390625 0.25546875 0.8390625 0.24609375 0.80078125 0.2171875 0.78828125 0.215625 0.7671875 0.23515625 0.7625 0.26796875 0.765625 0.32109375 0.8171875 0.45390625 0.8328125 0.51796875 0.8375 0.57109375
4 0.7234375 0.88515625 0.79296875 0.85 0.815625 0.82734375 0.8296875 0.80546875 0.8328125 0.76171875 0.81796875 0.74375 0.80390625 0.740625 0.77109375 0.703125 0.753125 0.71640625 0.75390625 0.7328125 0.73203125 0.728125 0.71015625 0.7421875 0.70625 0.71953125 0.721875 0.68046875 0.71484375 0.6765625 0.6859375 0.72265625 0.6828125 0.74609375 0.6546875 0.80234375 0.6546875 0.85234375 0.65 0.86015625 0.67890625 0.884375
4 0.346875 0.91171875 0.35859375 0.8953125 0.43984375 0.9046875 0.49453125 0.903125 0.51796875 0.8890625 0.5609375 0.83828125 0.5734375 0.80546875 0.5734375 0.75234375 0.5625 0.72578125 0.540625 0.70078125 0.525 0.62734375 0.51015625 0.596875 0.4984375 0.61640625 0.509375 0.67265625 0.509375 0.72421875 0.50390625 0.728125 0.47734375 0.721875 0.44765625 0.7484375 0.42578125 0.75625 0.396875 0.69921875 0.3890625 0.65859375 0.3828125 0.65703125 0.37734375 0.6734375 0.36953125 0.6640625 0.365625 0.66796875 0.371875 0.77421875 0.3234375 0.81328125 0.3125 0.83671875 0.3390625 0.86953125 0.3359375 0.90859375
4 0.1546875 0.81015625 0.16796875 0.76875 0.18203125 0.7671875 0.20234375 0.778125 0.23203125 0.778125 0.2359375 0.76328125 0.2109375 0.71171875 0.109375 0.56640625 0.09453125 0.553125 0.07421875 0.5484375 0.05625 0.58203125 0.059375 0.65703125 0.0546875 0.67578125 0.06796875 0.678125 0.07890625 0.665625 0.1015625 0.71015625 0.134375 0.73515625 0.1484375 0.78671875 0.14375 0.80546875
4 0.2171875 0.71328125 0.2265625 0.70703125 0.23671875 0.6859375 0.25 0.68203125 0.253125 0.66484375 0.2140625 0.57578125 0.25625 0.53671875 0.2578125 0.52578125 0.24609375 0.509375 0.21953125 0.528125 0.19609375 0.5265625 0.184375 0.51953125 0.1765625 0.50234375 0.16875 0.44296875 0.1484375 0.41015625 0.1546875 0.37265625 0.14609375 0.3625 0.13359375 0.371875 0.12578125 0.365625 0.11015625 0.365625 0.0890625 0.38828125 0.084375 0.41484375 0.084375 0.46328125 0.1015625 0.55234375 0.1640625 0.65078125
4 0.3109375 0.50234375 0.3234375 0.49453125 0.328125 0.39296875 0.33515625 0.3875 0.39140625 0.3921875 0.4015625 0.38515625 0.378125 0.27265625 0.36171875 0.240625 0.35625 0.24296875 0.35390625 0.2828125 0.35078125 0.265625 0.29609375 0.2359375 0.27109375 0.225 0.23828125 0.225 0.19453125 0.25 0.171875 0.27734375 0.1625 0.29921875 0.1546875 0.36171875 0.1796875 0.40078125 0.1875 0.49609375 0.19921875 0.5015625 0.203125 0.49765625 0.2 0.42734375 0.2046875 0.38984375 0.25546875 0.3953125 0.28359375 0.3796875 0.2984375 0.42734375 0.3 0.49609375
4 0.109375 0.32265625 0.14140625 0.296875 0.1515625 0.30234375 0.15390625 0.3109375 0.18125 0.26171875 0.24296875 0.221875 0.27265625 0.2234375 0.30703125 0.2421875 0.31796875 0.240625 0.33359375 0.253125 0.340625 0.25078125 0.3078125 0.17421875 0.30625 0.11484375 0.3140625 0.11171875 0.30078125 0.0984375 0.27578125 0.090625 0.20859375 0.1046875 0.1375 0.16328125 0.1171875 0.19609375 0.0984375 0.24609375 0.0984375 0.31171875 0.1 0.32109375
4 0.0578125 0.56953125 0.0734375 0.54453125 0.078125 0.51640625 0.084375 0.39140625 0.0984375 0.33359375 0.096875 0.24921875 0.1234375 0.18203125 0.11015625 0.178125 0.09296875 0.1609375 0.0796875 0.16484375 0.059375 0.20234375 0.0359375 0.33203125 0.034375 0.48203125 0.0265625 0.48671875 0.0234375 0.50234375 0.046875 0.53984375 0.0515625 0.56640625
1 0.6625 0.36796875 0.66875 0.36328125 0.678125 0.32890625 0.6625 0.33046875 0.69140625 0.3015625 0.73671875 0.3125 0.76171875 0.334375 0.765625 0.32890625 0.7609375 0.26328125 0.7671875 0.22421875 0.80078125 0.20625 0.81328125 0.21875 0.828125 0.21640625 0.80703125 0.196875 0.78515625 0.1921875 0.75703125 0.175 0.60078125 0.125 0.603125 0.15390625 0.6203125 0.18203125 0.621875 0.19921875 0.565625 0.23203125 0.5671875 0.35859375 0.57734375 0.359375 0.58203125 0.34375 0.61171875 0.35 0.63046875 0.3453125 0.64453125 0.353125 0.65546875 0.35
1 0.8375 0.81796875 0.8453125 0.79765625 0.8609375 0.61171875 0.859375 0.60078125 0.84609375 0.5875 0.834375 0.59921875 0.82421875 0.6359375 0.80390625 0.625 0.79609375 0.6125 0.7875 0.61796875 0.7609375 0.67890625 0.76875 0.69453125 0.765625 0.69921875 0.778125 0.70546875 0.80390625 0.7390625 0.81796875 0.7421875 0.834375 0.75859375 0.8328125 0.81640625