1 0.7984375 0.40546875 0.7984375 0.39296875 0.815625 0.38984375 0.8203125 0.36640625 0.84375 0.34140625 0.8515625 0.23671875 0.8453125 0.22421875 0.74296875 0.1734375 0.61171875 0.1328125 0.49609375 0.1140625 0.47421875 0.1140625 0.45859375 0.121875 0.45078125 0.1125 0.43203125 0.109375 0.28359375 0.1140625 0.2734375 0.11796875 0.25625 0.15546875 0.228125 0.17890625 0.228125 0.19296875 0.2453125 0.20703125 0.2421875 0.23203125 0.22734375 0.2328125 0.22421875 0.2453125 0.21484375 0.2359375 0.2 0.25078125 0.19375 0.26796875 0.1953125 0.28046875 0.20078125 0.28125 0.20546875 0.2578125 0.2109375 0.27890625 0.21640625 0.2796875 0.21875 0.25859375 0.22421875 0.25625 0.23203125 0.271875 0.23515625 0.2640625 0.24375 0.26796875 0.25390625 0.2875 0.26328125 0.2890625 0.26640625 0.28125 0.27734375 0.28125 0.29296875 0.296875 0.32734375 0.296875 0.3328125 0.29921875 0.32890625 0.303125 0.35703125 0.284375 0.36640625 0.2875 0.37265625 0.2828125 0.37734375 0.290625 0.39609375 0.2796875 0.42734375 0.278125 0.43515625 0.2671875 0.43828125 0.2796875 0.51171875 0.2828125 0.51796875 0.2921875 0.54140625 0.2984375 0.54609375 0.3109375 0.559375 0.31484375 0.56015625 0.3265625 0.56953125 0.3203125 0.57265625 0.328125 0.59140625 0.3296875 0.59296875 0.3421875 0.59921875 0.3421875 0.60078125 0.334375 0.60234375 0.3421875 0.64765625 0.3453125 0.65234375 0.359375 0.66015625 0.3421875 0.68125 0.36328125 0.68203125 0.3734375 0.72421875 0.3765625 0.72109375 0.3828125 0.73359375 0.3765625 0.73671875 0.390625 0.753125 0.39296875 0.7578125 0.40078125 0.75390625 0.4046875 0.78359375 0.40625 0.78984375 0.4
4 0.1203125 0.47734375 0.14609375 0.4734375 0.1734375 0.44453125 0.175 0.41640625 0.1640625 0.39296875 0.1640625 0.36796875 0.1734375 0.34453125 0.1859375 0.26640625 0.19375 0.24453125 0.221875 0.21640625 0.2203125 0.18203125 0.225 0.17265625 0.2515625 0.15234375 0.2671875 0.12421875 0.26875 0.08046875 0.23828125 0.075 0.23515625 0.053125 0.2109375 0.06328125 0.2078125 0.08671875 0.1609375 0.12890625 0.115625 0.23203125 0.1015625 0.30546875 0.09375 0.41953125 0.1078125 0.47421875
4 0.0921875 0.41171875 0.109375 0.23203125 0.1203125 0.21015625 0.1125 0.18828125 0.08671875 0.1640625 0.07578125 0.1609375 0.065625 0.16640625 0.0546875 0.18671875 0.04375 0.26796875 0.05625 0.34921875
4 0.1265625 0.66328125 0.1453125 0.64140625 0.134375 0.51171875 0.13046875 0.5046875 0.1265625 0.50703125 0.12265625 0.5265625 0.1140625 0.49921875 0.0984375 0.48671875 0.1 0.45234375 0.09375 0.42578125 0.06171875 0.365625 0.04375 0.39609375 0.04375 0.47734375 0.0609375 0.57734375 0.078125 0.63203125 0.11953125 0.6640625
4 0.146875 0.80078125 0.1609375 0.75390625 0.159375 0.73359375 0.16875 0.70234375 0.165625 0.68203125 0.11796875 0.6671875 0.10078125 0.65 0.08359375 0.646875 0.06796875 0.6296875 0.04765625 0.6296875 0.028125 0.65703125 0.03125 0.71484375 0.0390625 0.73359375 0.11484375 0.7890625
4 0.18125 0.93203125 0.2046875 0.90234375 0.2296875 0.76015625 0.25 0.70078125 0.2484375 0.63046875 0.22734375 0.6015625 0.20546875 0.5984375 0.190625 0.60703125 0.178125 0.63359375 0.1625 0.74765625 0.1421875 0.84140625 0.1421875 0.87265625 0.153125 0.91484375 0.16640625 0.9296875
4 0.4640625 0.99921875 0.46875 0.99296875 0.4671875 0.93203125 0.48984375 0.9390625 0.4953125 0.93046875 0.4828125 0.90703125 0.4578125 0.88671875 0.434375 0.79765625 0.41640625 0.771875 0.3828125 0.74765625 0.3328125 0.67578125 0.3265625 0.64609375 0.3375 0.63203125 0.334375 0.61953125 0.29140625 0.6046875 0.28203125 0.6078125 0.25 0.63671875 0.253125 0.69765625 0.2609375 0.72265625 0.3125 0.81171875 0.371875 0.88046875 0.41875 0.92109375 0.4171875 0.94921875 0.425 0.98515625 0.43203125 0.9890625 0.44296875 0.978125 0.453125 0.99609375
4 0.609375 0.99609375 0.63984375 0.9859375 0.6453125 0.97421875 0.653125 0.93203125 0.64375 0.90234375 0.63125 0.87265625 0.6046875 0.84921875 0.5609375 0.78359375 0.5453125 0.72109375 0.5265625 0.68515625 0.51640625 0.675 0.50546875 0.6734375 0.484375 0.68828125 0.4625 0.73515625 0.4671875 0.78984375 0.5765625 0.97578125 0.59296875 0.9921875
4 0.71875 0.88671875 0.74140625 0.884375 0.78359375 0.865625 0.81953125 0.8671875 0.8640625 0.83828125 0.86328125 0.83125 0.83671875 0.81875 0.821875 0.80234375 0.8125 0.76484375 0.80546875 0.7578125 0.78515625 0.75625 0.76015625 0.740625 0.73828125 0.740625 0.7328125 0.73046875 0.740625 0.72109375 0.73203125 0.7125 0.703125 0.72265625 0.703125 0.73515625 0.684375 0.75859375 0.665625 0.80390625 0.678125 0.86953125 0.69765625 0.884375
4 0.8796875 0.83359375 0.8859375 0.81171875 0.8796875 0.75859375 0.8390625 0.59609375 0.8234375 0.55703125 0.80859375 0.54375 0.79609375 0.5421875 0.778125 0.56171875 0.7625 0.61484375 0.75 0.63515625 0.75390625 0.6453125 0.778125 0.66171875 0.7921875 0.68515625 0.821875 0.80234375 0.83828125 0.8203125
4 0.8671875 0.69609375 0.878125 0.52421875 0.875 0.46328125 0.865625 0.41640625 0.83046875 0.3640625 0.8359375 0.38828125 0.815625 0.41953125 0.8078125 0.46171875 0.7953125 0.48828125 0.7875 0.54296875 0.80234375 0.540625 0.825 0.56015625 0.8609375 0.68984375