4 0.1703125 0.45546875 0.1828125 0.44609375 0.19609375 0.4171875 0.234375 0.39453125 0.2484375 0.36796875 0.2578125 0.32421875 0.31015625 0.25625 0.31875 0.26171875 0.3171875 0.30234375 0.3265625 0.30390625 0.3484375 0.23671875 0.346875 0.20703125 0.3578125 0.15859375 0.35625 0.11015625 0.34453125 0.090625 0.31953125 0.090625 0.29765625 0.1 0.265625 0.13359375 0.2390625 0.18046875 0.184375 0.30234375 0.1734375 0.34765625 0.1515625 0.37578125 0.1625 0.39765625 0.15625 0.44453125
4 0.61875 0.28359375 0.66015625 0.265625 0.675 0.25234375 0.684375 0.23203125 0.675 0.16953125 0.6546875 0.13203125 0.63671875 0.1171875 0.54921875 0.0984375 0.51484375 0.0765625 0.47734375 0.084375 0.45234375 0.0765625 0.43984375 0.084375 0.4484375 0.09765625 0.41640625 0.1140625 0.409375 0.12578125 0.421875 0.14609375 0.434375 0.15234375 0.4359375 0.16640625 0.46796875 0.1703125 0.49765625 0.1921875 0.53671875 0.209375 0.5921875 0.26328125 0.60078125 0.2796875
4 0.65625 0.48671875 0.6625 0.47890625 0.6609375 0.43984375 0.6703125 0.39609375 0.6203125 0.29921875 0.5921875 0.27578125 0.55625 0.22734375 0.53671875 0.2109375 0.49609375 0.1921875 0.46953125 0.171875 0.42421875 0.1703125 0.403125 0.20078125 0.3984375 0.26015625 0.45546875 0.3078125 0.5046875 0.36484375 0.55625 0.40859375 0.59296875 0.4546875 0.60078125 0.45 0.63203125 0.4765625
4 0.5859375 0.56640625 0.60390625 0.5625 0.6140625 0.54453125 0.60625 0.51328125 0.6171875 0.50703125 0.61875 0.49921875 0.609375 0.47578125 0.5921875 0.46171875 0.5671875 0.42265625 0.5140625 0.37734375 0.45859375 0.3125 0.43671875 0.3 0.41171875 0.2703125 0.39765625 0.2625 0.38671875 0.2640625 0.359375 0.28984375 0.3421875 0.33359375 0.35625 0.40859375 0.37265625 0.4296875 0.39453125 0.4171875 0.4015625 0.38984375 0.43203125 0.3453125 0.425 0.39921875 0.4453125 0.43984375 0.45 0.46328125 0.478125 0.48671875 0.52578125 0.5453125 0.57421875 0.5671875
4 0.578125 0.68046875 0.5875 0.62109375 0.6 0.60234375 0.60625 0.56484375 0.57265625 0.56875 0.55703125 0.55625 0.52890625 0.5484375 0.5140625 0.53515625 0.478125 0.48828125 0.45 0.46328125 0.440625 0.43046875 0.4203125 0.39453125 0.425 0.37734375 0.41796875 0.3734375 0.4 0.39609375 0.3984375 0.41484375 0.378125 0.43046875 0.36875 0.47265625 0.3734375 0.50546875 0.3890625 0.54140625 0.46484375 0.628125 0.52421875 0.6734375 0.54140625 0.6796875 0.56796875 0.6703125
4 0.4546875 0.76640625 0.465625 0.75703125 0.4625 0.73046875 0.47109375 0.7234375 0.49140625 0.7265625 0.5015625 0.71953125 0.4984375 0.68203125 0.4859375 0.65078125 0.3875 0.53984375 0.3671875 0.48828125 0.36875 0.45546875 0.3625 0.44140625 0.32109375 0.390625 0.29453125 0.384375 0.2625 0.41484375 0.2578125 0.48515625 0.271875 0.54140625 0.30625 0.59765625 0.359375 0.64453125 0.3984375 0.70859375 0.42109375 0.725 0.4359375 0.72578125 0.4421875 0.73828125 0.4390625 0.75078125 0.446875 0.75390625 0.4421875 0.75859375
4 0.4359375 0.81171875 0.4421875 0.78515625 0.434375 0.76640625 0.440625 0.76015625 0.4328125 0.75078125 0.43125 0.73046875 0.4015625 0.71328125 0.35859375 0.646875 0.29921875 0.61875 0.27421875 0.61875 0.2671875 0.61328125 0.2734375 0.56328125 0.2734375 0.55078125 0.26796875 0.5484375 0.2515625 0.56640625 0.25 0.57890625 0.21953125 0.6 0.2015625 0.62734375 0.196875 0.65234375 0.2015625 0.68984375 0.221875 0.73046875 0.24296875 0.7515625 0.28359375 0.7734375 0.33671875 0.78125 0.37109375 0.8 0.40703125 0.8015625
4 0.39375 0.94609375 0.4 0.93515625 0.4015625 0.89765625 0.42109375 0.896875 0.4296875 0.88359375 0.41875 0.86015625 0.4234375 0.83671875 0.4125 0.81640625 0.39921875 0.803125 0.37421875 0.803125 0.33984375 0.7828125 0.29140625 0.7765625 0.26328125 0.765625 0.2265625 0.73984375 0.19765625 0.690625 0.178125 0.73203125 0.175 0.77421875 0.1828125 0.80234375 0.2046875 0.83828125 0.25546875 0.8765625 0.38203125 0.9109375 0.3890625 0.94609375
4 0.4484375 0.91484375 0.48359375 0.8765625 0.5234375 0.84921875 0.55859375 0.803125 0.60234375 0.7796875 0.6 0.79921875 0.60703125 0.8046875 0.646875 0.75390625 0.671875 0.69921875 0.675 0.65234375 0.6921875 0.65234375 0.64921875 0.6 0.62265625 0.59375 0.6125 0.60078125 0.625 0.61328125 0.6234375 0.63203125 0.5859375 0.66484375 0.575 0.70078125 0.56640625 0.7109375 0.55625 0.70390625 0.55546875 0.678125 0.53515625 0.68125 0.5046875 0.72109375 0.4703125 0.75234375 0.4515625 0.78984375 0.45 0.81640625 0.428125 0.85859375 0.440625 0.86640625 0.4390625 0.90078125
4 0.1078125 0.24453125 0.13046875 0.196875 0.14140625 0.2 0.16171875 0.221875 0.1671875 0.21640625 0.1609375 0.18203125 0.1671875 0.15859375 0.178125 0.15546875 0.1796875 0.14453125 0.165625 0.10390625 0.14609375 0.084375 0.13515625 0.084375 0.08984375 0.109375 0.0578125 0.13828125 0.046875 0.15859375 0.0421875 0.20859375 0.053125 0.23984375 0.06796875 0.2453125
1 0.85625 0.43046875 0.8625 0.37109375 0.853125 0.22421875 0.73671875 0.1703125 0.71328125 0.165625 0.70703125 0.1734375 0.69921875 0.16875 0.696875 0.21796875 0.69921875 0.2265625 0.7078125 0.22734375 0.7015625 0.23203125 0.7125 0.23671875 0.7078125 0.29453125 0.7125 0.29765625 0.7140625 0.33515625 0.7234375 0.33828125 0.7171875 0.34921875 0.7265625 0.36171875 0.7203125 0.36484375 0.728125 0.36953125 0.7265625 0.38046875 0.7421875 0.38515625 0.74140625 0.39375 0.73046875 0.3890625 0.728125 0.39609375 0.74140625 0.3984375 0.74609375 0.4125 0.7484375 0.40078125 0.75703125 0.4 0.76171875 0.4140625 0.77265625 0.4078125 0.77734375 0.415625 0.78671875 0.4140625 0.78828125 0.40625 0.79140625 0.415625 0.80546875 0.415625 0.80859375 0.421875 0.81328125 0.4171875