1 0.85 0.53828125 0.859375 0.52265625 0.865625 0.43828125 0.859375 0.23046875 0.82109375 0.2046875 0.75234375 0.178125 0.7546875 0.25234375 0.7625 0.27890625 0.828125 0.35234375 0.834375 0.36640625 0.825 0.40390625 0.8109375 0.42421875 0.834375 0.45859375
4 0.5859375 0.34609375 0.590625 0.33203125 0.58125 0.30234375 0.60234375 0.25 0.63671875 0.2671875 0.66328125 0.2609375 0.71328125 0.2625 0.76171875 0.2921875 0.753125 0.25390625 0.75 0.18828125 0.7328125 0.15703125 0.71328125 0.1421875 0.65078125 0.121875 0.59140625 0.11875 0.55859375 0.1015625 0.53046875 0.1015625 0.51796875 0.09375 0.5046875 0.11015625 0.5078125 0.12265625 0.5015625 0.13359375 0.540625 0.19140625 0.5640625 0.24765625 0.5578125 0.32890625 0.56484375 0.3140625
4 0.628125 0.52578125 0.6390625 0.46015625 0.66328125 0.4140625 0.69296875 0.428125 0.74140625 0.4203125 0.7421875 0.43671875 0.725 0.44453125 0.734375 0.45703125 0.721875 0.45546875 0.74921875 0.471875 0.778125 0.44765625 0.7765625 0.43984375 0.78671875 0.4265625 0.81875 0.41171875 0.8328125 0.37421875 0.828125 0.35390625 0.77578125 0.2984375 0.75546875 0.29375 0.71328125 0.265625 0.65234375 0.2640625 0.61640625 0.2859375 0.6015625 0.31015625 0.6 0.35546875 0.6109375 0.39765625 0.6015625 0.51328125 0.60625 0.51484375 0.6125 0.49921875 0.62109375 0.453125 0.6203125 0.51953125
4 0.6671875 0.67109375 0.68828125 0.653125 0.71171875 0.65625 0.72578125 0.6515625 0.75390625 0.615625 0.828125 0.55078125 0.8375 0.50546875 0.8359375 0.48046875 0.83125 0.45859375 0.81484375 0.4328125 0.79765625 0.43125 0.77578125 0.45625 0.76015625 0.4640625 0.73203125 0.50625 0.71796875 0.4875 0.70546875 0.4890625 0.6984375 0.49765625 0.69375 0.53359375 0.634375 0.61015625 0.6390625 0.63046875 0.65546875 0.6375 0.66875 0.65234375 0.6609375 0.67109375
4 0.6734375 0.80390625 0.72421875 0.784375 0.76953125 0.753125 0.8328125 0.69609375 0.8578125 0.64765625 0.84765625 0.5921875 0.81953125 0.5921875 0.80078125 0.5796875 0.76171875 0.609375 0.72578125 0.6515625 0.70703125 0.6625 0.68671875 0.659375 0.65546875 0.678125 0.64765625 0.6703125 0.6421875 0.67265625 0.640625 0.65390625 0.621875 0.63828125 0.6421875 0.69765625 0.6484375 0.77734375 0.6578125 0.80078125
4 0.7 0.87734375 0.72421875 0.8625 0.77421875 0.846875 0.80859375 0.8515625 0.828125 0.83671875 0.8515625 0.79765625 0.8609375 0.76171875 0.8609375 0.72109375 0.84765625 0.6875 0.84140625 0.6859375 0.80859375 0.721875 0.71328125 0.7921875 0.665625 0.80703125 0.6640625 0.82421875 0.68125 0.84140625 0.675 0.86328125 0.68203125 0.871875
4 0.725 0.96953125 0.75546875 0.9640625 0.76484375 0.9546875 0.83515625 0.9265625 0.85625 0.90703125 0.8640625 0.87109375 0.8609375 0.85390625 0.82421875 0.8421875 0.80703125 0.853125 0.77109375 0.8484375 0.71953125 0.865625 0.70390625 0.8765625 0.6953125 0.89921875 0.7 0.94921875 0.71328125 0.9671875
4 0.4875 0.45546875 0.5 0.43359375 0.521875 0.35078125 0.5515625 0.31796875 0.5609375 0.25859375 0.5546875 0.22890625 0.5265625 0.17109375 0.47734375 0.1140625 0.45234375 0.1015625 0.34921875 0.0765625 0.3125 0.09609375 0.29375 0.14140625 0.35 0.19765625 0.39609375 0.2796875 0.40078125 0.253125 0.43671875 0.2921875 0.471875 0.31015625 0.465625 0.35078125 0.4421875 0.38828125 0.45078125 0.396875 0.48046875 0.36875 0.49375 0.36640625 0.4828125 0.44453125
4 0.440625 0.53515625 0.4515625 0.49140625 0.4484375 0.44921875 0.4546875 0.42890625 0.4421875 0.40859375 0.43125 0.33984375 0.403125 0.30546875 0.3625 0.21796875 0.3234375 0.16796875 0.30234375 0.1515625 0.26796875 0.159375 0.2546875 0.19765625 0.253125 0.24140625 0.278125 0.39765625 0.28359375 0.4046875 0.2875 0.39765625 0.2828125 0.34453125 0.28671875 0.3234375 0.31328125 0.35625 0.340625 0.37578125 0.3421875 0.41796875 0.3515625 0.45234375 0.36953125 0.465625 0.38828125 0.4671875 0.425 0.52734375
4 0.18125 0.67109375 0.184375 0.57109375 0.19140625 0.56875 0.2328125 0.58515625 0.2265625 0.55703125 0.215625 0.55078125 0.1859375 0.49609375 0.1984375 0.38671875 0.1953125 0.33046875 0.22109375 0.3234375 0.24140625 0.3375 0.2515625 0.33515625 0.215625 0.28515625 0.25234375 0.275 0.25625 0.26484375 0.24609375 0.2578125 0.20859375 0.2578125 0.196875 0.23515625 0.17578125 0.2234375 0.16171875 0.228125 0.1484375 0.24296875 0.13125 0.28984375 0.115625 0.38046875 0.115625 0.49140625 0.1234375 0.57265625 0.1390625 0.63671875 0.1546875 0.64765625 0.16796875 0.66875
4 0.246875 0.86953125 0.26171875 0.85625 0.28203125 0.8578125 0.2875 0.85234375 0.28203125 0.8234375 0.284375 0.84296875 0.27890625 0.8484375 0.2671875 0.84296875 0.2703125 0.80234375 0.2640625 0.73671875 0.23984375 0.7046875 0.23203125 0.703125 0.2296875 0.71484375 0.22109375 0.7171875 0.18984375 0.6796875 0.1515625 0.65859375 0.1359375 0.63359375 0.1234375 0.59453125 0.09453125 0.559375 0.0875 0.56953125 0.0859375 0.59921875 0.0734375 0.60859375 0.0734375 0.61640625 0.0875 0.65234375 0.090625 0.69140625 0.1 0.71796875 0.1765625 0.83515625 0.21640625 0.8671875