1 0.8015625 0.50078125 0.809375 0.49921875 0.8015625 0.49453125 0.8078125 0.48359375 0.8 0.41015625 0.8015625 0.31484375 0.8109375 0.26953125 0.84375 0.24921875 0.840625 0.21953125 0.73671875 0.16875 0.64765625 0.140625 0.61015625 0.1375 0.621875 0.14140625 0.6203125 0.16640625 0.640625 0.18828125 0.6546875 0.22578125 0.66171875 0.2234375 0.6625 0.23203125 0.671875 0.23671875 0.6859375 0.30546875 0.6859375 0.33515625 0.69453125 0.34375 0.71171875 0.3453125 0.7203125 0.36484375 0.728125 0.36796875 0.7296875 0.37421875 0.7171875 0.38203125 0.728125 0.38359375 0.7296875 0.40234375 0.74921875 0.4078125 0.75234375 0.421875 0.77265625 0.4234375 0.77578125 0.4359375 0.790625 0.43984375 0.7921875 0.45078125 0.7984375 0.45390625
4 0.2078125 0.76484375 0.2171875 0.76171875 0.2328125 0.73515625 0.2375 0.68203125 0.2453125 0.66171875 0.2421875 0.62734375 0.23359375 0.6265625 0.23046875 0.6375 0.2171875 0.63203125 0.2015625 0.56484375 0.1796875 0.51640625 0.1703125 0.45390625 0.1703125 0.37890625 0.15078125 0.3765625 0.13515625 0.3984375 0.12578125 0.3953125 0.121875 0.40390625 0.1265625 0.43984375 0.11875 0.48984375 0.121875 0.53984375 0.153125 0.68515625 0.1796875 0.74921875 0.18984375 0.7609375
4 0.853125 0.65859375 0.8796875 0.53046875 0.871875 0.49609375 0.865625 0.37734375 0.8671875 0.35390625 0.8796875 0.33828125 0.8609375 0.29296875 0.846875 0.27421875 0.83359375 0.2640625 0.81953125 0.2640625 0.8125 0.27109375 0.8046875 0.30703125 0.8015625 0.38984375 0.8140625 0.49609375 0.815625 0.57734375 0.840625 0.64609375
4 0.4875 0.30859375 0.49375 0.29765625 0.4953125 0.23671875 0.5046875 0.21796875 0.5078125 0.18203125 0.4859375 0.12734375 0.47265625 0.1140625 0.43984375 0.09375 0.40234375 0.084375 0.32109375 0.0875 0.275 0.10546875 0.2671875 0.11640625 0.271875 0.13203125 0.2578125 0.14453125 0.25625 0.15703125 0.27734375 0.1875 0.30546875 0.2078125 0.34453125 0.2109375 0.37109375 0.2203125 0.41953125 0.2515625 0.44765625 0.2484375 0.4625 0.28046875
4 0.5125 0.44765625 0.515625 0.43828125 0.5046875 0.36171875 0.5109375 0.32890625 0.50703125 0.3 0.49453125 0.303125 0.48671875 0.315625 0.45390625 0.271875 0.36328125 0.21875 0.30078125 0.2078125 0.27265625 0.209375 0.265625 0.21640625 0.2484375 0.26796875 0.24765625 0.3359375 0.27421875 0.3390625 0.31953125 0.3625 0.36953125 0.3765625 0.42890625 0.4265625 0.44765625 0.4203125 0.49140625 0.4453125
4 0.3890625 0.60546875 0.41796875 0.6 0.4453125 0.55546875 0.4609375 0.54609375 0.440625 0.45234375 0.4203125 0.42421875 0.37265625 0.3796875 0.30078125 0.3578125 0.26796875 0.3390625 0.23828125 0.346875 0.2375 0.33046875 0.22109375 0.30625 0.215625 0.33359375 0.2234375 0.34609375 0.1953125 0.36484375 0.19375 0.38828125 0.2125 0.43046875 0.2265625 0.44609375 0.234375 0.47109375 0.25703125 0.4875 0.28984375 0.49375 0.31328125 0.521875 0.3640625 0.56015625 0.378125 0.60234375
4 0.6609375 0.67734375 0.68125 0.61953125 0.6765625 0.57578125 0.6625 0.56953125 0.65 0.51328125 0.61875 0.45234375 0.6 0.34296875 0.609375 0.34609375 0.63046875 0.375 0.6390625 0.37265625 0.640625 0.36171875 0.5640625 0.24296875 0.54140625 0.2328125 0.53515625 0.2234375 0.51640625 0.2265625 0.5140625 0.25234375 0.5 0.29140625 0.5125 0.30546875 0.50625 0.37890625 0.5265625 0.47265625 0.58125 0.57578125 0.5890625 0.62421875 0.6015625 0.65390625 0.62109375 0.675 0.63203125 0.659375
4 0.334375 0.90546875 0.34609375 0.8953125 0.41015625 0.8921875 0.44765625 0.8984375 0.48046875 0.8921875 0.5296875 0.84921875 0.5453125 0.82578125 0.553125 0.79921875 0.540625 0.74765625 0.5421875 0.70859375 0.5203125 0.68515625 0.49453125 0.5875 0.48671875 0.5953125 0.47890625 0.59375 0.4765625 0.60078125 0.4921875 0.66015625 0.48828125 0.715625 0.45859375 0.715625 0.41796875 0.7484375 0.40234375 0.7515625 0.365625 0.69609375 0.359375 0.66171875 0.35234375 0.6578125 0.340625 0.66484375 0.3546875 0.77265625 0.3125 0.82109375 0.303125 0.83984375 0.303125 0.85234375 0.3265625 0.87265625 0.3234375 0.90234375
4 0.6890625 0.96953125 0.7046875 0.96171875 0.7125 0.93828125 0.70625 0.86328125 0.634375 0.75859375 0.61875 0.71015625 0.6015625 0.68203125 0.58828125 0.6703125 0.57578125 0.66875 0.559375 0.68046875 0.5421875 0.72265625 0.540625 0.73984375 0.5546875 0.80078125 0.6375 0.91796875 0.6484375 0.94609375 0.66796875 0.965625
4 0.765625 0.95234375 0.80625 0.88515625 0.8109375 0.78515625 0.8 0.72578125 0.775 0.64296875 0.75234375 0.609375 0.73515625 0.6046875 0.7125 0.61640625 0.7140625 0.63828125 0.7 0.68046875 0.7046875 0.71328125 0.7328125 0.76015625 0.7484375 0.81484375 0.740625 0.84921875 0.7390625 0.91484375 0.7265625 0.94921875
4 0.840625 0.79921875 0.8578125 0.75390625 0.8546875 0.68515625 0.846875 0.65859375 0.8171875 0.58828125 0.7890625 0.55390625 0.76796875 0.5390625 0.73515625 0.5421875 0.721875 0.55703125 0.715625 0.60703125 0.75078125 0.6078125 0.765625 0.62421875 0.796875 0.71171875 0.8109375 0.78203125 0.82890625 0.7984375 0.840625 0.79921875