4 0.7546875 0.34140625 0.7484375 0.31484375 0.75078125 0.29375 0.78984375 0.2984375 0.80859375 0.2875 0.83671875 0.3015625 0.8515625 0.29296875 0.8546875 0.27734375 0.8734375 0.25546875 0.884375 0.22421875 0.87265625 0.18125 0.85859375 0.1828125 0.84765625 0.2015625 0.83203125 0.1890625 0.81015625 0.1875 0.74921875 0.1546875 0.72265625 0.1515625 0.7 0.16328125 0.68125 0.20859375 0.6828125 0.23359375 0.7171875 0.28984375 0.7171875 0.31171875 0.74453125 0.3390625
4 0.390625 0.34140625 0.3890625 0.29296875 0.41640625 0.228125 0.48828125 0.2578125 0.54296875 0.23125 0.5765625 0.28046875 0.5921875 0.33203125 0.6 0.33359375 0.6015625 0.31796875 0.609375 0.31171875 0.609375 0.29453125 0.5859375 0.22421875 0.5921875 0.16796875 0.5875 0.14609375 0.575 0.12578125 0.578125 0.11015625 0.57265625 0.1 0.55390625 0.10625 0.49453125 0.0921875 0.41484375 0.0953125 0.36484375 0.090625 0.34765625 0.096875 0.33359375 0.0921875 0.3234375 0.10234375 0.325 0.13046875 0.30625 0.14296875 0.30625 0.16171875 0.32109375 0.1828125 0.35546875 0.1984375 0.365625 0.21171875 0.359375 0.26015625 0.36640625 0.2765625 0.3734375 0.26015625 0.3796875 0.32578125
4 0.3203125 0.35859375 0.325 0.35234375 0.3203125 0.26640625 0.35390625 0.2828125 0.35625 0.26484375 0.3296875 0.24140625 0.309375 0.20546875 0.271875 0.16640625 0.23359375 0.1140625 0.20703125 0.103125 0.18359375 0.1046875 0.16328125 0.1140625 0.1390625 0.14140625 0.1328125 0.16015625 0.1328125 0.21796875 0.184375 0.32109375 0.19375 0.32421875 0.1890625 0.25859375 0.22734375 0.265625 0.2390625 0.29921875 0.2734375 0.33828125 0.29453125 0.359375 0.30234375 0.353125
4 0.159375 0.51640625 0.1640625 0.49453125 0.15 0.40390625 0.15390625 0.4 0.18203125 0.4265625 0.1875 0.41328125 0.1734375 0.39609375 0.159375 0.35546875 0.1421875 0.33828125 0.146875 0.25078125 0.13125 0.21484375 0.1359375 0.14296875 0.12265625 0.128125 0.11171875 0.1265625 0.0921875 0.13984375 0.0796875 0.19609375 0.0859375 0.42265625 0.115625 0.48984375
4 0.06875 0.61015625 0.078125 0.55859375 0.078125 0.49765625 0.0890625 0.47265625 0.0890625 0.45703125 0.084375 0.44140625 0.0875 0.36953125 0.0796875 0.22109375 0.078125 0.20390625 0.06796875 0.196875 0.0484375 0.22890625 0.0375 0.27421875 0.0296875 0.47890625 0.0375 0.58046875 0.04609375 0.5984375 0.05234375 0.596875
4 0.23125 0.72578125 0.2578125 0.70234375 0.2609375 0.66953125 0.25625 0.62734375 0.228125 0.53828125 0.2109375 0.50859375 0.20234375 0.5046875 0.2 0.52265625 0.2140625 0.54921875 0.21015625 0.5625 0.18203125 0.5390625 0.16015625 0.540625 0.1484375 0.51796875 0.09765625 0.475 0.0890625 0.48515625 0.0890625 0.51953125 0.08125 0.53671875 0.09375 0.55390625 0.1078125 0.60859375 0.18515625 0.709375 0.21484375 0.725
4 0.2375 0.87578125 0.23125 0.85859375 0.2484375 0.84140625 0.2546875 0.77578125 0.28125 0.70234375 0.2796875 0.68984375 0.26875 0.69453125 0.24765625 0.7265625 0.23203125 0.73125 0.20234375 0.721875 0.16171875 0.6921875 0.11953125 0.69375 0.103125 0.64765625 0.1 0.61171875 0.09140625 0.63125 0.08203125 0.6171875 0.078125 0.69921875 0.06796875 0.703125 0.0578125 0.71796875 0.0625 0.78046875 0.08671875 0.8046875 0.13828125 0.8375 0.19296875 0.859375 0.22265625 0.8640625
4 0.5296875 0.91328125 0.57109375 0.9015625 0.61953125 0.8703125 0.65078125 0.8625 0.6609375 0.85234375 0.6953125 0.79140625 0.70625 0.73359375 0.70234375 0.7125 0.65234375 0.7109375 0.64453125 0.715625 0.6375 0.70234375 0.62265625 0.69375 0.603125 0.71171875 0.59296875 0.7390625 0.55234375 0.734375 0.53046875 0.740625 0.53125 0.71953125 0.5546875 0.69453125 0.55390625 0.665625 0.52734375 0.696875 0.509375 0.70703125 0.496875 0.73515625 0.4609375 0.78359375 0.4484375 0.85390625 0.48203125 0.9046875 0.49765625 0.9125
4 0.703125 0.92421875 0.7078125 0.92109375 0.7078125 0.89296875 0.73046875 0.8765625 0.76328125 0.8734375 0.78046875 0.865625 0.821875 0.81171875 0.83125 0.78828125 0.8359375 0.72421875 0.8296875 0.69921875 0.8140625 0.67421875 0.80078125 0.6 0.7921875 0.60546875 0.784375 0.62421875 0.7921875 0.65859375 0.790625 0.68984375 0.76640625 0.6953125 0.73515625 0.7328125 0.7265625 0.71640625 0.73125 0.67890625 0.72734375 0.6703125 0.7203125 0.67578125 0.7046875 0.70390625 0.70625 0.74296875 0.696875 0.76796875 0.6953125 0.79453125 0.6640625 0.84921875 0.640625 0.87109375 0.65546875 0.8890625 0.67109375 0.8921875 0.6890625 0.91640625
4 0.8453125 0.83515625 0.8734375 0.74140625 0.875 0.71171875 0.865625 0.67109375 0.8625 0.51796875 0.8546875 0.49140625 0.82890625 0.478125 0.815625 0.49140625 0.8078125 0.51484375 0.80625 0.61484375 0.8140625 0.67109375 0.83125 0.70078125 0.8375 0.73046875 0.8359375 0.76953125 0.8234375 0.82734375 0.83046875 0.8359375
1 0.7953125 0.52578125 0.803125 0.52265625 0.809375 0.49609375 0.82578125 0.46875 0.86015625 0.490625 0.8640625 0.46640625 0.8609375 0.30390625 0.84765625 0.2984375 0.82890625 0.3046875 0.80859375 0.290625 0.79453125 0.3 0.75390625 0.3 0.75625 0.34609375 0.74921875 0.3484375 0.73828125 0.3375 0.7328125 0.34453125 0.7390625 0.38984375 0.7484375 0.40390625 0.7375 0.41640625 0.7453125 0.43203125 0.7453125 0.46015625 0.75390625 0.4609375 0.75703125 0.4546875 0.759375 0.46328125 0.759375 0.50703125 0.76875 0.50546875 0.765625 0.49453125 0.77265625 0.4796875 0.7765625 0.52265625 0.78671875 0.509375 0.7890625 0.52265625