1 0.778125 0.74765625 0.80625 0.65859375 0.8171875 0.57109375 0.8140625 0.48203125 0.8 0.47265625 0.80625 0.41015625 0.8234375 0.37265625 0.85625 0.33046875 0.8578125 0.23515625 0.85078125 0.2203125 0.81796875 0.203125 0.70703125 0.1625 0.7015625 0.16796875 0.70625 0.18515625 0.73359375 0.1984375 0.746875 0.21953125 0.728125 0.23359375 0.7421875 0.28203125 0.73828125 0.3 0.70546875 0.3125 0.68359375 0.290625 0.66015625 0.284375 0.62890625 0.2640625 0.57109375 0.271875 0.5578125 0.27890625 0.578125 0.30703125 0.5765625 0.32421875 0.56640625 0.33125 0.51953125 0.284375 0.515625 0.29609375 0.52421875 0.3125 0.540625 0.31484375 0.54140625 0.328125 0.55625 0.33046875 0.55859375 0.3421875 0.56796875 0.3359375 0.57734375 0.35 0.58515625 0.334375 0.59296875 0.353125 0.60078125 0.3421875 0.603125 0.35546875 0.596875 0.36484375 0.60390625 0.375 0.6109375 0.37265625 0.6109375 0.35390625 0.61640625 0.3515625 0.621875 0.37421875 0.62890625 0.3640625 0.640625 0.37734375 0.6390625 0.38828125 0.6515625 0.40859375 0.6515625 0.42109375 0.665625 0.42421875 0.66796875 0.4390625 0.6796875 0.43984375 0.67421875 0.45 0.6671875 0.45078125 0.665625 0.51328125 0.6546875 0.51328125 0.64375 0.54453125 0.6515625 0.55078125 0.6484375 0.56171875 0.66328125 0.5625 0.665625 0.57265625 0.6625 0.58984375 0.653125 0.59765625 0.6484375 0.61328125 0.6421875 0.61328125 0.634375 0.63515625 0.63125 0.69453125 0.6375 0.71796875 0.64609375 0.7140625 0.6515625 0.73046875 0.66015625 0.7296875 0.70234375 0.7 0.7078125 0.71015625 0.70390625 0.7359375 0.74921875 0.7359375
4 0.7953125 0.74296875 0.81171875 0.7328125 0.8375 0.73359375 0.871875 0.64765625 0.88125 0.53046875 0.88125 0.44140625 0.871875 0.38984375 0.85234375 0.3453125 0.828125 0.36953125 0.8078125 0.41015625 0.803125 0.46640625 0.80859375 0.4703125 0.8203125 0.46328125 0.81875 0.58515625 0.8125 0.60078125 0.8078125 0.66484375 0.790625 0.72890625
4 0.7078125 0.88984375 0.77265625 0.8609375 0.81484375 0.8515625 0.840625 0.81796875 0.840625 0.78984375 0.8515625 0.76953125 0.8515625 0.75390625 0.83984375 0.746875 0.82578125 0.7515625 0.81171875 0.740625 0.78203125 0.7546875 0.77109375 0.7546875 0.74609375 0.7390625 0.70703125 0.746875 0.69375 0.73359375 0.703125 0.71953125 0.70234375 0.70625 0.66796875 0.7296875 0.665625 0.75390625 0.65 0.78984375 0.6453125 0.82734375 0.628125 0.82734375 0.64375 0.84296875 0.66171875 0.8796875 0.68046875 0.890625
4 0.6140625 0.99921875 0.6203125 0.98046875 0.609375 0.93359375 0.625 0.91171875 0.6265625 0.89609375 0.60859375 0.88125 0.5890625 0.88046875 0.5625 0.81171875 0.5390625 0.78359375 0.53359375 0.7609375 0.50859375 0.790625 0.46953125 0.7609375 0.43203125 0.7546875 0.365625 0.79140625 0.365625 0.83828125 0.38125 0.87890625 0.39296875 0.89375 0.42265625 0.9125 0.46953125 0.915625 0.51484375 0.9390625 0.55703125 0.9515625 0.559375 0.96015625 0.55 0.97578125 0.55703125 1 0.58515625 1 0.58828125 0.978125
4 0.275 0.87421875 0.29140625 0.8703125 0.30546875 0.8515625 0.32578125 0.8390625 0.36953125 0.7859375 0.42265625 0.75625 0.44453125 0.7515625 0.475 0.71796875 0.4875 0.67421875 0.490625 0.60859375 0.46328125 0.5671875 0.44453125 0.5609375 0.41171875 0.5609375 0.3671875 0.58515625 0.36953125 0.6015625 0.39296875 0.596875 0.39375 0.60546875 0.3578125 0.64296875 0.3328125 0.68515625 0.2953125 0.71171875 0.2796875 0.74296875 0.2765625 0.77734375 0.25703125 0.7796875 0.24375 0.80234375 0.246875 0.81484375 0.26015625 0.815625 0.2671875 0.82578125 0.2703125 0.83984375 0.2640625 0.86015625 0.2671875 0.87109375
4 0.1546875 0.84765625 0.17421875 0.834375 0.209375 0.84453125 0.1984375 0.81953125 0.203125 0.80078125 0.2234375 0.78203125 0.221875 0.76328125 0.19921875 0.7390625 0.16875 0.72265625 0.16875 0.69921875 0.16171875 0.690625 0.13984375 0.690625 0.12578125 0.70625 0.09921875 0.6828125 0.05703125 0.66875 0.0359375 0.71015625 0.0359375 0.74296875 0.05 0.78828125 0.07109375 0.815625 0.12421875 0.83125
4 0.115625 0.65078125 0.15078125 0.6375 0.17421875 0.6375 0.225 0.60390625 0.2203125 0.58671875 0.20625 0.57265625 0.225 0.54609375 0.228125 0.52421875 0.22109375 0.5171875 0.1921875 0.51953125 0.19375 0.48203125 0.18828125 0.475 0.175 0.51015625 0.15390625 0.5125 0.13515625 0.53125 0.12265625 0.5265625 0.09921875 0.534375 0.08828125 0.53125 0.06875 0.49140625 0.0625 0.49453125 0.05 0.53671875 0.04375 0.59765625 0.0515625 0.59921875 0.065625 0.62734375 0.08671875 0.646875
4 0.1 0.53203125 0.11484375 0.525 0.1203125 0.51484375 0.13125 0.47265625 0.146875 0.45078125 0.1578125 0.40234375 0.15078125 0.390625 0.1390625 0.41953125 0.13125 0.41328125 0.125 0.29609375 0.1328125 0.23671875 0.1203125 0.22421875 0.125 0.16640625 0.12109375 0.1390625 0.10078125 0.1453125 0.08828125 0.159375 0.08359375 0.153125 0.078125 0.16171875 0.0671875 0.25234375 0.0625 0.44296875 0.0765625 0.51171875 0.08984375 0.53125
4 0.0265625 0.51640625 0.0390625 0.50859375 0.0609375 0.46015625 0.0484375 0.43046875 0.0484375 0.41484375 0.05625 0.36953125 0.05625 0.30859375 0.065625 0.29765625 0.0625 0.20078125 0.0734375 0.18203125 0.07109375 0.159375 0.06328125 0.1609375 0.0359375 0.19140625 0.015625 0.24296875 0 0.33203125 0 0.51328125
4 0.378125 0.29765625 0.39296875 0.2875 0.41640625 0.2828125 0.428125 0.26015625 0.4765625 0.21640625 0.478125 0.16328125 0.4734375 0.12734375 0.465625 0.11171875 0.43984375 0.0890625 0.41328125 0.08125 0.33359375 0.0953125 0.31015625 0.0953125 0.28671875 0.084375 0.23203125 0.0953125 0.2296875 0.11796875 0.209375 0.14921875 0.21875 0.18515625 0.2125 0.20546875 0.23984375 0.209375 0.26328125 0.2234375 0.30390625 0.215625 0.35234375 0.2359375 0.38671875 0.2390625 0.396875 0.25546875 0.37265625 0.271875 0.365625 0.28515625 0.365625 0.29453125
4 0.5703125 0.32265625 0.575 0.31953125 0.5734375 0.30234375 0.5515625 0.27578125 0.55078125 0.2671875 0.58203125 0.2703125 0.63359375 0.2609375 0.66015625 0.28125 0.68203125 0.2859375 0.70703125 0.3109375 0.71640625 0.2984375 0.73671875 0.2984375 0.740625 0.28515625 0.7265625 0.25234375 0.725 0.22578125 0.74140625 0.225 0.74375 0.21796875 0.72421875 0.1984375 0.7046875 0.19609375 0.690625 0.16015625 0.67578125 0.1453125 0.63046875 0.1328125 0.56640625 0.0984375 0.52109375 0.09375 0.49921875 0.103125 0.478125 0.13359375 0.4796875 0.20859375 0.4859375 0.22421875 0.5203125 0.26328125 0.5296875 0.28984375