4 0.06875 0.62578125 0.0890625 0.58515625 0.090625 0.45546875 0.0765625 0.35234375 0.0828125 0.30546875 0.065625 0.22890625 0.05859375 0.21875 0.034375 0.27578125 0.0390625 0.29296875 0.0359375 0.35703125 0.05 0.58671875 0.0578125 0.61640625
4 0.828125 0.89921875 0.88125 0.86484375 0.8796875 0.80390625 0.86796875 0.7984375 0.86015625 0.80625 0.84140625 0.7859375 0.81171875 0.7765625 0.7859375 0.75390625 0.76171875 0.71875 0.73984375 0.7109375 0.70859375 0.715625 0.6984375 0.73828125 0.6875 0.73984375 0.684375 0.75546875 0.7125 0.82421875 0.72890625 0.84375 0.78515625 0.88125 0.81171875 0.896875
4 0.6265625 0.28828125 0.66875 0.25234375 0.6828125 0.21328125 0.671875 0.16015625 0.64453125 0.1234375 0.59765625 0.10625 0.53203125 0.103125 0.50234375 0.0890625 0.48359375 0.0953125 0.46640625 0.1171875 0.45234375 0.115625 0.45078125 0.121875 0.4390625 0.12578125 0.4390625 0.14296875 0.4140625 0.18515625 0.41953125 0.2015625 0.4484375 0.21328125 0.44609375 0.221875 0.4265625 0.23046875 0.42890625 0.2359375 0.43671875 0.240625 0.44140625 0.234375 0.48828125 0.2390625 0.51953125 0.2203125 0.53359375 0.2203125 0.56640625 0.246875 0.596875 0.26015625 0.5875 0.27890625 0.59296875 0.2890625
1 0.6609375 0.65703125 0.671875 0.65546875 0.67578125 0.640625 0.71171875 0.640625 0.71875 0.62890625 0.7140625 0.62421875 0.7203125 0.58671875 0.734375 0.57734375 0.7359375 0.53203125 0.74375 0.52890625 0.734375 0.51484375 0.7359375 0.50234375 0.728125 0.49921875 0.7375 0.48828125 0.7366071428571429 0.4821428571428572 0.7328125 0.46796875 0.734375 0.45546875 0.728125 0.45078125 0.7359375 0.42421875 0.75 0.41328125 0.7515625 0.39296875 0.7600446428571429 0.41294642857142855 0.7566964285714285 0.4352678571428571 0.7734375 0.453125 0.8 0.45234375 0.81328125 0.453125 0.81640625 0.4671875 0.84765625 0.4765625 0.859375 0.45703125 0.8546875 0.26484375 0.85 0.24765625 0.85625 0.23359375 0.84609375 0.2203125 0.81328125 0.2046875 0.69140625 0.15625 0.6765625 0.15859375 0.6890625 0.19453125 0.6875 0.22578125 0.6640625 0.27421875 0.6484375 0.28203125 0.6640625 0.33984375 0.65 0.34609375 0.6421875 0.36953125 0.6406249999999999 0.3783482142857143 0.6473214285714285 0.3984375 0.6421875 0.41796875 0.6428571428571428 0.4564732142857143 0.6265625 0.46796875 0.615625 0.47265625 0.6109375 0.49140625 0.6109375 0.53046875 0.596875 0.53515625 0.59375 0.56328125 0.5859375 0.56640625 0.58125 0.57890625 0.58125 0.60390625 0.5953125 0.61015625 0.59765625 0.625 0.6109375 0.62578125 0.61171875 0.640625 0.62421875 0.640625 0.62890625 0.65625
4 0.26875 0.26171875 0.30078125 0.240625 0.3296875 0.20390625 0.3421875 0.14921875 0.325 0.11328125 0.30390625 0.0984375 0.28046875 0.0921875 0.24609375 0.09375 0.20390625 0.1109375 0.16171875 0.115625 0.13984375 0.0984375 0.1453125 0.12265625 0.1359375 0.13671875 0.134375 0.17265625 0.1546875 0.24296875 0.17421875 0.253125 0.18984375 0.2359375 0.20078125 0.234375 0.23203125 0.25 0.26015625 0.2484375 0.2640625 0.26171875
4 0.1765625 0.53203125 0.190625 0.49921875 0.20390625 0.4859375 0.26328125 0.4375 0.31484375 0.4140625 0.371875 0.35859375 0.39296875 0.3265625 0.4125 0.32265625 0.3953125 0.30703125 0.4 0.26171875 0.3765625 0.20859375 0.3828125 0.13828125 0.3765625 0.13984375 0.36953125 0.121875 0.3609375 0.13203125 0.359375 0.18203125 0.32578125 0.2421875 0.27734375 0.2578125 0.22265625 0.3140625 0.2140625 0.31015625 0.1984375 0.26640625 0.190625 0.26953125 0.190625 0.33515625 0.165625 0.46015625 0.1671875 0.51796875 0.1703125 0.53046875
4 0.3890625 0.74453125 0.39453125 0.7296875 0.415625 0.72421875 0.415625 0.69765625 0.43203125 0.6984375 0.4375 0.67578125 0.41875 0.63515625 0.378125 0.57890625 0.3703125 0.55234375 0.36875 0.46796875 0.36484375 0.465625 0.35859375 0.4734375 0.34375 0.44609375 0.3484375 0.49453125 0.33359375 0.525 0.28203125 0.4859375 0.24453125 0.484375 0.23984375 0.4703125 0.21015625 0.4828125 0.190625 0.50234375 0.178125 0.53515625 0.1765625 0.57890625 0.1984375 0.62421875 0.24765625 0.6578125 0.31953125 0.6765625 0.36640625 0.7125 0.3765625 0.73671875
4 0.11875 0.54765625 0.134375 0.50234375 0.1625 0.48671875 0.1796875 0.37578125 0.1671875 0.27890625 0.13125 0.17109375 0.13125 0.13828125 0.1203125 0.13984375 0.1234375 0.12109375 0.11484375 0.11875 0.0859375 0.16171875 0.08125 0.27578125 0.0953125 0.31640625 0.103125 0.38046875 0.1171875 0.41796875 0.1171875 0.50859375 0.109375 0.53203125 0.1125 0.54609375
4 0.3609375 0.80078125 0.38125 0.76796875 0.34375 0.70390625 0.32109375 0.6796875 0.30390625 0.6703125 0.24921875 0.659375 0.21484375 0.640625 0.190625 0.61640625 0.17109375 0.584375 0.1515625 0.59609375 0.1375 0.61796875 0.13125 0.66640625 0.1390625 0.69609375 0.16640625 0.7375 0.19765625 0.753125 0.25390625 0.7671875 0.29609375 0.7984375
4 0.2890625 0.88359375 0.31953125 0.8796875 0.3328125 0.87109375 0.3359375 0.86015625 0.3265625 0.83828125 0.3421875 0.81953125 0.3390625 0.80546875 0.29921875 0.8015625 0.25859375 0.7703125 0.17890625 0.746875 0.1578125 0.73046875 0.13203125 0.690625 0.11875 0.71328125 0.1140625 0.75703125 0.1234375 0.79453125 0.15 0.83359375 0.17890625 0.859375 0.20390625 0.8703125 0.24140625 0.8734375 0.26328125 0.884375
4 0.1453125 0.90234375 0.1484375 0.89609375 0.140625 0.88671875 0.1609375 0.87890625 0.1625 0.85078125 0.1125 0.78515625 0.1125 0.73984375 0.0859375 0.73984375 0.0625 0.68203125 0.0453125 0.66328125 0.04375 0.65078125 0.0546875 0.63203125 0.0546875 0.61953125 0.02265625 0.6140625 0.0125 0.62109375 0.0015625 0.64296875 0 0.67578125 0.003125 0.70546875 0.025 0.77109375 0.071875 0.85390625 0.11484375 0.88125 0.13203125 0.9 0.1453125 0.90234375