4 0.7546875 0.51328125 0.78671875 0.4953125 0.8140625 0.46171875 0.83125 0.42578125 0.8515625 0.40546875 0.871875 0.34765625 0.8640625 0.30859375 0.85390625 0.2890625 0.83515625 0.2859375 0.828125 0.27578125 0.81328125 0.221875 0.803125 0.30390625 0.75078125 0.328125 0.73515625 0.3625 0.7125 0.34296875 0.68671875 0.303125 0.6765625 0.30859375 0.678125 0.33203125 0.7015625 0.40078125 0.7 0.46328125 0.7078125 0.49921875 0.71953125 0.5109375
4 0.85625 0.80234375 0.8671875 0.75078125 0.8734375 0.53515625 0.865625 0.43359375 0.85625 0.41171875 0.84765625 0.4078125 0.8296875 0.42890625 0.8171875 0.45703125 0.7796875 0.50078125 0.7765625 0.51796875 0.80078125 0.50625 0.8078125 0.50859375 0.803125 0.55390625 0.8125 0.65703125 0.8015625 0.67890625 0.8453125 0.79609375
4 0.775 0.85390625 0.82890625 0.8453125 0.8484375 0.82890625 0.8515625 0.80703125 0.7984375 0.67578125 0.76015625 0.6359375 0.73984375 0.6265625 0.72890625 0.6140625 0.7265625 0.62421875 0.7015625 0.64140625 0.6859375 0.68984375 0.65703125 0.703125 0.653125 0.71015625 0.67109375 0.7265625 0.68671875 0.728125 0.7140625 0.74609375 0.74375 0.80859375 0.74375 0.84921875
4 0.49375 0.91171875 0.50078125 0.8921875 0.52890625 0.9 0.59296875 0.9015625 0.62890625 0.8953125 0.66796875 0.9 0.69453125 0.8875 0.70234375 0.9015625 0.72109375 0.9 0.7234375 0.88515625 0.7171875 0.86640625 0.7359375 0.81171875 0.675 0.75703125 0.6671875 0.72734375 0.63515625 0.7046875 0.62734375 0.703125 0.6234375 0.71328125 0.6265625 0.72265625 0.6453125 0.73515625 0.64140625 0.753125 0.59765625 0.73125 0.57578125 0.728125 0.52109375 0.7546875 0.4984375 0.73828125 0.47890625 0.6921875 0.46328125 0.6953125 0.45390625 0.690625 0.4484375 0.69921875 0.471875 0.77421875 0.465625 0.82421875 0.46875 0.84921875 0.48125 0.87734375 0.478125 0.90234375 0.48515625 0.9125
4 0.3703125 0.69765625 0.40234375 0.678125 0.46171875 0.690625 0.51171875 0.6875 0.53359375 0.6796875 0.553125 0.65234375 0.5734375 0.63984375 0.5625 0.61328125 0.553125 0.53046875 0.51796875 0.503125 0.51015625 0.5 0.50703125 0.50625 0.49609375 0.5 0.49375 0.51953125 0.49921875 0.528125 0.5046875 0.52578125 0.49921875 0.534375 0.47578125 0.5234375 0.45390625 0.5234375 0.37890625 0.5625 0.35546875 0.5546875 0.33984375 0.5546875 0.32265625 0.56875 0.28984375 0.5609375 0.284375 0.56953125 0.284375 0.60546875 0.2921875 0.63203125 0.278125 0.64140625 0.278125 0.64921875 0.30234375 0.66875 0.32109375 0.66875 0.34453125 0.6984375
4 0.3625 0.89921875 0.40859375 0.88125 0.440625 0.82265625 0.440625 0.79921875 0.425 0.76328125 0.4 0.73515625 0.396875 0.72265625 0.36796875 0.7015625 0.35390625 0.7 0.346875 0.70390625 0.35078125 0.7484375 0.31484375 0.7453125 0.28046875 0.7578125 0.2640625 0.74609375 0.25078125 0.725 0.21953125 0.721875 0.19296875 0.703125 0.190625 0.71328125 0.2078125 0.73359375 0.2140625 0.75390625 0.178125 0.76640625 0.178125 0.79609375 0.190625 0.80859375 0.1953125 0.82734375 0.184375 0.84453125 0.20078125 0.853125 0.21640625 0.85 0.23515625 0.8734375 0.24765625 0.8796875 0.28671875 0.8828125 0.33203125 0.8984375
4 0.7203125 0.34140625 0.7265625 0.32421875 0.70625 0.25078125 0.70625 0.19296875 0.684375 0.14609375 0.66484375 0.1296875 0.61171875 0.109375 0.51796875 0.1 0.49296875 0.0921875 0.49140625 0.075 0.47265625 0.0765625 0.4390625 0.12734375 0.4203125 0.14453125 0.4453125 0.19921875 0.459375 0.21171875 0.4609375 0.22421875 0.4984375 0.24765625 0.50625 0.28671875 0.51328125 0.2921875 0.51875 0.28828125 0.52890625 0.2515625 0.54609375 0.2515625 0.60078125 0.2859375 0.65859375 0.2625 0.6953125 0.30234375 0.7140625 0.33984375
4 0.40625 0.45703125 0.42890625 0.365625 0.43984375 0.3640625 0.50234375 0.40625 0.515625 0.40234375 0.5109375 0.35234375 0.521875 0.33046875 0.51875 0.30546875 0.4890625 0.25859375 0.4515625 0.21484375 0.4 0.12421875 0.36484375 0.096875 0.31796875 0.084375 0.29765625 0.0921875 0.275 0.12265625 0.2671875 0.15703125 0.2703125 0.20078125 0.2625 0.22421875 0.2578125 0.28984375 0.2703125 0.29921875 0.27109375 0.3140625 0.2765625 0.28828125 0.3015625 0.24140625 0.30703125 0.240625 0.34140625 0.2875 0.3890625 0.31953125 0.3953125 0.40078125 0.3828125 0.44453125 0.39765625 0.4453125
4 0.2015625 0.49921875 0.2203125 0.40390625 0.28203125 0.3984375 0.2890625 0.38046875 0.2609375 0.31015625 0.22734375 0.2796875 0.17421875 0.246875 0.12421875 0.2453125 0.096875 0.26796875 0.0859375 0.30703125 0.090625 0.37109375 0.0828125 0.43203125 0.09453125 0.446875 0.1 0.44296875 0.1046875 0.38828125 0.11796875 0.3625 0.13984375 0.3921875 0.178125 0.39765625 0.19375 0.46015625 0.1921875 0.48828125 0.1953125 0.49921875
4 0.0796875 0.34296875 0.084375 0.29921875 0.0953125 0.26796875 0.10859375 0.2515625 0.12421875 0.24375 0.17890625 0.2453125 0.20078125 0.23125 0.2328125 0.28203125 0.2453125 0.28984375 0.2546875 0.25546875 0.24375 0.19765625 0.2484375 0.14140625 0.2359375 0.11328125 0.24609375 0.10625 0.19296875 0.103125 0.15390625 0.1140625 0.10703125 0.1390625 0.08671875 0.1359375 0.0703125 0.14296875 0.0625 0.17578125 0.0796875 0.25078125 0.0703125 0.29765625 0.075 0.34296875
1 0.8015625 0.66796875 0.809375 0.65546875 0.8015625 0.51953125 0.77890625 0.5234375 0.76953125 0.5125 0.71640625 0.5125 0.703125 0.50078125 0.6921875 0.47734375 0.68671875 0.478125 0.68125 0.49765625 0.6875 0.50859375 0.6828125 0.51328125 0.69609375 0.51875 0.696875 0.52578125 0.6828125 0.53359375 0.68125 0.55703125 0.7015625 0.56953125 0.71796875 0.6015625 0.72109375 0.5953125 0.7296875 0.59765625 0.72109375 0.60625
1 0.734375 0.35234375 0.75078125 0.3265625 0.8015625 0.30234375 0.8109375 0.25546875 0.8078125 0.22578125 0.81640625 0.2171875 0.8296875 0.21640625 0.79453125 0.1921875 0.70703125 0.1625 0.703125 0.16953125 0.709375 0.19921875 0.7078125 0.24453125 0.728125 0.31484375 0.7265625 0.34765625