1 0.5953125 0.26171875 0.61484375 0.25 0.63671875 0.225 0.6515625 0.22109375 0.646875 0.20234375 0.653125 0.19765625 0.6484375 0.18203125 0.653125 0.16796875 0.66015625 0.159375 0.67421875 0.159375 0.678125 0.15390625 0.64296875 0.1390625 0.55703125 0.1234375 0.5515625 0.13046875 0.5578125 0.17890625 0.565625 0.18203125 0.5609375 0.19296875 0.5703125 0.19609375 0.5734375 0.22421875 0.57734375 0.2296875 0.5859375 0.22421875 0.5859375 0.23984375 0.59375 0.24765625 0.5765625 0.26015625
4 0.875 0.34140625 0.884375 0.31640625 0.88125 0.27578125 0.890625 0.26015625 0.8890625 0.24609375 0.88359375 0.240625 0.87109375 0.2453125 0.84296875 0.2046875 0.78046875 0.15625 0.75078125 0.153125 0.72109375 0.1671875 0.7125 0.18828125 0.7609375 0.28828125 0.81015625 0.3015625 0.8140625 0.31171875 0.82734375 0.31875 0.84921875 0.315625
4 0.7421875 0.57421875 0.75703125 0.5515625 0.7796875 0.53984375 0.7890625 0.52109375 0.7953125 0.45078125 0.7875 0.38515625 0.775 0.33046875 0.7359375 0.23046875 0.7234375 0.20390625 0.68671875 0.15625 0.67578125 0.1734375 0.66484375 0.1640625 0.6578125 0.16640625 0.6578125 0.20390625 0.69375 0.27265625 0.71875 0.36015625 0.7390625 0.52421875 0.7375 0.57421875
4 0.6890625 0.70390625 0.70546875 0.671875 0.71796875 0.6890625 0.7265625 0.67734375 0.7390625 0.53515625 0.7296875 0.49296875 0.7234375 0.38828125 0.7 0.29140625 0.6734375 0.23671875 0.66484375 0.228125 0.63984375 0.225 0.6015625 0.26328125 0.5520833333333336 0.3010416666666667 0.6062500000000002 0.2947916666666667 0.6359375 0.36171875 0.6375 0.45234375 0.6546875 0.51015625 0.6375 0.53984375 0.6359375 0.56171875 0.64453125 0.5765625 0.6609375 0.58203125 0.6796875 0.69453125
4 0.4796875 0.68984375 0.50546875 0.6703125 0.5015625 0.67890625 0.5078125 0.67890625 0.51015625 0.6890625 0.5484375 0.66328125 0.6171875 0.53671875 0.6375 0.44296875 0.6375 0.37890625 0.6265625 0.34140625 0.6125 0.31484375 0.60234375 0.309375 0.58359375 0.3109375 0.55859375 0.3375 0.54453125 0.3421875 0.50625 0.39609375 0.51171875 0.40625 0.51953125 0.40625 0.54140625 0.3828125 0.553125 0.41171875 0.5359375 0.51171875 0.5015625 0.54140625 0.48203125 0.5765625 0.453125 0.59296875 0.4609375 0.62109375 0.446875 0.63359375 0.44375 0.65390625 0.46484375 0.6640625 0.465625 0.68671875
4 0.540625 0.86640625 0.56640625 0.853125 0.63359375 0.853125 0.66796875 0.859375 0.68671875 0.846875 0.70703125 0.859375 0.71484375 0.8578125 0.7359375 0.83984375 0.728125 0.82578125 0.7484375 0.80234375 0.7515625 0.78671875 0.73671875 0.765625 0.71953125 0.753125 0.70703125 0.753125 0.7015625 0.73828125 0.67890625 0.7234375 0.66796875 0.721875 0.64765625 0.734375 0.63203125 0.7359375 0.58671875 0.715625 0.55703125 0.7140625 0.546875 0.69921875 0.5546875 0.68515625 0.55234375 0.6671875 0.52109375 0.6859375 0.5234375 0.67734375 0.50859375 0.66875 0.478125 0.71015625 0.475 0.78515625 0.4625 0.79765625 0.475 0.80546875 0.484375 0.83828125 0.49609375 0.853125 0.51796875 0.865625
4 0.85625 0.72578125 0.8625 0.69453125 0.8734375 0.67734375 0.878125 0.38203125 0.8640625 0.32734375 0.84765625 0.315625 0.81640625 0.3171875 0.80859375 0.3265625 0.79609375 0.3265625 0.7921875 0.33671875 0.80078125 0.353125 0.8125 0.35390625 0.7984375 0.36484375 0.803125 0.37421875 0.8203125 0.38203125 0.809375 0.43671875 0.815625 0.52890625 0.8109375 0.63515625 0.8234375 0.65078125 0.8375 0.70234375
4 0.1453125 0.91328125 0.1375 0.83984375 0.146875 0.74609375 0.1265625 0.75078125 0.1078125 0.66953125 0.0953125 0.64296875 0.0953125 0.62734375 0.109375 0.60078125 0.1078125 0.58984375 0.07734375 0.565625 0.06484375 0.565625 0.05078125 0.5765625 0.03828125 0.56875 0.034375 0.58828125 0.040625 0.60078125 0.0390625 0.65390625 0.08125 0.82890625 0.0921875 0.85703125 0.121875 0.90234375
4 0.1734375 0.92734375 0.1984375 0.91015625 0.209375 0.88984375 0.221875 0.83984375 0.24375 0.81953125 0.23671875 0.8078125 0.22734375 0.8078125 0.2125 0.82265625 0.2234375 0.73046875 0.246875 0.65703125 0.228125 0.61015625 0.20234375 0.584375 0.18828125 0.5875 0.1765625 0.59921875 0.1609375 0.64140625 0.1390625 0.83046875 0.1390625 0.88046875 0.146875 0.91484375 0.16171875 0.928125
4 0.1578125 0.37265625 0.1609375 0.36171875 0.1515625 0.34609375 0.1484375 0.32109375 0.15390625 0.2734375 0.19609375 0.2703125 0.22421875 0.2515625 0.2375 0.28515625 0.24453125 0.3484375 0.259375 0.32578125 0.2625 0.22734375 0.275 0.19140625 0.275 0.15390625 0.2671875 0.13671875 0.2703125 0.12421875 0.22578125 0.103125 0.17265625 0.1171875 0.1375 0.14765625 0.1046875 0.19453125 0.08125 0.26015625 0.0875 0.32734375 0.09453125 0.33125 0.12109375 0.309375 0.125 0.33203125
4 0.0921875 0.54765625 0.0859375 0.50703125 0.11015625 0.50625 0.1171875 0.48984375 0.090625 0.38515625 0.0859375 0.29296875 0.078125 0.28046875 0.1 0.20078125 0.0984375 0.18515625 0.0890625 0.16328125 0.07578125 0.159375 0.0578125 0.17890625 0.04375 0.22109375 0.0375 0.35703125 0.04375 0.44609375 0.0734375 0.52109375 0.0859375 0.54609375