4 0.2375 0.39453125 0.24375 0.37734375 0.2609375 0.36015625 0.2546875 0.28828125 0.25859375 0.2859375 0.27109375 0.303125 0.278125 0.29765625 0.2640625 0.24453125 0.2390625 0.20546875 0.221875 0.15078125 0.19453125 0.1171875 0.15390625 0.1125 0.13671875 0.1203125 0.12578125 0.1078125 0.1171875 0.20390625 0.1015625 0.25234375 0.12421875 0.2234375 0.13125 0.22734375 0.14765625 0.303125 0.153125 0.30078125 0.15 0.23671875 0.15390625 0.234375 0.1859375 0.26171875 0.2 0.32109375 0.2015625 0.37734375 0.20546875 0.3796875 0.21953125 0.365625 0.23125 0.39453125
1 0.859375 0.25859375 0.8625 0.23203125 0.84453125 0.2203125 0.840625 0.23203125
1 0.809375 0.32890625 0.8171875 0.31953125 0.821875 0.29453125 0.821875 0.26328125 0.8046875 0.23515625 0.80625 0.21796875 0.815625 0.20390625 0.79453125 0.1890625 0.73984375 0.171875 0.784375 0.24609375
1 0.7203125 0.52421875 0.7359375 0.49453125 0.7390625 0.47265625 0.7484375 0.46171875 0.72421875 0.465625 0.70625 0.45390625 0.7390625 0.38359375 0.73125 0.36171875 0.71328125 0.340625 0.70625 0.37734375 0.69375 0.39921875 0.6703125 0.42109375 0.6640625 0.44765625 0.67578125 0.4484375 0.6796875 0.43359375 0.675 0.45859375 0.68125 0.46953125 0.68125 0.51484375 0.69453125 0.5109375
1 0.24375 0.17734375 0.25625 0.14609375 0.253125 0.12890625 0.2609375 0.11015625 0.19921875 0.1109375 0.1984375 0.11796875 0.2234375 0.14921875 0.2328125 0.17578125
4 0.1734375 0.71953125 0.1578125 0.67265625 0.1578125 0.63671875 0.18359375 0.621875 0.22421875 0.5734375 0.29921875 0.5703125 0.315625 0.54765625 0.3171875 0.53046875 0.2953125 0.50234375 0.30625 0.47734375 0.28125 0.45546875 0.3078125 0.43671875 0.30546875 0.425 0.27421875 0.4390625 0.22734375 0.4421875 0.19296875 0.4671875 0.15859375 0.478125 0.1296875 0.50546875 0.1046875 0.54609375 0.09375 0.58359375 0.1015625 0.64609375 0.121875 0.69453125 0.15390625 0.7046875
4 0.2234375 0.86328125 0.23984375 0.8484375 0.26328125 0.853125 0.26875 0.84765625 0.2609375 0.83671875 0.28125 0.82890625 0.2734375 0.81328125 0.2859375 0.79609375 0.28125 0.77734375 0.25703125 0.7578125 0.22578125 0.746875 0.21640625 0.725 0.18203125 0.734375 0.15703125 0.7078125 0.10859375 0.69375 0.0890625 0.72109375 0.084375 0.74765625 0.084375 0.76953125 0.09375 0.79609375 0.13515625 0.8390625 0.19296875 0.853125 0.20859375 0.8640625
4 0.6234375 0.48984375 0.6609375 0.44609375 0.6640625 0.42421875 0.6921875 0.39921875 0.7015625 0.38203125 0.709375 0.35234375 0.70625 0.31796875 0.6828125 0.24453125 0.6578125 0.20234375 0.6359375 0.18515625 0.628125 0.16796875 0.59296875 0.1390625 0.55703125 0.096875 0.534375 0.08359375 0.53125 0.06328125 0.51796875 0.0578125 0.453125 0.13828125 0.484375 0.16953125 0.5078125 0.23203125 0.540625 0.24609375 0.5765625 0.30546875 0.6203125 0.35703125 0.61875 0.38046875 0.5890625 0.40390625 0.5859375 0.41640625 0.59296875 0.4203125 0.62421875 0.4078125 0.634375 0.41015625 0.6359375 0.43515625 0.6140625 0.47578125 0.615625 0.48984375
4 0.4046875 0.38828125 0.42109375 0.3703125 0.42890625 0.3875 0.434375 0.38203125 0.4609375 0.34453125 0.4640625 0.32265625 0.490625 0.29921875 0.503125 0.24921875 0.5109375 0.24296875 0.4859375 0.18359375 0.43046875 0.1203125 0.36484375 0.1 0.33671875 0.084375 0.30078125 0.0890625 0.27890625 0.06875 0.271875 0.07890625 0.284375 0.09921875 0.265625 0.11015625 0.2546875 0.13671875 0.2875 0.18828125 0.303125 0.20234375 0.3109375 0.25546875 0.32109375 0.2625 0.33828125 0.2625 0.3390625 0.24609375 0.34921875 0.2328125 0.38828125 0.278125 0.425 0.29765625 0.421875 0.33046875 0.4 0.37265625 0.3984375 0.38671875
4 0.73125 0.46171875 0.76953125 0.4234375 0.7984375 0.40859375 0.8078125 0.37890625 0.8078125 0.33203125 0.7890625 0.26015625 0.76875 0.21640625 0.7109375 0.13984375 0.69609375 0.128125 0.678125 0.12578125 0.6765625 0.10234375 0.66328125 0.0953125 0.6484375 0.11953125 0.615625 0.15078125 0.675 0.22734375 0.6984375 0.28046875 0.7109375 0.32734375 0.740625 0.37578125 0.73125 0.40859375 0.7078125 0.44765625 0.71015625 0.4578125
4 0.790625 0.56953125 0.790625 0.55234375 0.8171875 0.53984375 0.8546875 0.47109375 0.878125 0.36796875 0.8765625 0.29296875 0.81796875 0.2109375 0.80625 0.22890625 0.8234375 0.26171875 0.8234375 0.29609375 0.81875 0.32265625 0.809375 0.33515625 0.803125 0.40078125 0.79296875 0.4140625 0.7640625 0.43203125 0.7640625 0.45078125 0.746875 0.47109375 0.725 0.51796875 0.72734375 0.5296875 0.74921875 0.5328125
4 0.7046875 0.70703125 0.76171875 0.675 0.78203125 0.678125 0.8578125 0.66640625 0.86875 0.62109375 0.8703125 0.57734375 0.865625 0.55234375 0.84765625 0.534375 0.82421875 0.534375 0.80703125 0.55 0.79453125 0.553125 0.79296875 0.575 0.75390625 0.5375 0.71640625 0.534375 0.69921875 0.515625 0.690625 0.51796875 0.690625 0.52734375 0.7 0.53828125 0.6796875 0.55078125 0.6765625 0.56484375 0.6640625 0.57265625 0.6609375 0.58828125 0.703125 0.63984375 0.6875 0.69921875 0.69453125 0.7078125
4 0.75 0.82734375 0.81484375 0.7828125 0.84765625 0.784375 0.884375 0.76640625 0.8875 0.74921875 0.8765625 0.70859375 0.85546875 0.675 0.82421875 0.6703125 0.79296875 0.675 0.76484375 0.69375 0.72890625 0.7 0.6984375 0.71484375 0.709375 0.73515625 0.7171875 0.79453125 0.728125 0.81640625
4 0.759375 0.88203125 0.79609375 0.871875 0.85078125 0.8671875 0.88125 0.81953125 0.8796875 0.77421875 0.83984375 0.7859375 0.81484375 0.7828125 0.75078125 0.828125 0.73515625 0.8234375 0.72265625 0.828125 0.709375 0.75703125 0.70234375 0.75 0.6921875 0.76796875 0.6859375 0.80390625 0.6921875 0.84765625 0.71640625 0.8765625 0.73203125 0.8828125