1 0.5703125 0.88046875 0.72109375 0.8625 0.81953125 0.8375 0.83359375 0.8328125 0.8390625 0.82421875 0.853125 0.66953125 0.8609375 0.45859375 0.85625 0.29765625 0.84765625 0.240625 0.8453125 0.28203125 0.83125 0.28359375 0.8296875 0.31953125 0.80625 0.35390625 0.796875 0.38984375 0.790625 0.39296875 0.78125 0.42734375 0.77109375 0.440625 0.7546875 0.41171875 0.7671875 0.35078125 0.76484375 0.328125 0.72734375 0.31875 0.721875 0.33046875 0.734375 0.35703125 0.72421875 0.3640625 0.70390625 0.3640625 0.68125 0.34921875 0.66640625 0.3140625 0.6140625 0.31953125 0.6234375 0.40234375 0.621875 0.47265625 0.62890625 0.4796875 0.64921875 0.4828125 0.67109375 0.465625 0.68359375 0.4640625 0.6890625 0.50703125 0.68359375 0.5203125 0.6390625 0.55078125 0.6203125 0.58671875 0.5875 0.62578125 0.5875 0.63515625 0.6015625 0.65546875 0.590625 0.72578125 0.603125 0.76640625 0.59296875 0.78125 0.57734375 0.784375 0.57421875 0.790625 0.56953125 0.784375 0.5671875 0.79921875 0.55625 0.80078125 0.5671875 0.80546875 0.571875 0.85546875 0.5828125 0.86015625 0.5734375 0.86328125 0.57421875 0.8765625 0.5515625 0.87890625
4 0.36875 0.46328125 0.42421875 0.4453125 0.4515625 0.41796875 0.4703125 0.38359375 0.5046875 0.29140625 0.525 0.26015625 0.5265625 0.21640625 0.55 0.12578125 0.54609375 0.115625 0.52421875 0.1171875 0.48671875 0.1546875 0.46171875 0.11875 0.44296875 0.1125 0.4421875 0.12734375 0.4546875 0.14609375 0.4515625 0.17421875 0.43984375 0.2015625 0.4375 0.18515625 0.446875 0.18046875 0.4375 0.14921875 0.42734375 0.1328125 0.415625 0.12890625 0.41328125 0.11875 0.4046875 0.12265625 0.4234375 0.15390625 0.4265625 0.20234375 0.4375 0.20390625 0.3828125 0.27421875 0.3578125 0.33359375 0.3359375 0.35546875 0.31875 0.39296875 0.31875 0.41015625 0.334375 0.45703125 0.34921875 0.4640625
4 0.5828125 0.61640625 0.6125 0.59296875 0.640625 0.54296875 0.6765625 0.52109375 0.6828125 0.51015625 0.678125 0.49609375 0.6828125 0.47109375 0.67890625 0.4671875 0.66796875 0.471875 0.65078125 0.4875 0.63046875 0.4828125 0.61875 0.47265625 0.6203125 0.39296875 0.6109375 0.29765625 0.6234375 0.25703125 0.621875 0.21171875 0.6046875 0.20390625 0.5984375 0.13203125 0.55234375 0.1265625 0.5265625 0.23515625 0.5125 0.42734375 0.515625 0.46015625 0.553125 0.57890625 0.5765625 0.61640625
4 0.771875 0.43671875 0.8265625 0.29453125 0.8234375 0.24296875 0.8046875 0.20078125 0.74765625 0.1546875 0.70703125 0.1625 0.67109375 0.1609375 0.64140625 0.1953125 0.62890625 0.184375 0.61640625 0.1875 0.628125 0.22421875 0.6125 0.30859375 0.62578125 0.3125 0.66796875 0.3078125 0.6828125 0.34609375 0.70078125 0.3609375 0.71171875 0.3625 0.728125 0.35859375 0.7265625 0.34765625 0.7140625 0.33671875 0.72265625 0.3078125 0.75078125 0.3203125 0.76484375 0.31875 0.7703125 0.35078125 0.7578125 0.41171875
4 0.240625 0.46015625 0.26171875 0.434375 0.296875 0.40703125 0.3125 0.37109375 0.359375 0.32109375 0.4 0.24140625 0.4265625 0.21796875 0.4171875 0.19765625 0.4234375 0.18515625 0.41796875 0.1703125 0.38359375 0.16875 0.32578125 0.1890625 0.30234375 0.1828125 0.29375 0.19140625 0.2953125 0.20078125 0.28125 0.20546875 0.28359375 0.2140625 0.2953125 0.21328125 0.296875 0.22890625 0.26640625 0.25 0.24375 0.27890625 0.2234375 0.33203125 0.2109375 0.33828125 0.21875 0.34765625 0.2109375 0.38203125 0.20078125 0.3828125 0.19765625 0.3734375 0.1890625 0.37734375 0.19375 0.37890625 0.1890625 0.40234375 0.1953125 0.43046875 0.20859375 0.425 0.2140625 0.45078125
4 0.234375 0.57265625 0.240625 0.56796875 0.240625 0.55703125 0.228125 0.53828125 0.23125 0.51953125 0.225 0.49921875 0.2390625 0.47109375 0.20234375 0.4484375 0.1890625 0.42265625 0.171875 0.41171875 0.1484375 0.35390625 0.1296875 0.33046875 0.140625 0.31328125 0.1359375 0.29921875 0.12421875 0.2921875 0.10078125 0.2921875 0.0828125 0.31171875 0.0734375 0.34921875 0.075 0.39921875 0.090625 0.46015625 0.13125 0.52265625 0.16640625 0.559375 0.18203125 0.5671875
4 0.0703125 0.68984375 0.0765625 0.67734375 0.08125 0.60390625 0.08984375 0.6 0.11484375 0.609375 0.1171875 0.60078125 0.1015625 0.58203125 0.1140625 0.57265625 0.1125 0.56328125 0.0859375 0.51796875 0.0890625 0.45546875 0.075 0.40078125 0.075 0.33203125 0.0875 0.30234375 0.10859375 0.2890625 0.1390625 0.25703125 0.1390625 0.24921875 0.13046875 0.2421875 0.08828125 0.2625 0.07421875 0.253125 0.06328125 0.25625 0.0515625 0.27421875 0.040625 0.31484375 0.03125 0.41640625 0.0359375 0.54921875 0.03125 0.61640625 0.059375 0.68203125
4 0.359375 0.82890625 0.3640625 0.81640625 0.3515625 0.76328125 0.3109375 0.65703125 0.325 0.63984375 0.325 0.61796875 0.27890625 0.615625 0.26953125 0.625 0.21015625 0.5765625 0.18984375 0.5765625 0.16640625 0.5890625 0.1453125 0.55703125 0.13046875 0.5484375 0.1171875 0.64765625 0.1328125 0.69140625 0.15390625 0.7125 0.19765625 0.7375 0.25546875 0.7578125 0.29140625 0.7984375 0.30859375 0.803125 0.32421875 0.8203125 0.34765625 0.815625
4 0.525 0.88359375 0.5265625 0.86015625 0.5359375 0.85703125 0.5390625 0.84609375 0.5359375 0.78046875 0.58046875 0.778125 0.59296875 0.7734375 0.6 0.76171875 0.5859375 0.72109375 0.596875 0.66484375 0.57578125 0.6765625 0.55078125 0.659375 0.49453125 0.640625 0.43046875 0.596875 0.35390625 0.6046875 0.328125 0.62890625 0.3234375 0.68046875 0.328125 0.70703125 0.3515625 0.75859375 0.378125 0.84453125 0.38359375 0.8484375 0.3875 0.84296875 0.378125 0.79609375 0.38515625 0.753125 0.42109375 0.76875 0.46953125 0.7703125 0.4875 0.78515625 0.5109375 0.84296875 0.5140625 0.87578125
4 0.4734375 0.61640625 0.48984375 0.603125 0.52265625 0.60625 0.5609375 0.59609375 0.534375 0.51796875 0.49765625 0.465625 0.48671875 0.4609375 0.45234375 0.465625 0.41015625 0.453125 0.36484375 0.465625 0.32734375 0.4578125 0.3109375 0.46796875 0.2953125 0.49453125 0.2921875 0.51640625 0.3 0.60234375 0.30703125 0.6125 0.33203125 0.6125 0.35078125 0.6 0.38046875 0.6015625 0.42890625 0.59375
4 0.271875 0.88515625 0.2890625 0.85703125 0.290625 0.81953125 0.296875 0.80546875 0.24921875 0.7546875 0.20078125 0.7390625 0.15078125 0.7109375 0.1328125 0.69296875 0.11484375 0.6484375 0.10625 0.71484375 0.0921875 0.73046875 0.0828125 0.75390625 0.0859375 0.80546875 0.10703125 0.825 0.14296875 0.8359375 0.21796875 0.8734375