4 0.8015625 0.37421875 0.815625 0.24453125 0.8078125 0.20078125 0.7984375 0.18515625 0.74921875 0.153125 0.70078125 0.1546875 0.65859375 0.1375 0.61171875 0.128125 0.60625 0.19765625 0.6375 0.24609375 0.6390625 0.27109375 0.64609375 0.2734375 0.65078125 0.265625 0.6546875 0.26953125 0.6546875 0.29453125 0.6640625 0.31171875 0.66796875 0.315625 0.68203125 0.3046875 0.69453125 0.2828125 0.73359375 0.30625 0.74609375 0.3078125 0.76953125 0.2984375 0.7734375 0.32265625 0.76875 0.35859375 0.77421875 0.3640625 0.78828125 0.3046875 0.7953125 0.32265625 0.7921875 0.36171875
4 0.43125 0.32578125 0.446875 0.31171875 0.44375 0.29609375 0.45078125 0.26875 0.50703125 0.2671875 0.54140625 0.2359375 0.59296875 0.2375 0.6140625 0.25234375 0.6015625 0.20703125 0.6046875 0.15390625 0.5984375 0.12890625 0.6125 0.12109375 0.61484375 0.109375 0.60390625 0.115625 0.54921875 0.090625 0.47890625 0.09375 0.41640625 0.1296875 0.39296875 0.1328125 0.3421875 0.18359375 0.315625 0.27734375 0.32265625 0.284375 0.39140625 0.284375 0.4 0.29140625 0.4078125 0.31328125 0.41953125 0.325
4 0.2171875 0.33515625 0.209375 0.25859375 0.24921875 0.253125 0.27890625 0.234375 0.29375 0.27109375 0.30078125 0.2796875 0.30859375 0.2796875 0.3171875 0.24609375 0.33125 0.22421875 0.340625 0.18046875 0.35234375 0.175 0.3953125 0.12734375 0.4 0.10234375 0.39296875 0.0953125 0.37109375 0.096875 0.35234375 0.0859375 0.30859375 0.0875 0.28828125 0.096875 0.24296875 0.096875 0.20390625 0.1109375 0.1703125 0.13828125 0.1546875 0.17421875 0.1546875 0.22890625 0.2078125 0.32734375
4 0.2640625 0.76640625 0.25625 0.72890625 0.28671875 0.7265625 0.2953125 0.72265625 0.296875 0.71328125 0.26484375 0.7 0.2453125 0.67578125 0.24375 0.66484375 0.275 0.61484375 0.2890625 0.52734375 0.30859375 0.51875 0.309375 0.53515625 0.315625 0.53828125 0.3109375 0.53046875 0.3234375 0.48359375 0.309375 0.46328125 0.3078125 0.41328125 0.3171875 0.32421875 0.3171875 0.30703125 0.31015625 0.2984375 0.29140625 0.303125 0.27734375 0.325 0.2640625 0.32265625 0.2609375 0.34765625 0.234375 0.40390625 0.2296875 0.45078125 0.190625 0.56796875 0.1765625 0.63359375 0.175 0.68359375 0.1890625 0.71015625 0.21015625 0.728125 0.23203125 0.728125 0.25 0.76015625
4 0.13593749999999988 0.5942555147058824 0.16484374999999987 0.5637867647058824 0.19218749999999987 0.5598805147058824 0.22343749999999987 0.4661305147058824 0.21249999999999986 0.34738051470588244 0.15312499999999987 0.22394301470588243 0.15156249999999988 0.17081801470588243 0.14609374999999986 0.16534926470588243 0.12968749999999987 0.16925551470588243 0.11874999999999987 0.21456801470588244 0.11249999999999986 0.2911305147058824 0.09062499999999987 0.33956801470588244 0.09921874999999987 0.3622242647058824 0.12265624999999987 0.3497242647058824 0.13124999999999987 0.3661305147058824 0.13749999999999987 0.4395680147058824 0.14999999999999986 0.4755055147058824 0.14531249999999987 0.5505055147058824 0.12656249999999986 0.5848805147058824 0.12656249999999986 0.5911305147058824
4 0.1 0.80703125 0.11640625 0.8 0.1265625 0.78515625 0.13125 0.76171875 0.14375 0.74140625 0.146875 0.70078125 0.14375 0.71171875 0.13359375 0.715625 0.1171875 0.71015625 0.1109375 0.61953125 0.096875 0.56640625 0.0984375 0.49921875 0.0890625 0.48359375 0.09375 0.41015625 0.08671875 0.396875 0.06328125 0.4203125 0.04765625 0.390625 0.04375 0.43203125 0.0515625 0.45546875 0.040625 0.49921875 0.0390625 0.54296875 0.05 0.67265625 0.075 0.77578125
4 0.5359375 0.62578125 0.56796875 0.6046875 0.58515625 0.603125 0.60625 0.57734375 0.6046875 0.56953125 0.590625 0.56171875 0.609375 0.52421875 0.60078125 0.4921875 0.57421875 0.48125 0.55390625 0.490625 0.52109375 0.4609375 0.49765625 0.4625 0.48203125 0.471875 0.440625 0.43046875 0.43984375 0.4125 0.38671875 0.415625 0.340625 0.44453125 0.3203125 0.50703125 0.33125 0.56796875 0.35234375 0.603125 0.42265625 0.6125 0.47578125 0.609375 0.51328125 0.625
4 0.36875 0.80703125 0.371875 0.79140625 0.38046875 0.79375 0.38515625 0.778125 0.42421875 0.7796875 0.45546875 0.7640625 0.47109375 0.7671875 0.49296875 0.7953125 0.52265625 0.796875 0.528125 0.77421875 0.5203125 0.75859375 0.5265625 0.74296875 0.5640625 0.71015625 0.584375 0.68203125 0.5796875 0.64765625 0.56171875 0.6390625 0.55234375 0.6203125 0.52109375 0.6265625 0.47890625 0.6109375 0.41640625 0.6125 0.36015625 0.6078125 0.34921875 0.6015625 0.32578125 0.609375 0.290625 0.65859375 0.3 0.72421875 0.3328125 0.77578125
4 0.6046875 0.91640625 0.61640625 0.8921875 0.65234375 0.8984375 0.67421875 0.8859375 0.72109375 0.8875 0.76171875 0.8640625 0.7953125 0.83359375 0.8046875 0.79140625 0.7984375 0.73359375 0.80859375 0.6578125 0.79609375 0.675 0.7953125 0.65234375 0.7875 0.65234375 0.78125 0.69140625 0.75859375 0.740625 0.72578125 0.7328125 0.68203125 0.75625 0.6640625 0.72734375 0.65078125 0.721875 0.640625 0.73046875 0.628125 0.77109375 0.61640625 0.7859375 0.58359375 0.790625 0.5609375 0.80078125 0.5578125 0.81953125 0.5875 0.86171875 0.5859375 0.88671875 0.5921875 0.90703125
4 0.6328125 0.60234375 0.653125 0.58515625 0.68125 0.53515625 0.69453125 0.525 0.72578125 0.534375 0.7546875 0.53203125 0.7609375 0.47109375 0.7359375 0.42265625 0.646875 0.28984375 0.58671875 0.2421875 0.55078125 0.2375 0.52578125 0.25625 0.5140625 0.27421875 0.509375 0.29765625 0.5125 0.33984375 0.465625 0.41328125 0.47890625 0.41875 0.4953125 0.40703125 0.484375 0.45078125 0.48828125 0.45625 0.528125 0.38671875 0.54609375 0.38125 0.5890625 0.44765625 0.6515625 0.49296875 0.6515625 0.52890625 0.64375 0.56328125 0.6234375 0.58984375 0.6234375 0.59921875
1 0.8125 0.83671875 0.83984375 0.828125 0.8453125 0.81640625 0.865625 0.52734375 0.8625 0.23203125 0.85703125 0.2234375 0.82109375 0.2078125 0.8140625 0.21015625 0.8125 0.32734375 0.80078125 0.378125 0.78671875 0.3609375 0.76875 0.36640625 0.7671875 0.31328125 0.76171875 0.3078125 0.73359375 0.309375 0.69609375 0.29375 0.6734375 0.31640625 0.6953125 0.36484375 0.75625 0.44609375 0.753125 0.45390625 0.7625 0.47109375 0.759375 0.52890625 0.75234375 0.5375 0.71953125 0.5359375 0.70703125 0.528125 0.68671875 0.5328125 0.65625 0.58671875 0.63125 0.60859375 0.65546875 0.6125 0.65859375 0.625 0.6890625 0.62890625 0.690625 0.64140625 0.7 0.65078125 0.6984375 0.68671875 0.7046875 0.68984375 0.70703125 0.7046875 0.721875 0.70859375 0.72109375 0.7203125 0.70625 0.72265625 0.70703125 0.7359375 0.72578125 0.728125 0.759375 0.73203125 0.7734375 0.70390625 0.7796875 0.65390625 0.79296875 0.6375 0.8015625 0.63671875 0.8125 0.65234375 0.8125 0.67890625 0.8015625 0.73828125 0.80625 0.79765625 0.8 0.83359375