1 0.665625 0.87109375 0.81796875 0.8359375 0.83359375 0.828125 0.840625 0.81328125 0.8484375 0.65390625 0.825 0.64609375 0.815625 0.55859375 0.8015625 0.53828125 0.8140625 0.47890625 0.803125 0.37109375 0.7828125 0.36015625 0.7921875 0.32734375 0.7921875 0.31484375 0.78515625 0.30625 0.74609375 0.31875 0.7421875 0.32734375 0.7515625 0.34609375 0.753125 0.40078125 0.74453125 0.4046875 0.7109375 0.35859375 0.7046875 0.33046875 0.66875 0.28359375 0.6640625 0.26484375 0.66875 0.21171875 0.684375 0.18359375 0.7015625 0.16953125 0.70078125 0.1609375 0.62265625 0.1359375 0.52734375 0.121875 0.5515625 0.14765625 0.56875 0.18515625 0.56875 0.25234375 0.590625 0.35703125 0.5828125 0.37265625 0.5953125 0.37265625 0.59765625 0.3125 0.61640625 0.3140625 0.615625 0.32578125 0.6328125 0.33046875 0.6265625 0.34453125 0.6265625 0.37578125 0.6328125 0.37734375 0.628125 0.38828125 0.640625 0.39296875 0.634375 0.43046875 0.62578125 0.4375 0.6015625 0.43984375 0.62890625 0.45625 0.66328125 0.4609375 0.69140625 0.4734375 0.71015625 0.4703125 0.72421875 0.4765625 0.728125 0.48515625 0.73125 0.52890625 0.725 0.54296875 0.7375 0.57734375 0.73203125 0.5859375 0.71015625 0.5890625 0.68828125 0.5765625 0.65859375 0.6015625 0.64140625 0.6 0.62109375 0.5875 0.6109375 0.58984375 0.6203125 0.59765625 0.6171875 0.60859375 0.640625 0.62890625 0.640625 0.64140625 0.6359375 0.64296875 0.640625 0.64921875 0.628125 0.66796875 0.6234375 0.69140625 0.6125 0.77265625 0.65625 0.80859375 0.6578125 0.82578125 0.64375 0.86640625
4 0.8359375 0.64765625 0.8515625 0.63203125 0.8640625 0.60390625 0.875 0.53828125 0.875 0.32265625 0.8609375 0.26015625 0.85078125 0.25 0.8328125 0.25546875 0.81875 0.29453125 0.7984375 0.31484375 0.8 0.34140625 0.80546875 0.3375 0.8125 0.34453125 0.80625 0.38515625 0.8171875 0.46484375 0.8046875 0.54140625 0.81875 0.55390625 0.8265625 0.64453125
4 0.75 0.40078125 0.7484375 0.35546875 0.734375 0.31796875 0.73828125 0.3125 0.76328125 0.309375 0.78515625 0.29375 0.79296875 0.30625 0.81171875 0.303125 0.8328125 0.25390625 0.8578125 0.24765625 0.8640625 0.22890625 0.8453125 0.21796875 0.84140625 0.175 0.82421875 0.1859375 0.74921875 0.159375 0.72421875 0.1609375 0.69140625 0.18125 0.671875 0.20859375 0.665625 0.25078125 0.6703125 0.28046875 0.6875 0.30859375 0.709375 0.32890625 0.7125 0.35546875 0.740625 0.39609375
4 0.334375 0.45703125 0.36953125 0.440625 0.39921875 0.4140625 0.41640625 0.415625 0.43828125 0.440625 0.45703125 0.4375 0.45546875 0.428125 0.4515625 0.43359375 0.44375 0.36796875 0.48671875 0.340625 0.52578125 0.2875 0.5453125 0.31484375 0.559375 0.37265625 0.56875 0.37421875 0.56953125 0.3375 0.575 0.35859375 0.5859375 0.36171875 0.5828125 0.32265625 0.565625 0.25234375 0.565625 0.18203125 0.53828125 0.1375 0.51484375 0.1296875 0.48515625 0.1375 0.45078125 0.1609375 0.41875 0.19765625 0.378125 0.27421875 0.35 0.31328125 0.33125 0.36171875 0.3140625 0.38828125 0.3140625 0.40546875 0.3265625 0.41953125 0.3234375 0.44921875
4 0.58125 0.64609375 0.58125 0.62890625 0.5546875 0.60859375 0.56171875 0.5984375 0.60546875 0.5796875 0.61953125 0.5796875 0.63984375 0.5953125 0.65859375 0.5984375 0.68125 0.58203125 0.68984375 0.565625 0.70078125 0.565625 0.7 0.57734375 0.71015625 0.5859375 0.734375 0.57890625 0.73125 0.55703125 0.7171875 0.54296875 0.7296875 0.52265625 0.72265625 0.478125 0.71015625 0.4734375 0.69296875 0.478125 0.67421875 0.465625 0.62734375 0.459375 0.57578125 0.4421875 0.51484375 0.4453125 0.48125 0.47109375 0.4671875 0.49609375 0.4609375 0.53515625 0.478125 0.58359375 0.49296875 0.6015625
4 0.5171875 0.90859375 0.62734375 0.89375 0.6359375 0.88359375 0.6546875 0.81328125 0.64609375 0.8015625 0.6078125 0.77734375 0.62109375 0.66875 0.6 0.67734375 0.5921875 0.69296875 0.590625 0.72265625 0.55703125 0.7625 0.50078125 0.7265625 0.453125 0.72265625 0.4515625 0.68046875 0.4671875 0.61015625 0.46171875 0.6 0.44765625 0.5984375 0.434375 0.63046875 0.4234375 0.70234375 0.384375 0.75078125 0.384375 0.81640625 0.40625 0.85859375 0.44140625 0.890625 0.48359375 0.909375
4 0.290625 0.60859375 0.2875 0.58828125 0.265625 0.55078125 0.265625 0.53671875 0.29453125 0.5578125 0.2984375 0.54765625 0.2734375 0.51171875 0.2640625 0.46953125 0.296875 0.42734375 0.346875 0.31640625 0.38125 0.26640625 0.4125 0.20546875 0.38828125 0.16875 0.375 0.17109375 0.37734375 0.140625 0.35703125 0.1734375 0.30625 0.20859375 0.2828125 0.24921875 0.2484375 0.29140625 0.215625 0.35703125 0.19375 0.42265625 0.190625 0.47734375 0.203125 0.51796875 0.2390625 0.54296875 0.246875 0.56328125 0.275 0.60078125
4 0.1828125 0.43671875 0.246875 0.29140625 0.2875 0.23984375 0.3078125 0.20234375 0.3578125 0.16640625 0.340625 0.14609375 0.3390625 0.10703125 0.32734375 0.0890625 0.30390625 0.0859375 0.27890625 0.0984375 0.2390625 0.13984375 0.178125 0.26953125 0.1703125 0.29765625 0.1625 0.38515625 0.1703125 0.43046875
4 0.0890625 0.26953125 0.11171875 0.225 0.13671875 0.234375 0.15703125 0.25625 0.190625 0.24140625 0.2390625 0.13671875 0.22109375 0.1125 0.19765625 0.1015625 0.16484375 0.10625 0.090625 0.13984375 0.059375 0.18828125 0.0546875 0.24765625 0.06015625 0.259375 0.08359375 0.2609375
4 0.175 0.62421875 0.1890625 0.59609375 0.1875 0.56640625 0.20078125 0.5640625 0.2015625 0.55703125 0.1890625 0.52265625 0.1875 0.45078125 0.18203125 0.4390625 0.16875 0.43359375 0.1609375 0.38671875 0.1703125 0.29140625 0.1640625 0.27109375 0.14375 0.24296875 0.11484375 0.2265625 0.0921875 0.26015625 0.0875 0.33515625 0.10625 0.35390625 0.1203125 0.42421875 0.11875 0.47734375 0.1453125 0.53515625 0.15 0.57265625 0.1671875 0.62109375
4 0.078125 0.68515625 0.08359375 0.6625 0.09453125 0.678125 0.1015625 0.67578125 0.096875 0.55390625 0.1265625 0.51015625 0.12265625 0.5015625 0.11015625 0.509375 0.090625 0.50546875 0.09375 0.41484375 0.084375 0.37734375 0.08359375 0.2921875 0.06953125 0.3046875 0.06015625 0.303125 0.05 0.31015625 0.0375 0.34296875 0.0328125 0.37734375 0.0375 0.51953125 0.0640625 0.65546875