1 0.809375 0.39140625 0.809375 0.29140625 0.815625 0.26171875 0.828125 0.24453125 0.828125 0.21640625 0.80234375 0.1984375 0.72578125 0.165625 0.62109375 0.1390625 0.6171875 0.15234375 0.628125 0.20390625 0.6125 0.25703125 0.6203125 0.27109375 0.6296875 0.27421875 0.634375 0.31953125 0.6421875 0.33046875 0.6390625 0.33515625 0.6484375 0.33828125 0.6515625 0.35859375 0.66328125 0.35 0.67734375 0.353125 0.69140625 0.3671875 0.69296875 0.3609375 0.69609375 0.3671875 0.71015625 0.3609375 0.71328125 0.3671875 0.76171875 0.3765625 0.76484375 0.371875 0.77734375 0.375 0.78046875 0.36875 0.79296875 0.38125 0.79609375 0.3734375 0.8 0.38984375 0.80546875 0.3828125
1 0.3 0.31171875 0.3359375 0.21484375 0.3296875 0.18984375 0.334375 0.12421875 0.31484375 0.125 0.3125 0.11484375 0.30546875 0.1125 0.26640625 0.1140625 0.15078125 0.1359375 0.14375 0.14921875 0.1421875 0.17421875 0.175 0.31015625 0.20546875 0.3109375 0.22109375 0.30625 0.22421875 0.296875 0.22734375 0.3078125 0.23203125 0.29375 0.25390625 0.3078125 0.27734375 0.296875 0.28359375 0.30625 0.28671875 0.2984375 0.28984375 0.3046875 0.29453125 0.3
4 0.3421875 0.32734375 0.35625 0.26328125 0.3671875 0.24296875 0.38515625 0.228125 0.43671875 0.259375 0.49765625 0.2484375 0.50390625 0.2640625 0.53203125 0.275 0.54375 0.26484375 0.546875 0.24296875 0.55703125 0.2328125 0.61796875 0.2140625 0.6265625 0.19609375 0.6171875 0.16640625 0.603125 0.15390625 0.6 0.14296875 0.609375 0.12265625 0.57578125 0.121875 0.54296875 0.0953125 0.50234375 0.103125 0.46015625 0.090625 0.39609375 0.0859375 0.34765625 0.1046875 0.3328125 0.15703125 0.3328125 0.19453125 0.340625 0.21484375 0.309375 0.29453125 0.31796875 0.296875 0.334375 0.27890625 0.33828125 0.265625 0.3375 0.32421875
4 0.034375 0.52109375 0.0390625 0.48515625 0.0484375 0.46796875 0.06171875 0.459375 0.0703125 0.47109375 0.06875 0.48203125 0.07578125 0.4859375 0.0984375 0.45234375 0.0984375 0.42265625 0.1296875 0.28984375 0.13984375 0.2828125 0.14921875 0.2828125 0.15859375 0.296875 0.1671875 0.28984375 0.146875 0.19453125 0.12578125 0.153125 0.10546875 0.1578125 0.09375 0.16953125 0.059375 0.26015625 0.046875 0.33203125 0.0421875 0.42109375 0.0296875 0.47421875 0.028125 0.49921875
4 0.0703125 0.60078125 0.084375 0.59296875 0.09140625 0.565625 0.13203125 0.55625 0.17421875 0.53125 0.21171875 0.5296875 0.24296875 0.546875 0.26796875 0.5453125 0.28046875 0.5359375 0.2890625 0.51328125 0.2921875 0.45078125 0.2875 0.42890625 0.278125 0.41640625 0.26015625 0.403125 0.24453125 0.4015625 0.21484375 0.4125 0.17109375 0.4109375 0.11796875 0.4328125 0.1 0.45234375 0.0703125 0.50546875 0.05625 0.58046875 0.059375 0.59765625
4 0.2140625 0.94921875 0.2375 0.93046875 0.253125 0.89765625 0.2609375 0.71640625 0.2765625 0.64921875 0.275 0.61796875 0.2625 0.59609375 0.24453125 0.5828125 0.22734375 0.5828125 0.2078125 0.59296875 0.1921875 0.64921875 0.1890625 0.77265625 0.178125 0.88671875 0.1953125 0.93984375
4 0.4859375 0.90390625 0.52421875 0.8859375 0.5953125 0.82421875 0.609375 0.78046875 0.6453125 0.74296875 0.63515625 0.7046875 0.61328125 0.6984375 0.59609375 0.7203125 0.56640625 0.7078125 0.55703125 0.709375 0.5359375 0.72890625 0.52421875 0.753125 0.49609375 0.7453125 0.46171875 0.753125 0.45546875 0.740625 0.4234375 0.75546875 0.403125 0.80546875 0.4015625 0.86015625 0.42734375 0.8984375
4 0.66875 0.67578125 0.6765625 0.65859375 0.6765625 0.63515625 0.7 0.63046875 0.690625 0.58984375 0.7109375 0.56953125 0.7109375 0.55234375 0.69921875 0.54375 0.68671875 0.54375 0.675 0.56328125 0.65 0.51171875 0.61640625 0.4875 0.590625 0.45703125 0.5671875 0.40078125 0.5640625 0.37421875 0.54375 0.33828125 0.53203125 0.328125 0.51015625 0.325 0.50234375 0.3140625 0.503125 0.33046875 0.4828125 0.36015625 0.4734375 0.39296875 0.475 0.44453125 0.4984375 0.46796875 0.5328125 0.54140625 0.58203125 0.584375 0.61640625 0.625 0.65078125 0.634375 0.66484375 0.61875 0.671875 0.62109375 0.671875 0.64453125 0.653125 0.65546875
4 0.8421875 0.75234375 0.8578125 0.70390625 0.834375 0.53671875 0.803125 0.47421875 0.78671875 0.459375 0.75859375 0.4515625 0.7421875 0.46328125 0.7296875 0.49140625 0.7265625 0.55859375 0.70625 0.60234375 0.7046875 0.63515625 0.7125 0.63984375 0.73828125 0.5890625 0.75390625 0.5875 0.7703125 0.63828125 0.8 0.67890625 0.7875 0.70859375 0.7765625 0.71796875 0.7765625 0.72734375 0.78671875 0.7328125 0.81328125 0.7171875 0.828125 0.74453125
4 0.8609375 0.65078125 0.8703125 0.60859375 0.87734375 0.6046875 0.88359375 0.6125 0.8875 0.60078125 0.878125 0.56640625 0.8828125 0.48359375 0.875 0.31484375 0.8625 0.26484375 0.84765625 0.25 0.83359375 0.246875 0.815625 0.26953125 0.8109375 0.32578125 0.8171875 0.40703125 0.8296875 0.46796875 0.828125 0.51640625 0.8453125 0.56484375 0.85 0.62421875 0.85625 0.62734375 0.85625 0.64921875
4 0.684375 0.89140625 0.73984375 0.8734375 0.77109375 0.871875 0.8125 0.83984375 0.8171875 0.82265625 0.7921875 0.77109375 0.771875 0.74765625 0.76875 0.71953125 0.76171875 0.7109375 0.74609375 0.7078125 0.7359375 0.71328125 0.7375 0.72109375 0.746875 0.72578125 0.74140625 0.753125 0.70703125 0.7421875 0.68671875 0.7421875 0.67109375 0.75 0.6609375 0.71328125 0.6609375 0.68828125 0.65234375 0.6859375 0.640625 0.71796875 0.6484375 0.73203125 0.646875 0.74609375 0.6125 0.77734375 0.5953125 0.83359375 0.603125 0.85078125 0.63359375 0.8828125
4 0.0609375 0.79765625 0.0734375 0.73046875 0.08984375 0.7640625 0.0921875 0.74453125 0.0875 0.67890625 0.078125 0.65078125 0.0828125 0.59765625 0.07109375 0.59375 0.06328125 0.6 0.05625 0.59296875 0.05625 0.57421875 0.0671875 0.55078125 0.065625 0.52734375 0.075 0.50234375 0.06875 0.46484375 0.05703125 0.459375 0.0390625 0.48515625 0.028125 0.57109375 0.0328125 0.57421875 0.0296875 0.68671875 0.034375 0.73203125 0.046875 0.78046875