4 0.709375 0.88828125 0.72734375 0.8796875 0.7453125 0.85390625 0.7515625 0.80234375 0.7390625 0.76328125 0.6984375 0.68515625 0.69296875 0.6796875 0.6859375 0.68359375 0.68828125 0.7046875 0.64921875 0.6921875 0.6390625 0.68203125 0.6359375 0.65546875 0.625 0.63359375 0.60078125 0.6140625 0.59375 0.61796875 0.58984375 0.634375 0.52421875 0.6265625 0.5171875 0.64453125 0.534375 0.68046875 0.5390625 0.71484375 0.5140625 0.73828125 0.53203125 0.7421875 0.55234375 0.7359375 0.571875 0.78046875 0.609375 0.80546875 0.65859375 0.8734375 0.68515625 0.8875
4 0.609375 0.94609375 0.615625 0.92421875 0.6140625 0.89765625 0.62421875 0.884375 0.64140625 0.8828125 0.65 0.86484375 0.6109375 0.81015625 0.58046875 0.790625 0.56171875 0.7703125 0.54140625 0.7765625 0.49453125 0.74375 0.4421875 0.74296875 0.44375 0.72734375 0.4609375 0.69453125 0.4625 0.67578125 0.45859375 0.6734375 0.4328125 0.70078125 0.428125 0.68046875 0.440625 0.61796875 0.43203125 0.6109375 0.40625 0.68515625 0.4046875 0.71796875 0.3703125 0.78359375 0.36875 0.81484375 0.3796875 0.84296875 0.41015625 0.878125 0.45078125 0.903125 0.47578125 0.909375 0.53828125 0.9046875 0.56015625 0.9140625 0.58515625 0.9125 0.6015625 0.94609375
4 0.1421875 0.71328125 0.23671875 0.6640625 0.2640625 0.64296875 0.2546875 0.63203125 0.271875 0.59765625 0.2703125 0.58203125 0.23359375 0.55625 0.21015625 0.5578125 0.19921875 0.5515625 0.1953125 0.52578125 0.18203125 0.5078125 0.16640625 0.5515625 0.12890625 0.5546875 0.14375 0.53828125 0.1453125 0.51640625 0.13515625 0.5109375 0.121875 0.51796875 0.1125 0.56328125 0.0953125 0.60546875 0.09375 0.68359375 0.11328125 0.7046875
4 0.090625 0.85390625 0.09453125 0.8265625 0.15078125 0.846875 0.19296875 0.8515625 0.21796875 0.846875 0.259375 0.82109375 0.26875 0.79609375 0.2671875 0.76484375 0.2515625 0.72109375 0.26015625 0.6484375 0.2421875 0.66015625 0.21953125 0.7078125 0.18515625 0.6921875 0.15390625 0.7109375 0.13515625 0.7140625 0.090625 0.69140625 0.0890625 0.71484375 0.0765625 0.73203125 0.0625 0.78046875 0.065625 0.79453125 0.0828125 0.81484375 0.0828125 0.83671875
4 0.0421875 0.78203125 0.0640625 0.77421875 0.0765625 0.72734375 0.0875 0.71171875 0.0828125 0.67109375 0.0578125 0.60078125 0.0546875 0.51953125 0.0734375 0.43984375 0.05703125 0.4046875 0.04375 0.41171875 0.034375 0.43203125 0.0234375 0.52265625 0.0328125 0.76953125
4 0.090625 0.66640625 0.0921875 0.60703125 0.1109375 0.56015625 0.11875 0.51953125 0.13984375 0.5 0.18984375 0.5046875 0.2 0.48984375 0.1984375 0.40390625 0.190625 0.38203125 0.17109375 0.3703125 0.14921875 0.375 0.0921875 0.41640625 0.0609375 0.48515625 0.05625 0.51171875 0.059375 0.59609375 0.075 0.64453125 0.08046875 0.65 0.0796875 0.64453125 0.0875 0.64140625 0.0875 0.65546875 0.0796875 0.65703125
4 0.3078125 0.54921875 0.32265625 0.4734375 0.36328125 0.5015625 0.390625 0.50078125 0.39375 0.48671875 0.3875 0.46171875 0.4 0.44765625 0.4 0.43046875 0.3890625 0.40859375 0.396875 0.39296875 0.375 0.38203125 0.3625 0.35859375 0.3203125 0.31328125 0.27421875 0.2484375 0.24765625 0.2296875 0.21015625 0.2265625 0.178125 0.25078125 0.1609375 0.31484375 0.1265625 0.36796875 0.13203125 0.3796875 0.14140625 0.378125 0.15703125 0.3625 0.19296875 0.3828125 0.20078125 0.3765625 0.22734375 0.4125 0.26484375 0.43125 0.275 0.44765625 0.2859375 0.49921875 0.2796875 0.52890625 0.28984375 0.5359375 0.29765625 0.5328125 0.3 0.54609375
4 0.5203125 0.40546875 0.540625 0.39453125 0.546875 0.26796875 0.5578125 0.24921875 0.565625 0.21484375 0.5625 0.18515625 0.546875 0.14453125 0.52734375 0.1234375 0.46953125 0.0921875 0.43046875 0.0875 0.36640625 0.103125 0.35 0.09296875 0.35 0.06484375 0.33671875 0.0671875 0.3 0.11796875 0.303125 0.17734375 0.3328125 0.22421875 0.3328125 0.32109375 0.34375 0.32734375 0.34921875 0.3015625 0.35625 0.34609375 0.36484375 0.35625 0.36875 0.35234375 0.3703125 0.30234375 0.378125 0.27578125 0.39453125 0.2546875 0.40859375 0.2546875 0.44609375 0.275 0.49609375 0.26875 0.50625 0.28359375 0.5140625 0.32421875 0.5140625 0.40234375
4 0.31875 0.30234375 0.3171875 0.27890625 0.29375 0.21640625 0.3 0.20078125 0.3 0.14140625 0.296875 0.11953125 0.28671875 0.10625 0.25546875 0.1 0.20234375 0.1046875 0.14140625 0.128125 0.096875 0.13515625 0.0859375 0.15546875 0.084375 0.18984375 0.0921875 0.21171875 0.1140625 0.22890625 0.11875 0.23984375 0.1171875 0.29609375 0.12265625 0.3015625 0.13046875 0.278125 0.1390625 0.29765625 0.1484375 0.29921875 0.146875 0.25859375 0.15390625 0.2421875 0.17890625 0.2453125 0.20234375 0.228125 0.22890625 0.2234375 0.26328125 0.2359375 0.290625 0.26171875
4 0.0765625 0.43828125 0.10390625 0.403125 0.146875 0.37421875 0.1546875 0.35234375 0.1296875 0.35234375 0.1265625 0.32265625 0.1015625 0.27265625 0.1140625 0.23359375 0.090625 0.21640625 0.078125 0.16484375 0.06953125 0.1609375 0.05 0.19296875 0.04375 0.27421875 0.0546875 0.38359375 0.0609375 0.41171875
1 0.7765625 0.84765625 0.82109375 0.8359375 0.8375 0.82421875 0.840625 0.81171875 0.8640625 0.43359375 0.8609375 0.22890625 0.85546875 0.2203125 0.73203125 0.1671875 0.62578125 0.1359375 0.54140625 0.125 0.5546875 0.14609375 0.56875 0.19921875 0.5640625 0.24296875 0.5515625 0.28203125 0.553125 0.32578125 0.5625 0.32578125 0.56640625 0.3109375 0.58515625 0.3140625 0.584375 0.32578125 0.60078125 0.3296875 0.6015625 0.34140625 0.61875 0.35390625 0.61640625 0.359375 0.60234375 0.3609375 0.603125 0.37265625 0.59765625 0.375 0.5921875 0.36171875 0.5921875 0.37265625 0.5703125 0.40390625 0.5734375 0.41953125 0.584375 0.42578125 0.59375 0.44765625 0.5953125 0.52578125 0.59375 0.56328125 0.5890625 0.56640625 0.5953125 0.57421875 0.5953125 0.60390625 0.628125 0.62890625 0.65234375 0.6875 0.67734375 0.6890625 0.68671875 0.6734375 0.703125 0.68359375 0.721875 0.71328125 0.7515625 0.78359375 0.753125 0.84453125