4 0.390625 0.40390625 0.40859375 0.35 0.46640625 0.3828125 0.475 0.37890625 0.46875 0.32265625 0.478125 0.31640625 0.4796875 0.29609375 0.4703125 0.27890625 0.484375 0.27109375 0.4578125 0.25234375 0.421875 0.19453125 0.396875 0.17109375 0.34921875 0.10625 0.29140625 0.0859375 0.25546875 0.0953125 0.2421875 0.10703125 0.23125 0.13828125 0.228125 0.22265625 0.24453125 0.24375 0.26796875 0.234375 0.29765625 0.2734375 0.346875 0.29453125 0.3515625 0.38203125 0.36328125 0.384375 0.36875 0.37890625 0.378125 0.34765625 0.38515625 0.3421875
4 0.203125 0.72890625 0.21171875 0.6953125 0.221875 0.69921875 0.23359375 0.71875 0.24453125 0.7203125 0.25 0.71484375 0.2328125 0.61328125 0.2375 0.53984375 0.225 0.50703125 0.2234375 0.48359375 0.23125 0.33828125 0.24140625 0.3234375 0.2640625 0.32265625 0.2421875 0.24609375 0.21640625 0.2171875 0.19921875 0.2171875 0.16875 0.25546875 0.153125 0.36171875 0.15 0.43046875 0.1609375 0.58828125 0.1921875 0.66328125 0.1921875 0.70859375
4 0.0796875 0.40546875 0.10546875 0.378125 0.1546875 0.36171875 0.171875 0.25078125 0.19765625 0.225 0.2234375 0.22421875 0.20078125 0.1875 0.17578125 0.1921875 0.1296875 0.23828125 0.11328125 0.265625 0.06875 0.29296875 0.05546875 0.3203125 0.04921875 0.3078125 0.040625 0.31328125 0.034375 0.32890625 0.0390625 0.35078125 0.03125 0.38515625 0.04609375 0.4015625 0.05703125 0.3984375 0.06796875 0.40625
4 0.1515625 0.78359375 0.1546875 0.76171875 0.146875 0.74140625 0.15546875 0.734375 0.17890625 0.7359375 0.18125 0.71640625 0.1328125 0.60859375 0.115625 0.58515625 0.10625 0.53046875 0.0859375 0.47890625 0.0921875 0.42421875 0.08359375 0.4140625 0.05859375 0.4109375 0.0421875 0.42421875 0.0296875 0.45234375 0.0296875 0.50546875 0.04375 0.58671875 0.0890625 0.70078125 0.1234375 0.73984375 0.14375 0.78046875
4 0.5125 0.86328125 0.53203125 0.8609375 0.575 0.83984375 0.571875 0.82421875 0.58125 0.77421875 0.56875 0.72265625 0.5765625 0.67109375 0.5765625 0.60859375 0.56875 0.61328125 0.55546875 0.6734375 0.54375 0.66171875 0.53125 0.62734375 0.5265625 0.62734375 0.5234375 0.65703125 0.5359375 0.68828125 0.51484375 0.709375 0.48671875 0.684375 0.46953125 0.678125 0.41015625 0.684375 0.38984375 0.653125 0.35390625 0.634375 0.33984375 0.615625 0.33046875 0.6125 0.3265625 0.62109375 0.35 0.66640625 0.33671875 0.665625 0.30703125 0.6453125 0.3015625 0.64765625 0.290625 0.68203125 0.303125 0.70546875 0.3046875 0.73671875 0.290625 0.74921875 0.2890625 0.75859375 0.30390625 0.76875 0.32109375 0.7671875 0.36015625 0.8140625 0.40546875 0.8296875 0.45078125 0.8578125 0.47421875 0.8640625
4 0.7375 0.88046875 0.81171875 0.859375 0.8453125 0.81484375 0.84375 0.79296875 0.815625 0.74921875 0.79921875 0.7421875 0.78203125 0.7515625 0.7546875 0.73203125 0.7546875 0.72265625 0.74609375 0.7140625 0.72890625 0.7171875 0.6875 0.75546875 0.678125 0.77578125 0.6734375 0.81953125 0.678125 0.84453125 0.69296875 0.8671875
4 0.85625 0.78828125 0.8703125 0.72578125 0.8796875 0.52421875 0.878125 0.45234375 0.86953125 0.4140625 0.84453125 0.4359375 0.81484375 0.43125 0.8046875 0.44296875 0.809375 0.45234375 0.8015625 0.47890625 0.81640625 0.4796875 0.81875 0.49453125 0.8125 0.73671875 0.81796875 0.7453125 0.82734375 0.74375 0.8328125 0.75078125 0.8375 0.78359375 0.84296875 0.7890625
4 0.721875 0.43828125 0.74453125 0.4296875 0.77421875 0.4359375 0.81640625 0.4265625 0.83671875 0.4359375 0.84921875 0.4328125 0.865625 0.41171875 0.8796875 0.34609375 0.865625 0.34453125 0.859375 0.32421875 0.84609375 0.3109375 0.77734375 0.3203125 0.72734375 0.309375 0.68671875 0.33125 0.67421875 0.3140625 0.64921875 0.30625 0.646875 0.33203125 0.65546875 0.3328125 0.6625 0.34296875 0.6390625 0.36328125 0.6359375 0.38203125 0.6515625 0.39453125 0.65 0.42265625 0.68359375 0.4234375 0.70390625 0.4359375
4 0.70625 0.31953125 0.73046875 0.3078125 0.77421875 0.31875 0.84296875 0.309375 0.8625 0.25859375 0.8765625 0.24296875 0.865625 0.18671875 0.85390625 0.1796875 0.80390625 0.1953125 0.75859375 0.1859375 0.73828125 0.1953125 0.7125 0.22109375 0.69375 0.26796875 0.6953125 0.31015625
4 0.6703125 0.30078125 0.6765625 0.29609375 0.678125 0.28046875 0.7015625 0.25078125 0.7109375 0.21640625 0.7078125 0.16640625 0.67421875 0.1296875 0.61796875 0.109375 0.55390625 0.103125 0.53359375 0.0921875 0.51640625 0.0921875 0.47890625 0.10625 0.453125 0.10703125 0.4421875 0.13828125 0.4453125 0.15078125 0.43125 0.16796875 0.434375 0.18515625 0.46015625 0.2109375 0.4984375 0.22890625 0.5078125 0.24453125 0.503125 0.27109375 0.51171875 0.2859375 0.52734375 0.284375 0.56015625 0.2546875 0.61171875 0.278125 0.65078125 0.2734375 0.6546875 0.29765625
1 0.8046875 0.73046875 0.8125 0.64765625 0.8140625 0.52109375 0.809375 0.50234375 0.79765625 0.503125 0.7921875 0.49609375 0.7953125 0.45703125 0.76171875 0.453125 0.7671875 0.46015625 0.7609375 0.46171875 0.759375 0.47421875 0.74609375 0.4734375 0.74140625 0.4828125 0.73046875 0.4609375 0.72578125 0.484375 0.7203125 0.45546875 0.73359375 0.45625 0.73828125 0.446875 0.7609375 0.44453125 0.75078125 0.4390625 0.70546875 0.440625 0.709375 0.44765625 0.6984375 0.45859375 0.696875 0.47578125 0.68515625 0.4765625 0.6890625 0.47109375 0.6828125 0.47109375 0.67890625 0.5140625 0.6765625 0.49765625 0.6671875 0.50078125 0.6734375 0.51328125 0.665625 0.51796875 0.665625 0.53671875 0.6390625 0.53671875 0.640625 0.54921875 0.653125 0.56171875 0.6453125 0.59296875 0.65 0.59921875 0.640625 0.60390625 0.6484375 0.61171875 0.640625 0.61640625 0.65 0.62734375 0.6484375 0.67109375 0.65625 0.67265625 0.6609375 0.66015625 0.6546875 0.65234375 0.66328125 0.646875 0.6640625 0.66171875 0.68359375 0.696875 0.70703125 0.696875 0.71015625 0.6875 0.71484375 0.70625 0.715625 0.69921875 0.72578125 0.69375 0.72890625 0.7046875 0.73984375 0.696875 0.74453125 0.70625 0.76015625 0.7 0.76953125 0.70625 0.78515625 0.7046875 0.78671875 0.6984375 0.7921875 0.72890625