1 0.81875 0.35234375 0.825 0.34609375 0.8171875 0.34140625 0.8515625 0.29140625 0.853125 0.23984375 0.8484375 0.22421875 0.83828125 0.2140625 0.75703125 0.1765625 0.65390625 0.15 0.653125 0.16640625 0.6390625 0.16953125 0.653125 0.17265625 0.6375 0.17734375 0.64375 0.18984375 0.6359375 0.20078125 0.6421875 0.20546875 0.634375 0.20859375 0.640625 0.21328125 0.6296875 0.21640625 0.640625 0.22734375 0.628125 0.23203125 0.640625 0.23671875 0.6296875 0.24765625 0.6375 0.25234375 0.6265625 0.25546875 0.6265625 0.27734375 0.6125 0.28671875 0.6125 0.29453125 0.62265625 0.296875 0.63203125 0.290625 0.6453125 0.27890625 0.6421875 0.27421875 0.65 0.27265625 0.64609375 0.2671875 0.65390625 0.265625 0.65625 0.27109375 0.653125 0.26015625 0.6578125 0.25546875 0.653125 0.25234375 0.6640625 0.24140625 0.659375 0.23671875 0.67109375 0.2328125 0.67578125 0.221875 0.70078125 0.2203125 0.7171875 0.23671875 0.734375 0.26796875 0.7609375 0.35078125 0.76640625 0.353125 0.78203125 0.3359375 0.78515625 0.35 0.78828125 0.3421875 0.7953125 0.34609375 0.79296875 0.3375 0.79921875 0.3453125 0.80859375 0.3375
1 0.79375 0.49609375 0.809375 0.40546875 0.8296875 0.37421875 0.82421875 0.3359375 0.78515625 0.3359375 0.7625 0.36171875 0.78125 0.47265625
4 0.6171875 0.62734375 0.65625 0.58671875 0.6515625 0.52578125 0.640625 0.49765625 0.603125 0.46328125 0.46875 0.27578125 0.46875 0.20703125 0.45625 0.20859375 0.44765625 0.2328125 0.4375 0.22578125 0.42578125 0.196875 0.41171875 0.2078125 0.39765625 0.2078125 0.3921875 0.21328125 0.3953125 0.25234375 0.421875 0.32578125 0.4296875 0.39140625 0.44375 0.43203125 0.48125 0.46484375 0.55625 0.55078125 0.5859375 0.61171875 0.59921875 0.6234375
4 0.1296875 0.39609375 0.15 0.36015625 0.178125 0.33984375 0.20078125 0.30625 0.23046875 0.3 0.25859375 0.284375 0.2625 0.29296875 0.25 0.31640625 0.25546875 0.3359375 0.2921875 0.29453125 0.29375 0.26796875 0.315625 0.22265625 0.315625 0.15546875 0.325 0.13984375 0.32265625 0.1171875 0.31328125 0.1421875 0.27734375 0.125 0.23359375 0.1328125 0.21484375 0.1453125 0.14375 0.22109375 0.1296875 0.25078125 0.125 0.29765625 0.1140625 0.32890625 0.121875 0.38828125
4 0.090625 0.54453125 0.1125 0.48671875 0.1078125 0.40390625 0.1140625 0.26640625 0.109375 0.23046875 0.11796875 0.215625 0.13046875 0.2234375 0.140625 0.21953125 0.1421875 0.21328125 0.1234375 0.18984375 0.12734375 0.1828125 0.14453125 0.184375 0.15 0.17578125 0.15 0.16796875 0.12421875 0.1484375 0.11171875 0.1546875 0.10234375 0.146875 0.09140625 0.146875 0.0765625 0.15859375 0.0609375 0.20078125 0.05625 0.23515625 0.0546875 0.44453125 0.0703125 0.49609375 0.06875 0.52421875
4 0.13125 0.79140625 0.14375 0.76796875 0.1390625 0.70078125 0.1484375 0.65703125 0.1453125 0.62734375 0.1640625 0.56640625 0.2125 0.49296875 0.19375 0.42734375 0.17109375 0.4015625 0.16171875 0.403125 0.146875 0.41796875 0.1265625 0.45546875 0.0890625 0.55546875 0.0828125 0.59765625 0.0796875 0.70078125 0.10625 0.77734375 0.11484375 0.7890625
4 0.178125 0.94140625 0.20625 0.90078125 0.2203125 0.86328125 0.23125 0.72578125 0.253125 0.64921875 0.246875 0.61484375 0.22890625 0.5921875 0.21328125 0.5828125 0.184375 0.60234375 0.16875 0.64140625 0.1453125 0.82734375 0.1515625 0.90234375
4 0.6796875 0.97265625 0.70390625 0.9703125 0.721875 0.93046875 0.71875 0.90390625 0.7 0.85703125 0.65078125 0.8234375 0.61953125 0.790625 0.59765625 0.784375 0.5828125 0.75859375 0.56640625 0.74375 0.54765625 0.73125 0.53203125 0.7328125 0.503125 0.80078125 0.503125 0.82890625 0.5140625 0.86171875 0.54765625 0.896875 0.63046875 0.946875 0.64765625 0.9671875
4 0.8328125 0.85703125 0.85859375 0.8390625 0.8703125 0.82265625 0.8703125 0.79765625 0.8625 0.77734375 0.84140625 0.7546875 0.809375 0.73359375 0.77578125 0.6828125 0.75703125 0.6765625 0.73359375 0.678125 0.7390625 0.68671875 0.7296875 0.69140625 0.7359375 0.69609375 0.7328125 0.71484375 0.7203125 0.72734375 0.71875 0.73828125 0.7296875 0.77265625 0.81171875 0.85625
4 0.7796875 0.64921875 0.78515625 0.640625 0.7984375 0.63984375 0.8046875 0.60703125 0.7984375 0.53984375 0.7796875 0.46953125 0.7671875 0.38671875 0.7296875 0.26640625 0.70625 0.22890625 0.68671875 0.221875 0.665625 0.24140625 0.6546875 0.27734375 0.60859375 0.309375 0.5984375 0.32265625 0.60390625 0.33125 0.6421875 0.32578125 0.634375 0.34921875 0.63828125 0.365625 0.6515625 0.35703125 0.65859375 0.3390625 0.6671875 0.34765625 0.68125 0.43984375 0.7140625 0.51796875 0.7109375 0.58515625 0.746875 0.61328125 0.76796875 0.6484375
4 0.840625 0.74765625 0.8546875 0.66171875 0.8671875 0.48671875 0.8609375 0.39140625 0.84921875 0.375 0.83515625 0.3734375 0.821875 0.38515625 0.8109375 0.40859375 0.7953125 0.49921875 0.80625 0.60234375 0.80625 0.62265625 0.7953125 0.65546875 0.7953125 0.69765625 0.80625 0.72734375 0.82421875 0.7453125
4 0.875 0.66171875 0.8921875 0.65078125 0.8984375 0.63515625 0.9203125 0.46796875 0.9171875 0.39140625 0.89296875 0.284375 0.86328125 0.2859375 0.85 0.30390625 0.8390625 0.33828125 0.859375 0.37109375 0.8625 0.39140625 0.86875 0.49140625 0.865625 0.64765625