4 0.459375 0.30078125 0.45546875 0.2703125 0.48203125 0.275 0.51171875 0.2703125 0.5328125 0.23671875 0.55390625 0.221875 0.58046875 0.2234375 0.634375 0.25703125 0.609375 0.20546875 0.6109375 0.16171875 0.6015625 0.12421875 0.58203125 0.103125 0.54609375 0.0921875 0.46484375 0.1 0.39765625 0.13125 0.36640625 0.153125 0.3390625 0.18828125 0.30625 0.21640625 0.31171875 0.2265625 0.325 0.23203125 0.32265625 0.271875 0.38203125 0.2640625
4 0.2140625 0.34609375 0.21875 0.33046875 0.203125 0.29140625 0.2046875 0.25859375 0.24453125 0.25625 0.28046875 0.2359375 0.2859375 0.24921875 0.28125 0.27578125 0.29765625 0.28125 0.30625 0.27265625 0.3140625 0.23359375 0.3046875 0.21484375 0.3390625 0.18671875 0.36484375 0.153125 0.40625 0.12109375 0.39140625 0.0984375 0.375 0.09453125 0.36953125 0.075 0.34609375 0.0875 0.32109375 0.0828125 0.28671875 0.096875 0.22890625 0.1015625 0.18671875 0.125 0.159375 0.16171875 0.153125 0.18046875 0.1546875 0.22578125 0.1765625 0.26640625 0.1921875 0.31796875
4 0.1625 0.63984375 0.1890625 0.58046875 0.2171875 0.56015625 0.2296875 0.50546875 0.2078125 0.35859375 0.171875 0.26171875 0.159375 0.24296875 0.1515625 0.20078125 0.14375 0.18984375 0.1453125 0.16015625 0.13828125 0.1515625 0.125 0.16953125 0.1140625 0.21171875 0.1078125 0.29296875 0.096875 0.30703125 0.1 0.31796875 0.084375 0.34609375 0.1203125 0.35390625 0.1328125 0.43515625 0.159375 0.50546875 0.159375 0.59765625 0.153125 0.62265625
4 0.490625 0.55703125 0.4984375 0.55390625 0.50625 0.52109375 0.52421875 0.509375 0.54140625 0.5078125 0.56484375 0.5203125 0.5890625 0.51328125 0.5953125 0.50078125 0.5890625 0.47734375 0.5984375 0.46171875 0.590625 0.43828125 0.54765625 0.384375 0.49609375 0.35 0.43828125 0.290625 0.38359375 0.265625 0.33203125 0.271875 0.3109375 0.32421875 0.3109375 0.37265625 0.2984375 0.43359375 0.3 0.45078125 0.31484375 0.4578125 0.32265625 0.4546875 0.33125 0.43203125 0.35078125 0.4171875 0.35859375 0.41875 0.375 0.45078125 0.39921875 0.4734375 0.4640625 0.49453125 0.475 0.55390625
4 0.6359375 0.61484375 0.6640625 0.58203125 0.68125 0.53984375 0.69453125 0.528125 0.70390625 0.53125 0.72890625 0.559375 0.73828125 0.565625 0.746875 0.56328125 0.746875 0.52890625 0.7546875 0.51484375 0.7578125 0.48359375 0.71875 0.39921875 0.6484375 0.27890625 0.60078125 0.2359375 0.57890625 0.225 0.55703125 0.2234375 0.5328125 0.23984375 0.5171875 0.27265625 0.51875 0.29765625 0.5015625 0.30234375 0.49375 0.33828125 0.51796875 0.35625 0.52734375 0.35 0.55390625 0.3640625 0.5984375 0.44453125 0.653125 0.48984375 0.6484375 0.56640625 0.6296875 0.60234375 0.6296875 0.61171875
4 0.8140625 0.57578125 0.825 0.53046875 0.8234375 0.49453125 0.8421875 0.43671875 0.8390625 0.25546875 0.821875 0.21484375 0.81015625 0.203125 0.79609375 0.203125 0.7796875 0.21640625 0.7703125 0.24765625 0.7734375 0.34765625 0.7859375 0.39609375 0.775 0.42421875 0.76875 0.47421875 0.778125 0.49453125 0.7765625 0.56328125 0.78828125 0.571875 0.80546875 0.5421875 0.8078125 0.57265625
4 0.590625 0.94140625 0.6140625 0.91640625 0.61796875 0.9 0.64765625 0.9015625 0.67578125 0.8859375 0.72109375 0.8859375 0.76171875 0.8625 0.796875 0.83203125 0.8046875 0.78984375 0.7984375 0.73359375 0.8125 0.66484375 0.80859375 0.6578125 0.8 0.66640625 0.79921875 0.6359375 0.7890625 0.64453125 0.7828125 0.68515625 0.75703125 0.740625 0.72109375 0.7328125 0.66640625 0.7625 0.64765625 0.7390625 0.61640625 0.728125 0.59140625 0.703125 0.58125 0.70703125 0.5953125 0.73828125 0.6234375 0.77578125 0.61171875 0.7984375 0.5578125 0.83515625 0.5578125 0.84765625 0.571875 0.85546875 0.5765625 0.87578125 0.59375 0.89296875 0.584375 0.93359375
4 0.3796875 0.85078125 0.371875 0.79296875 0.37734375 0.74375 0.42578125 0.7453125 0.47578125 0.725 0.4875 0.75859375 0.48359375 0.815625 0.4953125 0.79453125 0.50859375 0.7296875 0.525 0.75078125 0.5265625 0.78515625 0.53046875 0.790625 0.5375 0.78828125 0.5375 0.68671875 0.578125 0.64765625 0.5921875 0.61796875 0.590625 0.60078125 0.5703125 0.58359375 0.5609375 0.56484375 0.5546875 0.52578125 0.54296875 0.5109375 0.5375 0.51640625 0.53515625 0.5484375 0.48359375 0.5609375 0.43203125 0.553125 0.40859375 0.553125 0.38828125 0.5609375 0.3390625 0.59765625 0.3109375 0.63984375 0.3109375 0.71953125 0.3328125 0.75859375 0.353125 0.83828125 0.36171875 0.8484375
4 0.2265625 0.75234375 0.25078125 0.74375 0.27421875 0.74375 0.309375 0.72578125 0.30234375 0.7125 0.27578125 0.7171875 0.2625 0.70703125 0.3 0.60859375 0.33203125 0.5875 0.35390625 0.5609375 0.3859375 0.55546875 0.36875 0.53359375 0.39375 0.50703125 0.3984375 0.48671875 0.38671875 0.475 0.3609375 0.47109375 0.35859375 0.4234375 0.353125 0.42421875 0.33671875 0.465625 0.29453125 0.4546875 0.2859375 0.45859375 0.209375 0.57890625 0.1921875 0.63828125 0.1875 0.69140625 0.1921875 0.72890625 0.21484375 0.753125
4 0.0828125 0.78515625 0.10390625 0.7625 0.14609375 0.7515625 0.1421875 0.73515625 0.1484375 0.72265625 0.11953125 0.7125 0.0984375 0.68671875 0.1 0.61484375 0.084375 0.51328125 0.0984375 0.48828125 0.125 0.47109375 0.11484375 0.4609375 0.08125 0.46015625 0.0703125 0.35859375 0.06328125 0.35 0.053125 0.37421875 0.040625 0.38046875 0.034375 0.40703125 0.03125 0.61640625 0.053125 0.74296875 0.0703125 0.77578125
1 0.7609375 0.47421875 0.78125 0.39609375 0.7703125 0.33984375 0.76875 0.24453125 0.7796875 0.21171875 0.8 0.19609375 0.77421875 0.175 0.69921875 0.1578125 0.60859375 0.125 0.6125 0.20703125 0.73125 0.42265625 0.746875 0.43359375 0.7484375 0.45703125
1 0.8046875 0.83984375 0.8375 0.82890625 0.8453125 0.75546875 0.853125 0.73515625 0.865625 0.54609375 0.8640625 0.51640625 0.85078125 0.5015625 0.84140625 0.515625 0.8375 0.50390625 0.83125 0.50234375 0.83125 0.52734375 0.81171875 0.58125 0.80078125 0.565625 0.78515625 0.5765625 0.7765625 0.57109375 0.775 0.53203125 0.76484375 0.5171875 0.753125 0.52578125 0.753125 0.56015625 0.74453125 0.571875 0.73203125 0.56875 0.69765625 0.534375 0.6890625 0.53828125 0.678125 0.56328125 0.69609375 0.546875 0.7015625 0.54921875 0.7015625 0.55859375 0.7296875 0.58046875 0.7296875 0.60390625 0.7359375 0.60859375 0.72734375 0.609375 0.72265625 0.61875 0.71796875 0.60625 0.7125 0.61640625 0.728125 0.62890625 0.7234375 0.63671875 0.7328125 0.65546875 0.721875 0.65546875 0.7203125 0.63203125 0.71484375 0.628125 0.7125 0.64921875 0.70234375 0.65 0.69921875 0.6625 0.69453125 0.65625 0.68359375 0.65625 0.671875 0.68359375 0.6734375 0.69765625 0.68125 0.70234375 0.6796875 0.71328125 0.6625 0.72265625 0.68125 0.72734375 0.67265625 0.7328125 0.66640625 0.7296875 0.66328125 0.7359375 0.66015625 0.7296875 0.65 0.73515625 0.66796875 0.759375 0.71796875 0.73125 0.75703125 0.7359375 0.778125 0.68984375 0.7890625 0.63515625 0.80078125 0.621875 0.8046875 0.64921875 0.8171875 0.65546875 0.803125 0.73046875 0.8078125 0.78984375 0.796875 0.83984375
1 0.8640625 0.51640625 0.8703125 0.45234375 0.865625 0.23359375 0.85859375 0.221875 0.82734375 0.2109375 0.840625 0.25703125 0.84375 0.36171875 0.84375 0.43203125 0.83125 0.48359375 0.84609375 0.484375 0.85234375 0.471875