4 0.81875 0.63046875 0.83515625 0.625 0.84375 0.61484375 0.8703125 0.52890625 0.8765625 0.32578125 0.8625 0.26640625 0.8734375 0.25546875 0.8734375 0.24765625 0.8546875 0.20859375 0.8640625 0.18046875 0.85390625 0.171875 0.84296875 0.171875 0.83359375 0.18125 0.78671875 0.171875 0.74453125 0.1515625 0.70234375 0.1421875 0.6765625 0.16015625 0.6671875 0.18046875 0.6625 0.23828125 0.675 0.26640625 0.71484375 0.3046875 0.74140625 0.315625 0.753125 0.31328125 0.7453125 0.29140625 0.77734375 0.2796875 0.8078125 0.29453125 0.8 0.30546875 0.790625 0.36328125 0.79296875 0.36875 0.80546875 0.3578125 0.8078125 0.36328125 0.8140625 0.46171875 0.80625 0.62421875
4 0.7515625 0.31640625 0.753125 0.30546875 0.73828125 0.2890625 0.75859375 0.2890625 0.78203125 0.278125 0.79765625 0.290625 0.81171875 0.290625 0.84609375 0.25625 0.86171875 0.2609375 0.8734375 0.25546875 0.853125 0.20546875 0.8640625 0.17734375 0.84453125 0.171875 0.83203125 0.1828125 0.81640625 0.175 0.78515625 0.171875 0.73046875 0.146875 0.70234375 0.1421875 0.68828125 0.1484375 0.6703125 0.17109375 0.6625 0.21015625 0.6640625 0.24453125 0.6796875 0.27265625 0.70390625 0.2890625 0.71484375 0.3046875
4 0.51875 0.28828125 0.55078125 0.284375 0.5828125 0.24140625 0.59296875 0.215625 0.6015625 0.22734375 0.6015625 0.18203125 0.59375 0.15390625 0.584375 0.13046875 0.56640625 0.109375 0.54765625 0.0984375 0.51953125 0.09375 0.45859375 0.1015625 0.39609375 0.1 0.36484375 0.128125 0.35234375 0.1234375 0.3421875 0.13046875 0.328125 0.15390625 0.3375 0.16484375 0.3171875 0.20078125 0.32109375 0.2203125 0.34453125 0.2203125 0.35703125 0.2328125 0.38515625 0.221875 0.42109375 0.225 0.47578125 0.2515625 0.52265625 0.253125 0.5265625 0.25859375 0.51171875 0.2640625 0.503125 0.27578125 0.50703125 0.2890625
4 0.178125 0.42734375 0.2 0.36484375 0.23125 0.31171875 0.3 0.24765625 0.315625 0.22421875 0.3140625 0.19921875 0.3296875 0.17109375 0.325 0.15390625 0.33125 0.13203125 0.3234375 0.10390625 0.31484375 0.0953125 0.27890625 0.1015625 0.240625 0.13984375 0.1734375 0.26640625 0.159375 0.33203125 0.159375 0.35859375 0.1671875 0.41953125
4 0.1703125 0.26953125 0.2375 0.14140625 0.2265625 0.12109375 0.20078125 0.103125 0.16640625 0.1046875 0.09296875 0.1296875 0.0703125 0.15078125 0.065625 0.17265625 0.0546875 0.18671875 0.0546875 0.20390625 0.0734375 0.22421875 0.08359375 0.2484375 0.10234375 0.2234375 0.11484375 0.21875 0.12734375 0.2234375
4 0.175 0.60703125 0.1859375 0.57734375 0.1890625 0.53984375 0.178125 0.43515625 0.165625 0.42109375 0.1578125 0.35703125 0.165625 0.27421875 0.13046875 0.2265625 0.11015625 0.2203125 0.0984375 0.22890625 0.084375 0.26015625 0.0875 0.32890625 0.0984375 0.37109375 0.1203125 0.40234375 0.121875 0.47265625 0.1484375 0.51796875 0.1515625 0.56953125
4 0.05625 0.61796875 0.0734375 0.56015625 0.075 0.52421875 0.090625 0.50546875 0.0828125 0.45234375 0.09375 0.36484375 0.0859375 0.34296875 0.0828125 0.25234375 0.07578125 0.2375 0.0609375 0.24765625 0.0453125 0.28515625 0.034375 0.37265625 0.0296875 0.48828125 0.034375 0.56640625
4 0.271875 0.56171875 0.271875 0.53515625 0.25 0.52265625 0.2515625 0.48828125 0.25625 0.47109375 0.284375 0.43984375 0.3171875 0.37578125 0.32890625 0.3671875 0.35234375 0.3671875 0.38203125 0.3515625 0.41015625 0.3484375 0.4203125 0.33984375 0.41484375 0.3265625 0.384375 0.32265625 0.425 0.28203125 0.42265625 0.2734375 0.3984375 0.25859375 0.390625 0.24296875 0.39296875 0.225 0.35703125 0.234375 0.33984375 0.225 0.31796875 0.225 0.3 0.25078125 0.240625 0.30234375 0.209375 0.34921875 0.190625 0.39296875 0.1796875 0.43984375 0.18125 0.47734375 0.190625 0.50234375 0.20546875 0.51875 0.2265625 0.52890625 0.23359375 0.55 0.25234375 0.55
4 0.471875 0.75859375 0.52265625 0.734375 0.56640625 0.6953125 0.61484375 0.66875 0.6421875 0.64296875 0.6390625 0.61796875 0.64453125 0.6125 0.65390625 0.6171875 0.6640625 0.61328125 0.675 0.56328125 0.6578125 0.56484375 0.6625 0.52734375 0.64765625 0.509375 0.58828125 0.5375 0.56328125 0.5671875 0.54296875 0.58125 0.50390625 0.5828125 0.46796875 0.5984375 0.45546875 0.584375 0.425 0.60078125 0.4046875 0.65703125 0.4046875 0.72109375 0.41640625 0.746875 0.44765625 0.759375
4 0.4515625 0.91015625 0.50703125 0.903125 0.54609375 0.909375 0.6125 0.88359375 0.6296875 0.81015625 0.5578125 0.75703125 0.5578125 0.73828125 0.55078125 0.7265625 0.54140625 0.725 0.52421875 0.7359375 0.50859375 0.7625 0.48984375 0.75625 0.45234375 0.7609375 0.41640625 0.7515625 0.39609375 0.7265625 0.38984375 0.7265625 0.3578125 0.76640625 0.3484375 0.79140625 0.3453125 0.83203125 0.3625 0.87578125 0.40546875 0.909375
1 0.6484375 0.87421875 0.75703125 0.853125 0.8328125 0.82734375 0.84375 0.67421875 0.8390625 0.64765625 0.83046875 0.6390625 0.80859375 0.6328125 0.803125 0.62421875 0.809375 0.40390625 0.8046875 0.37734375 0.7875 0.37109375 0.8 0.29921875 0.78203125 0.2859375 0.77109375 0.2875 0.75625 0.29921875 0.75390625 0.3203125 0.71484375 0.3078125 0.675 0.27109375 0.6609375 0.24296875 0.659375 0.21328125 0.6734375 0.15546875 0.59609375 0.13125 0.5921875 0.13984375 0.6125 0.23359375 0.59765625 0.2390625 0.59296875 0.2328125 0.55078125 0.2890625 0.5203125 0.29609375 0.56015625 0.2984375 0.56953125 0.2875 0.57421875 0.3 0.58515625 0.2875 0.590625 0.32734375 0.60078125 0.3125 0.6046875 0.32734375 0.61875 0.33046875 0.6203125 0.38671875 0.6265625 0.38828125 0.62734375 0.375 0.634375 0.37734375 0.6328125 0.40859375 0.62890625 0.4125 0.62421875 0.403125 0.60625 0.41171875 0.60859375 0.421875 0.61328125 0.4125 0.6203125 0.42109375 0.621875 0.43671875 0.6109375 0.43984375 0.6171875 0.45390625 0.6171875 0.48515625 0.6109375 0.48359375 0.61328125 0.453125 0.60859375 0.45 0.603125 0.45546875 0.60078125 0.4734375 0.5953125 0.46015625 0.5890625 0.46171875 0.5875 0.51484375 0.5796875 0.51953125 0.5828125 0.53046875 0.578125 0.53984375 0.61796875 0.521875 0.63828125 0.5046875 0.65234375 0.503125 0.665625 0.53046875 0.665625 0.55546875 0.6765625 0.56171875 0.6765625 0.56953125 0.6640625 0.64765625 0.62734375 0.6609375 0.61484375 0.6734375 0.57578125 0.6921875 0.55 0.71796875 0.56875 0.73671875 0.58125 0.76953125 0.63125 0.80703125 0.6328125 0.82265625 0.6203125 0.87421875