1 0.8015625 0.56328125 0.8171875 0.53203125 0.81875 0.48671875 0.8109375 0.43515625 0.80859375 0.43125 0.80546875 0.4421875 0.7921875 0.43671875 0.7921875 0.41484375 0.8140625 0.30703125 0.80078125 0.303125 0.7734375 0.31953125 0.7703125 0.32734375 0.7796875 0.34609375 0.78125 0.37265625 0.77734375 0.38125 0.76484375 0.3765625 0.7421875 0.35859375 0.73203125 0.3390625 0.7 0.31796875 0.690625 0.29921875 0.6953125 0.22734375 0.728125 0.17890625 0.728125 0.17109375 0.61640625 0.134375 0.57265625 0.128125 0.54921875 0.1375 0.54453125 0.13125 0.534375 0.21640625 0.54375 0.22109375 0.5390625 0.23203125 0.54609375 0.2359375 0.546875 0.21953125 0.55625 0.21953125 0.5546875 0.24765625 0.5609375 0.25234375 0.5546875 0.26328125 0.5609375 0.28984375 0.55625 0.31171875 0.5703125 0.31484375 0.56796875 0.325 0.56171875 0.321875 0.55625 0.32734375 0.571875 0.33828125 0.5609375 0.34453125 0.56875 0.35390625 0.56171875 0.3515625 0.55625 0.35703125 0.5703125 0.36796875 0.5640625 0.37421875 0.571875 0.38359375 0.5671875 0.38828125 0.575 0.41640625 0.5703125 0.42109375 0.5875 0.43203125 0.571875 0.43671875 0.58046875 0.4453125 0.58046875 0.4390625 0.590625 0.43984375 0.5875 0.45234375 0.59296875 0.459375 0.59765625 0.453125 0.60625 0.45546875 0.6 0.45859375 0.60078125 0.46875 0.60859375 0.471875 0.60625 0.46015625 0.61875 0.45546875 0.61875 0.48359375 0.62421875 0.4859375 0.628125 0.47109375 0.6328125 0.47265625 0.6328125 0.48359375 0.63984375 0.4890625 0.64453125 0.4859375 0.65 0.49453125 0.64296875 0.4984375 0.63984375 0.49375 0.6390625 0.50390625 0.65 0.50390625 0.6546875 0.52109375 0.66015625 0.5171875 0.6671875 0.52578125 0.66328125 0.5328125 0.68515625 0.540625 0.69140625 0.5328125 0.69765625 0.5390625 0.72734375 0.5390625 0.73828125 0.5546875 0.74140625 0.55 0.75390625 0.5546875 0.76640625 0.55 0.76953125 0.5546875 0.78046875 0.5421875 0.78515625 0.55625 0.79609375 0.546875
4 0.475 0.56328125 0.490625 0.54921875 0.5015625 0.51171875 0.5 0.42265625 0.5109375 0.31328125 0.5390625 0.18515625 0.534375 0.09921875 0.5453125 0.08828125 0.559375 0.04921875 0.55390625 0.034375 0.5296875 0.03203125 0.52578125 0.0125 0.49921875 0.034375 0.49375 0.01328125 0.48203125 0 0.4734375 0.00078125 0.4671875 0.05546875 0.47109375 0.0640625 0.48125 0.06640625 0.4828125 0.08515625 0.4515625 0.16953125 0.43125 0.31796875 0.4296875 0.40546875 0.415625 0.48203125 0.4171875 0.52265625 0.428125 0.54765625 0.44296875 0.559375
4 0.3390625 0.59765625 0.34375 0.59453125 0.340625 0.57109375 0.35390625 0.578125 0.3578125 0.56953125 0.334375 0.52578125 0.3203125 0.46328125 0.35 0.43046875 0.38515625 0.359375 0.40234375 0.3640625 0.4265625 0.36015625 0.428125 0.33359375 0.421875 0.31953125 0.4359375 0.28046875 0.45 0.16953125 0.44453125 0.165625 0.43046875 0.171875 0.42421875 0.14375 0.4109375 0.17578125 0.37421875 0.2015625 0.296875 0.28671875 0.2671875 0.34921875 0.25 0.40703125 0.246875 0.46171875 0.2546875 0.50390625 0.27265625 0.5265625 0.2984375 0.52890625 0.3015625 0.54609375
4 0.2125 0.37734375 0.23984375 0.3484375 0.271875 0.33515625 0.303125 0.27578125 0.37578125 0.196875 0.409375 0.17421875 0.409375 0.12421875 0.396875 0.09609375 0.3859375 0.08671875 0.38515625 0.06875 0.37421875 0.08125 0.34765625 0.0875 0.33203125 0.103125 0.303125 0.11796875 0.225 0.23359375 0.2 0.29765625 0.20625 0.33203125 0.2015625 0.37265625
4 0.1234375 0.29765625 0.134375 0.25078125 0.15390625 0.2234375 0.19765625 0.2546875 0.21875 0.24296875 0.28125 0.14140625 0.2734375 0.11171875 0.284375 0.10703125 0.28046875 0.1015625 0.22578125 0.0921875 0.17890625 0.10625 0.14921875 0.1234375 0.13046875 0.125 0.1 0.15234375 0.084375 0.17890625 0.08125 0.22890625 0.09140625 0.240625 0.109375 0.24765625 0.1140625 0.28671875
4 0.2484375 0.64765625 0.2484375 0.62734375 0.259375 0.61015625 0.2546875 0.57578125 0.26875 0.56484375 0.253125 0.53828125 0.2453125 0.45078125 0.225 0.37109375 0.21015625 0.3828125 0.2 0.37578125 0.2046875 0.33203125 0.196875 0.30390625 0.2015625 0.28515625 0.196875 0.25859375 0.18515625 0.24375 0.15546875 0.225 0.1359375 0.24921875 0.109375 0.35390625 0.11484375 0.3578125 0.12421875 0.3484375 0.1328125 0.34921875 0.13125 0.37109375 0.1421875 0.38203125 0.1703125 0.45390625 0.178125 0.51796875 0.20625 0.56796875 0.234375 0.64140625
4 0.15 0.68203125 0.16484375 0.6296875 0.17421875 0.63125 0.20703125 0.6640625 0.22421875 0.6671875 0.228125 0.61953125 0.178125 0.51953125 0.16875 0.45703125 0.15 0.40234375 0.12421875 0.3671875 0.10234375 0.3578125 0.0859375 0.37265625 0.0765625 0.40703125 0.06875 0.48984375 0.071875 0.51796875 0.0765625 0.51953125 0.08125 0.48515625 0.09140625 0.471875 0.1046875 0.52109375 0.134375 0.58046875 0.1359375 0.60859375 0.128125 0.63203125 0.1421875 0.62890625 0.1453125 0.67734375
4 0.3703125 0.99609375 0.38359375 0.9828125 0.41328125 0.971875 0.4265625 0.95546875 0.5109375 0.75078125 0.515625 0.69140625 0.509375 0.66328125 0.4984375 0.64609375 0.50625 0.63671875 0.49140625 0.6359375 0.47265625 0.621875 0.45859375 0.625 0.4359375 0.65546875 0.41875 0.73515625 0.3984375 0.76953125 0.38125 0.81953125 0.359375 0.84140625 0.346875 0.87578125 0.33125 0.96640625
4 0.5875 0.90390625 0.65703125 0.8984375 0.69453125 0.8828125 0.7015625 0.87578125 0.7140625 0.81953125 0.66875 0.77578125 0.6625 0.76171875 0.6609375 0.72734375 0.64765625 0.7109375 0.63046875 0.709375 0.615625 0.71640625 0.615625 0.72578125 0.6296875 0.73359375 0.62421875 0.7546875 0.58359375 0.7265625 0.528125 0.71796875 0.5390625 0.62890625 0.546875 0.61796875 0.54140625 0.609375 0.515625 0.66015625 0.5203125 0.67890625 0.515625 0.73671875 0.484375 0.81015625 0.478125 0.83984375 0.50390625 0.875 0.53828125 0.8984375 0.55703125 0.9046875
4 0.865625 0.69609375 0.871875 0.65234375 0.88125 0.63671875 0.8765625 0.60078125 0.878125 0.37109375 0.865625 0.30859375 0.84609375 0.284375 0.8203125 0.31015625 0.8015625 0.36640625 0.79375 0.43203125 0.8015625 0.43203125 0.81171875 0.396875 0.821875 0.49453125 0.81875 0.59140625 0.834375 0.62109375 0.84375 0.67109375
4 0.775 0.37578125 0.7765625 0.34609375 0.7640625 0.32734375 0.765625 0.31796875 0.78203125 0.3125 0.80078125 0.29375 0.80859375 0.3 0.82421875 0.3 0.85078125 0.26875 0.8734375 0.25703125 0.8609375 0.24296875 0.8578125 0.21953125 0.83203125 0.1875 0.75390625 0.1703125 0.73203125 0.1796875 0.7015625 0.21640625 0.6921875 0.25078125 0.6921875 0.29765625 0.71640625 0.3296875 0.7390625 0.34140625 0.74296875 0.35625