1 0.6734375 0.22421875 0.6875 0.20859375 0.65703125 0.1796875 0.6578125 0.21484375 0.66484375 0.225
1 0.7109375 0.29609375 0.7203125 0.24609375 0.71015625 0.221875 0.7015625 0.22890625 0.6984375 0.25390625 0.70625 0.29609375
1 0.734375 0.34921875 0.78046875 0.3234375 0.82421875 0.31875 0.81875 0.28359375 0.78984375 0.28125 0.75390625 0.259375 0.7375 0.28203125 0.721875 0.33671875 0.721875 0.34609375
1 0.453125 0.25546875 0.4703125 0.24296875 0.4734375 0.19921875 0.48203125 0.1953125 0.49140625 0.2140625 0.51015625 0.1828125 0.5515625 0.19140625 0.54296875 0.21875 0.60078125 0.2109375 0.62109375 0.221875 0.63203125 0.2203125 0.628125 0.16328125 0.634375 0.14453125 0.63984375 0.1390625 0.66328125 0.1390625 0.66875 0.13046875 0.63515625 0.1171875 0.51953125 0.1015625 0.47265625 0.0984375 0.44765625 0.10625 0.446875 0.12265625 0.453125 0.12890625 0.4375 0.15703125 0.434375 0.18671875 0.4390625 0.20078125 0.45234375 0.203125 0.4546875 0.21796875 0.4625 0.22109375 0.46015625 0.2328125 0.45546875 0.228125 0.4375 0.23671875 0.4390625 0.25234375
1 0.546875 0.85546875 0.65859375 0.8453125 0.67890625 0.8375 0.6875 0.82734375 0.684375 0.72109375 0.6734375 0.64921875 0.6859375 0.63203125 0.6828125 0.56484375 0.690625 0.47890625 0.68515625 0.4703125 0.66015625 0.4625 0.6328125 0.43671875 0.6296875 0.42890625 0.64140625 0.3984375 0.60546875 0.403125 0.56640625 0.3890625 0.56953125 0.403125 0.61328125 0.4203125 0.6234375 0.43203125 0.62109375 0.4625 0.58359375 0.4609375 0.5625 0.48515625 0.56875 0.54140625 0.5546875 0.63984375 0.55625 0.65390625 0.5765625 0.69140625 0.6140625 0.72109375 0.615625 0.73515625 0.60390625 0.7421875 0.56328125 0.7421875 0.553125 0.75078125 0.534375 0.84765625 0.53828125 0.85625
4 0.4421875 0.40546875 0.46328125 0.3640625 0.49296875 0.371875 0.53515625 0.3625 0.57890625 0.3921875 0.62109375 0.4 0.65546875 0.3890625 0.69375 0.35546875 0.7046875 0.31015625 0.696875 0.25546875 0.7046875 0.21484375 0.69140625 0.2109375 0.68359375 0.2234375 0.659375 0.23515625 0.64453125 0.14375 0.6390625 0.14609375 0.6375 0.16171875 0.63671875 0.234375 0.60078125 0.2140625 0.54140625 0.225 0.5359375 0.21640625 0.546875 0.20546875 0.5484375 0.19296875 0.51015625 0.184375 0.4859375 0.23203125 0.4203125 0.28359375 0.4078125 0.30390625 0.40625 0.32109375 0.4421875 0.35390625 0.4359375 0.39140625 0.4359375 0.40390625
4 0.7125 0.34609375 0.721875 0.33203125 0.728125 0.29453125 0.75390625 0.253125 0.79140625 0.278125 0.81796875 0.275 0.8296875 0.32265625 0.84609375 0.3328125 0.8515625 0.28359375 0.859375 0.26484375 0.859375 0.23203125 0.8515625 0.19453125 0.83046875 0.1671875 0.78359375 0.1390625 0.71953125 0.115625 0.70703125 0.0828125 0.6828125 0.13046875 0.653125 0.14609375 0.653125 0.16328125 0.67890625 0.1953125 0.7125 0.21796875 0.721875 0.24140625 0.70625 0.33671875 0.70625 0.34453125
4 0.6921875 0.55078125 0.7015625 0.53203125 0.7125 0.52890625 0.74921875 0.4765625 0.79921875 0.46875 0.83203125 0.4328125 0.846875 0.44609375 0.8578125 0.47578125 0.853125 0.36484375 0.8421875 0.33671875 0.83203125 0.3265625 0.78515625 0.3234375 0.73828125 0.353125 0.70078125 0.35 0.6484375 0.39921875 0.6359375 0.42109375 0.6375 0.43828125 0.65234375 0.453125 0.68671875 0.465625 0.6984375 0.47890625
4 0.7515625 0.67734375 0.759375 0.67109375 0.75625 0.65546875 0.7609375 0.64453125 0.7890625 0.62421875 0.81171875 0.5890625 0.82421875 0.6046875 0.8359375 0.59453125 0.846875 0.54453125 0.8609375 0.51171875 0.859375 0.48671875 0.8484375 0.45234375 0.83984375 0.4453125 0.81953125 0.45 0.79453125 0.471875 0.75390625 0.484375 0.715625 0.52578125 0.6875 0.57265625 0.6875 0.61796875 0.6953125 0.63671875 0.71640625 0.6671875 0.73046875 0.6546875 0.7359375 0.65859375 0.7359375 0.67578125
4 0.7421875 0.84609375 0.79453125 0.821875 0.821875 0.79140625 0.8515625 0.73984375 0.8671875 0.68984375 0.85546875 0.6125 0.84765625 0.6140625 0.83203125 0.634375 0.81796875 0.6171875 0.80234375 0.6140625 0.796875 0.62734375 0.8078125 0.64453125 0.8078125 0.67265625 0.75703125 0.678125 0.73359375 0.709375 0.7171875 0.68828125 0.715625 0.66796875 0.69765625 0.64375 0.6890625 0.66015625 0.6796875 0.66484375 0.6890625 0.71640625 0.6875 0.80078125 0.6984375 0.82734375 0.690625 0.83984375
4 0.4421875 0.88671875 0.47734375 0.88125 0.4890625 0.85859375 0.4890625 0.82109375 0.475 0.77734375 0.46953125 0.76875 0.44375 0.75703125 0.440625 0.73671875 0.43203125 0.7265625 0.41171875 0.728125 0.38828125 0.74375 0.34765625 0.7171875 0.31796875 0.7140625 0.321875 0.70234375 0.3453125 0.67890625 0.346875 0.66640625 0.33671875 0.665625 0.30234375 0.6921875 0.29140625 0.7078125 0.27890625 0.7125 0.253125 0.74140625 0.2421875 0.78828125 0.2484375 0.82578125 0.2625 0.85078125 0.29765625 0.8765625 0.32578125 0.8828125 0.40078125 0.88125 0.41640625 0.8875
4 0.503125 0.88203125 0.528125 0.86015625 0.5546875 0.74296875 0.56015625 0.7375 0.60546875 0.7390625 0.6140625 0.73203125 0.60234375 0.7140625 0.5796875 0.70078125 0.553125 0.65546875 0.5515625 0.64296875 0.565625 0.54453125 0.5609375 0.48203125 0.58515625 0.4546875 0.61640625 0.4625 0.621875 0.45078125 0.60859375 0.421875 0.56640625 0.4046875 0.5515625 0.37578125 0.53203125 0.3625 0.484375 0.37578125 0.4671875 0.42734375 0.4515625 0.51484375 0.4515625 0.58515625 0.465625 0.66953125 0.4671875 0.73515625 0.48125 0.80546875 0.4953125 0.83203125 0.490625 0.86328125
4 0.2609375 0.72578125 0.2671875 0.71953125 0.2671875 0.69921875 0.28515625 0.6859375 0.3046875 0.68203125 0.3046875 0.66328125 0.2609375 0.58828125 0.2609375 0.52734375 0.2515625 0.52578125 0.24765625 0.5125 0.22578125 0.509375 0.20390625 0.5453125 0.1640625 0.50546875 0.16484375 0.490625 0.13046875 0.4921875 0.1 0.51796875 0.090625 0.53984375 0.0921875 0.58515625 0.1078125 0.62421875 0.13359375 0.65 0.18984375 0.6703125 0.21953125 0.6953125 0.24609375 0.703125 0.253125 0.72421875
4 0.159375 0.81640625 0.18515625 0.78125 0.240625 0.78203125 0.2453125 0.75390625 0.2296875 0.74453125 0.2390625 0.71015625 0.21640625 0.7015625 0.19140625 0.6734375 0.12734375 0.646875 0.09140625 0.6 0.05859375 0.5953125 0.0453125 0.63359375 0.05625 0.77265625 0.0640625 0.77421875 0.0640625 0.73828125 0.07578125 0.715625 0.10703125 0.75625 0.1359375 0.76640625 0.140625 0.78984375 0.134375 0.81015625 0.14453125 0.8171875
4 0.05625 0.50390625 0.075 0.48671875 0.103125 0.41796875 0.1125 0.35234375 0.10859375 0.35 0.096875 0.36328125 0.0984375 0.31171875 0.1109375 0.30078125 0.1234375 0.27421875 0.125 0.25546875 0.1171875 0.23515625 0.14375 0.15859375 0.13984375 0.1484375 0.10859375 0.1421875 0.09765625 0.125 0.090625 0.15859375 0.0609375 0.21484375 0.0359375 0.34140625 0.034375 0.44296875 0.046875 0.49765625