1 0.7546875 0.77265625 0.8171875 0.71796875 0.8078125 0.68359375 0.784375 0.65546875 0.78125 0.63828125 0.78515625 0.6328125 0.80078125 0.634375 0.8265625 0.60859375 0.840625 0.51328125 0.825 0.49921875 0.8234375 0.48046875 0.840625 0.47109375 0.85625 0.43359375 0.8421875 0.19296875 0.83671875 0.1828125 0.77734375 0.15625 0.67265625 0.128125 0.66875 0.13828125 0.6921875 0.15703125 0.6921875 0.17421875 0.675 0.19296875 0.66875 0.23359375 0.659375 0.25078125 0.621875 0.27890625 0.6328125 0.28203125 0.6328125 0.33046875 0.621875 0.34609375 0.621875 0.38203125 0.6265625 0.38203125 0.62890625 0.36875 0.6328125 0.40859375 0.6234375 0.40234375 0.621875 0.41328125 0.6296875 0.41328125 0.63125 0.42421875 0.62421875 0.421875 0.6203125 0.42734375 0.6203125 0.47578125 0.62421875 0.48125 0.6296875 0.47890625 0.634375 0.49140625 0.6296875 0.51484375 0.6234375 0.51328125 0.61875 0.52734375 0.6171875 0.61640625 0.6078125 0.61640625 0.6078125 0.62578125 0.61171875 0.621875 0.61875 0.62890625 0.6171875 0.66328125 0.60859375 0.6609375 0.596875 0.67578125 0.6 0.68515625 0.61171875 0.6921875 0.65234375 0.6953125 0.68671875 0.715625 0.696875 0.70390625 0.7046875 0.67734375 0.7109375 0.60859375 0.72109375 0.603125 0.7296875 0.63359375 0.74375 0.64765625 0.734375 0.72890625 0.740625 0.76796875
4 0.625 0.26484375 0.64765625 0.25625 0.6625 0.24140625 0.66875 0.19140625 0.6875 0.17578125 0.6859375 0.16171875 0.6671875 0.14765625 0.653125 0.11484375 0.49921875 0.04375 0.48203125 0.0390625 0.43515625 0.04375 0.41953125 0.028125 0.40546875 0.034375 0.403125 0.08203125 0.384375 0.10078125 0.378125 0.13046875 0.40078125 0.1375 0.42734375 0.13125 0.43984375 0.1375 0.4609375 0.16953125 0.4625 0.20234375 0.46953125 0.209375 0.49140625 0.1828125 0.50234375 0.18125 0.55546875 0.225 0.59921875 0.225 0.615625 0.23984375 0.615625 0.26015625
4 0.375 0.29140625 0.3859375 0.27578125 0.3796875 0.23203125 0.40078125 0.2390625 0.409375 0.23203125 0.3921875 0.21171875 0.3921875 0.19453125 0.41484375 0.20625 0.4171875 0.19296875 0.384375 0.16640625 0.365625 0.13359375 0.33828125 0.1078125 0.26640625 0.0890625 0.22890625 0.09375 0.203125 0.11796875 0.1859375 0.15546875 0.184375 0.19296875 0.1953125 0.22578125 0.221875 0.24765625 0.22890625 0.2609375 0.26796875 0.2765625 0.2703125 0.26015625 0.24375 0.23828125 0.31328125 0.2140625 0.325 0.22265625 0.328125 0.26015625 0.33828125 0.2671875 0.34609375 0.2578125 0.35390625 0.2578125
4 0.071875 0.32109375 0.08828125 0.309375 0.14140625 0.31875 0.16953125 0.3046875 0.1875 0.28515625 0.196875 0.26015625 0.1984375 0.23203125 0.1875 0.21171875 0.17890625 0.1625 0.15546875 0.1625 0.11484375 0.1953125 0.10078125 0.1953125 0.07890625 0.2125 0.0625 0.20234375 0.05 0.24296875 0.05 0.26796875 0.059375 0.28203125 0.0609375 0.31171875
4 0.221875 0.58046875 0.2234375 0.56171875 0.19375 0.53046875 0.209375 0.50703125 0.2078125 0.48828125 0.221875 0.46640625 0.2234375 0.44765625 0.20234375 0.4453125 0.19375 0.43828125 0.19453125 0.4078125 0.17734375 0.425 0.15390625 0.4109375 0.1234375 0.34609375 0.125 0.32890625 0.10234375 0.3125 0.08515625 0.3125 0.06875 0.33671875 0.065625 0.36953125 0.0703125 0.42734375 0.0890625 0.47734375 0.11328125 0.5078125 0.15234375 0.5390625
4 0.065625 0.72734375 0.08671875 0.7 0.11484375 0.6953125 0.1234375 0.68984375 0.1234375 0.68203125 0.0875 0.64453125 0.08125 0.50078125 0.0890625 0.48046875 0.06875 0.42109375 0.0671875 0.33671875 0.06171875 0.334375 0.046875 0.37265625 0.03125 0.39296875 0.03125 0.41171875 0.0390625 0.41953125 0.03125 0.58359375 0.040625 0.68828125 0.0546875 0.72109375
4 0.1734375 0.84765625 0.19296875 0.8453125 0.2140625 0.82734375 0.2140625 0.73046875 0.1828125 0.66953125 0.15859375 0.6421875 0.15234375 0.6421875 0.15 0.65546875 0.165625 0.67890625 0.16015625 0.690625 0.12578125 0.703125 0.08828125 0.7 0.06484375 0.7296875 0.04609375 0.7296875 0.0390625 0.74140625 0.053125 0.76171875 0.0625 0.79609375 0.08046875 0.815625 0.15390625 0.8453125
4 0.471875 0.87734375 0.4734375 0.86328125 0.4640625 0.83203125 0.496875 0.80859375 0.47890625 0.784375 0.4515625 0.77890625 0.4515625 0.73828125 0.42421875 0.7125 0.40546875 0.7109375 0.38984375 0.7203125 0.37265625 0.721875 0.31953125 0.6984375 0.28828125 0.7 0.3109375 0.67890625 0.315625 0.66171875 0.30703125 0.659375 0.26484375 0.6875 0.2171875 0.73828125 0.2125 0.75859375 0.215625 0.82109375 0.23125 0.84921875 0.24765625 0.8625 0.31171875 0.8703125 0.36484375 0.853125 0.40546875 0.853125 0.43671875 0.8328125 0.446875 0.86015625
4 0.6578125 0.87109375 0.7046875 0.85234375 0.7328125 0.79453125 0.7375 0.77578125 0.7296875 0.71171875 0.7390625 0.65703125 0.73515625 0.6515625 0.7265625 0.66640625 0.725 0.62265625 0.71796875 0.609375 0.7125 0.61640625 0.709375 0.67578125 0.69140625 0.721875 0.65390625 0.7 0.59921875 0.6953125 0.5875 0.65859375 0.5984375 0.61953125 0.5890625 0.60859375 0.5828125 0.58359375 0.57734375 0.5828125 0.5578125 0.68515625 0.54609375 0.6953125 0.52109375 0.6953125 0.48515625 0.709375 0.4546875 0.74453125 0.4546875 0.77265625 0.46640625 0.7796875 0.47890625 0.76875 0.49375 0.79765625 0.52890625 0.821875 0.57421875 0.8359375 0.62421875 0.8703125
4 0.7390625 0.91640625 0.76171875 0.9 0.86953125 0.7859375 0.87890625 0.7859375 0.8796875 0.77734375 0.8875 0.77734375 0.88125 0.76171875 0.884375 0.73671875 0.87890625 0.73125 0.83984375 0.7265625 0.83203125 0.7390625 0.78203125 0.7515625 0.7296875 0.80234375 0.7109375 0.83359375 0.7046875 0.89453125 0.72109375 0.9140625
4 0.84375 0.71953125 0.8625 0.70390625 0.8765625 0.67421875 0.9046875 0.56015625 0.9078125 0.47890625 0.8984375 0.43515625 0.9078125 0.42578125 0.9078125 0.41328125 0.8921875 0.40703125 0.87265625 0.3765625 0.8625 0.38359375 0.865625 0.41796875 0.853125 0.45703125 0.84375 0.47265625 0.825 0.48515625 0.83046875 0.5 0.8484375 0.50546875 0.8375 0.54296875 0.8296875 0.60703125 0.821875 0.62109375 0.79921875 0.6390625 0.784375 0.63828125 0.7875 0.65546875 0.80625 0.67265625 0.8234375 0.71328125 0.82890625 0.7203125