4 0.103125 0.32265625 0.1078125 0.28359375 0.11953125 0.2578125 0.13125 0.29609375 0.128125 0.25078125 0.13359375 0.2453125 0.16171875 0.253125 0.19609375 0.240625 0.2125 0.28515625 0.22890625 0.290625 0.2375 0.28359375 0.2265625 0.24609375 0.2390625 0.22109375 0.26796875 0.2078125 0.3 0.17578125 0.2984375 0.16171875 0.2859375 0.14921875 0.2875 0.13515625 0.2765625 0.12265625 0.28359375 0.1125 0.26328125 0.1171875 0.23828125 0.1109375 0.20703125 0.1171875 0.17109375 0.1140625 0.13984375 0.125 0.1140625 0.14453125 0.1 0.16953125 0.09375 0.20390625 0.0984375 0.31953125
4 0.3359375 0.63359375 0.36015625 0.6140625 0.3765625 0.61171875 0.365625 0.59453125 0.36875 0.53984375 0.3578125 0.44453125 0.3359375 0.38671875 0.2671875 0.26328125 0.26328125 0.2390625 0.259375 0.26171875 0.265625 0.27890625 0.23671875 0.2921875 0.21640625 0.290625 0.1921875 0.31015625 0.190625 0.32421875 0.2046875 0.36015625 0.2328125 0.37890625 0.2671875 0.43046875 0.2859375 0.51328125 0.2890625 0.54921875 0.284375 0.55859375 0.2515625 0.57265625 0.25546875 0.5828125 0.2765625 0.58515625 0.25703125 0.5921875 0.25 0.60859375 0.28515625 0.6265625
4 0.3734375 0.54140625 0.3796875 0.52265625 0.38515625 0.528125 0.390625 0.52421875 0.39375 0.46171875 0.40390625 0.4375 0.42109375 0.44375 0.45078125 0.4671875 0.49140625 0.4703125 0.51015625 0.4640625 0.53515625 0.5015625 0.54921875 0.5 0.56484375 0.4734375 0.62734375 0.4640625 0.6375 0.45703125 0.6359375 0.40859375 0.6234375 0.39921875 0.615625 0.37109375 0.57265625 0.321875 0.52890625 0.3125 0.48515625 0.2859375 0.43984375 0.271875 0.40546875 0.2703125 0.3671875 0.29140625 0.353125 0.33515625 0.3515625 0.37890625 0.3640625 0.42421875 0.3609375 0.45859375
4 0.6453125 0.37890625 0.6640625 0.36640625 0.659375 0.33203125 0.6671875 0.31796875 0.646875 0.28203125 0.6359375 0.27890625 0.609375 0.20546875 0.58984375 0.19375 0.55859375 0.1984375 0.52265625 0.1640625 0.47578125 0.1546875 0.4484375 0.12421875 0.44296875 0.096875 0.434375 0.09765625 0.42890625 0.1125 0.42109375 0.0984375 0.40703125 0.0984375 0.4140625 0.14453125 0.4046875 0.17578125 0.4046875 0.22109375 0.396875 0.22890625 0.4109375 0.24140625 0.4203125 0.26171875 0.42734375 0.26875 0.48203125 0.2828125 0.52578125 0.309375 0.57109375 0.31875 0.61953125 0.36875 0.63515625 0.3796875
4 0.15625 0.81484375 0.18125 0.78984375 0.1953125 0.75078125 0.2140625 0.73046875 0.20859375 0.7203125 0.1765625 0.70078125 0.1703125 0.68359375 0.165625 0.61015625 0.1453125 0.54765625 0.1515625 0.52265625 0.140625 0.48671875 0.146875 0.43671875 0.1375 0.42890625 0.140625 0.39140625 0.13046875 0.3765625 0.1015625 0.42734375 0.084375 0.48359375 0.08125 0.54921875 0.090625 0.64609375 0.115625 0.75234375 0.13125 0.79140625
4 0.0609375 0.62421875 0.059375 0.61171875 0.06484375 0.60625 0.07890625 0.6171875 0.0859375 0.61328125 0.0859375 0.58671875 0.075 0.53359375 0.0640625 0.51640625 0.0765625 0.49921875 0.0765625 0.48359375 0.059375 0.45703125 0.0546875 0.43359375 0.0484375 0.31484375 0.05546875 0.3109375 0.06953125 0.3203125 0.0796875 0.31484375 0.0796875 0.30390625 0.0578125 0.26796875 0.0515625 0.24453125 0.03671875 0.2265625 0.02734375 0.225 0.009375 0.24140625 0 0.27734375 0.0015625 0.47734375 0.0125 0.53828125
4 0.4953125 0.96484375 0.53828125 0.9359375 0.56484375 0.9328125 0.5828125 0.91640625 0.646875 0.79921875 0.68125 0.69765625 0.684375 0.65703125 0.6734375 0.62109375 0.64453125 0.5984375 0.603125 0.60546875 0.6 0.61640625 0.6078125 0.63984375 0.6 0.69140625 0.575 0.73046875 0.559375 0.77734375 0.5296875 0.81015625 0.5078125 0.85859375 0.49140625 0.871875 0.47578125 0.8703125 0.4609375 0.88984375 0.4609375 0.90390625 0.48125 0.93046875 0.4828125 0.96015625
4 0.6578125 0.94765625 0.69921875 0.93125 0.7234375 0.90859375 0.759375 0.81328125 0.7703125 0.74296875 0.76875 0.64765625 0.759375 0.60390625 0.73984375 0.5796875 0.71328125 0.590625 0.6859375 0.62734375 0.6984375 0.68046875 0.6859375 0.79921875 0.6640625 0.82421875 0.659375 0.85234375 0.6265625 0.88203125 0.615625 0.90703125 0.61640625 0.928125 0.63046875 0.928125 0.64296875 0.94375
4 0.8578125 0.76640625 0.88671875 0.7546875 0.8890625 0.74609375 0.8890625 0.72109375 0.8703125 0.67421875 0.85390625 0.6515625 0.8390625 0.64453125 0.8015625 0.57109375 0.78984375 0.559375 0.77265625 0.55625 0.7453125 0.57734375 0.7640625 0.61640625 0.771875 0.68515625 0.7875 0.69609375 0.796875 0.71640625 0.83671875 0.7625
4 0.8625 0.65390625 0.865625 0.61015625 0.8421875 0.54140625 0.8203125 0.44453125 0.7984375 0.39921875 0.75390625 0.3609375 0.7625 0.38203125 0.7484375 0.41484375 0.746875 0.47734375 0.7390625 0.48984375 0.7484375 0.56015625 0.7546875 0.56171875 0.75625 0.52578125 0.76171875 0.521875 0.7734375 0.55234375 0.79296875 0.5609375 0.8046875 0.57421875 0.8375 0.63984375
1 0.8328125 0.32734375 0.8484375 0.32421875 0.85 0.30859375 0.8484375 0.23203125 0.840625 0.18515625 0.76015625 0.15 0.67890625 0.1265625 0.65234375 0.125 0.6484375 0.16171875 0.6515625 0.19453125 0.6578125 0.19765625 0.6515625 0.20234375 0.659375 0.21328125 0.65 0.22890625 0.665625 0.24609375 0.646875 0.25546875 0.65234375 0.2609375 0.6609375 0.25546875 0.66015625 0.271875 0.65546875 0.2625 0.64296875 0.265625 0.63984375 0.2515625 0.6375 0.26640625 0.653125 0.27890625 0.6703125 0.31796875 0.675 0.31484375 0.67578125 0.2875 0.68359375 0.2984375 0.69296875 0.2890625 0.69921875 0.3109375 0.70546875 0.303125 0.71796875 0.309375 0.72265625 0.30625 0.73359375 0.3234375 0.73671875 0.3125 0.7453125 0.31484375 0.74453125 0.321875 0.74921875 0.3140625 0.75859375 0.3140625 0.76015625 0.3203125 0.76484375 0.3140625 0.77578125 0.3203125 0.78828125 0.315625 0.80078125 0.3203125 0.80546875 0.3140625 0.80859375 0.3203125 0.81171875 0.315625 0.81640625 0.321875 0.82890625 0.31875