4 0.525 0.65390625 0.5375 0.64140625 0.54140625 0.6234375 0.56640625 0.6203125 0.58671875 0.6328125 0.60078125 0.63125 0.653125 0.56484375 0.6765625 0.52421875 0.6984375 0.45859375 0.7125 0.36640625 0.709375 0.31328125 0.68984375 0.2765625 0.65859375 0.2796875 0.640625 0.31015625 0.63125 0.34296875 0.6375 0.38671875 0.6078125 0.47109375 0.59609375 0.4859375 0.57109375 0.5 0.54921875 0.5265625 0.52421875 0.53125 0.5 0.55234375 0.515625 0.59765625 0.503125 0.61640625 0.503125 0.64453125
4 0.60625 0.83046875 0.6609375 0.79453125 0.6890625 0.72421875 0.6296875 0.69609375 0.6296875 0.65859375 0.61171875 0.6421875 0.6109375 0.65859375 0.59296875 0.6640625 0.58359375 0.6765625 0.54296875 0.6390625 0.52578125 0.6546875 0.5046875 0.64765625 0.496875 0.53671875 0.5125 0.47734375 0.50703125 0.4671875 0.5015625 0.47109375 0.47890625 0.5234375 0.484375 0.45703125 0.47734375 0.4515625 0.45 0.57109375 0.428125 0.59296875 0.4109375 0.63515625 0.415625 0.67578125 0.44375 0.73671875 0.48671875 0.7921875 0.53046875 0.8171875
4 0.2 0.24765625 0.2015625 0.23671875 0.1921875 0.22109375 0.1953125 0.20546875 0.24296875 0.184375 0.28515625 0.1296875 0.31328125 0.121875 0.33515625 0.1296875 0.3390625 0.12109375 0.328125 0.09609375 0.35546875 0.071875 0.37421875 0.06875 0.3828125 0.06015625 0.390625 0.03671875 0.35546875 0.003125 0.27890625 0.003125 0.1546875 0.11796875 0.1296875 0.17734375 0.15 0.21640625
4 0.0546875 0.53984375 0.06796875 0.5375 0.1109375 0.49609375 0.1140625 0.48515625 0.115625 0.46640625 0.1046875 0.44296875 0.1015625 0.41015625 0.115625 0.35078125 0.11875 0.26015625 0.1484375 0.21953125 0.14609375 0.2140625 0.13125 0.21328125 0.128125 0.16796875 0.1375 0.14921875 0.12734375 0.140625 0.10703125 0.146875 0.078125 0.17578125 0.046875 0.25546875 0.0328125 0.38671875 0.03125 0.46640625 0.04375 0.52578125
4 0.246875 0.95390625 0.26015625 0.94375 0.27890625 0.94375 0.2859375 0.92890625 0.25625 0.86796875 0.2453125 0.85703125 0.2453125 0.81640625 0.23671875 0.803125 0.2265625 0.80078125 0.225 0.79140625 0.221875 0.66796875 0.228125 0.63203125 0.2453125 0.58671875 0.22734375 0.5765625 0.20703125 0.5515625 0.18515625 0.5484375 0.165625 0.57421875 0.15625 0.61796875 0.1609375 0.79296875 0.175 0.86953125 0.1859375 0.89609375 0.23203125 0.9515625
4 0.6875 0.82734375 0.71015625 0.8015625 0.74609375 0.8078125 0.7578125 0.78671875 0.803125 0.75078125 0.846875 0.65703125 0.8609375 0.59140625 0.8609375 0.52109375 0.8515625 0.45390625 0.82734375 0.4140625 0.81796875 0.425 0.79921875 0.425 0.784375 0.43984375 0.775 0.48203125 0.7609375 0.50390625 0.7578125 0.51796875 0.78125 0.52890625 0.775 0.61484375 0.728125 0.65234375 0.728125 0.66015625 0.74375 0.67109375 0.7390625 0.69765625 0.7203125 0.70703125 0.721875 0.72109375 0.671875 0.78828125 0.6734375 0.81640625
4 0.8234375 0.36171875 0.840625 0.33515625 0.846875 0.30859375 0.84375 0.26953125 0.83125 0.24921875 0.80703125 0.23125 0.77109375 0.2390625 0.72734375 0.2296875 0.70390625 0.234375 0.696875 0.20390625 0.68203125 0.1890625 0.68125 0.23671875 0.67578125 0.24375 0.65390625 0.246875 0.6484375 0.26484375 0.66015625 0.2765625 0.6984375 0.27890625 0.7109375 0.31484375 0.7140625 0.35078125 0.74921875 0.35625 0.7625 0.33671875 0.77109375 0.334375 0.81640625 0.3625
4 0.7125 0.84609375 0.75546875 0.8265625 0.80703125 0.8171875 0.84375 0.78359375 0.853125 0.76953125 0.8578125 0.73828125 0.84765625 0.6640625 0.8296875 0.68984375 0.803125 0.74921875 0.759375 0.78359375 0.75078125 0.8046875 0.7046875 0.80546875 0.703125 0.84453125
4 0.8640625 0.63046875 0.8765625 0.61328125 0.8765625 0.53671875 0.871875 0.50859375 0.85546875 0.4734375 0.8625 0.53359375 0.85625 0.62890625
4 0.765625 0.48671875 0.775 0.48203125 0.784375 0.43984375 0.79921875 0.425 0.81640625 0.4265625 0.82421875 0.4140625 0.8453125 0.43671875 0.840625 0.41171875 0.821875 0.37421875 0.78984375 0.34375 0.77109375 0.3359375 0.7640625 0.33671875 0.7515625 0.35859375 0.7484375 0.39140625 0.75 0.47109375 0.7546875 0.48359375
1 0.5265625 0.47578125 0.53046875 0.46875 0.53359375 0.475 0.54375 0.46796875 0.5546875 0.44765625 0.5578125 0.42421875 0.5546875 0.36171875 0.540625 0.35234375 0.5375 0.33828125 0.52734375 0.3296875 0.52265625 0.3375 0.509375 0.33984375 0.50703125 0.3515625 0.49453125 0.34375 0.4890625 0.35703125 0.4796875 0.36171875 0.484375 0.41640625 0.4765625 0.43984375 0.49140625 0.465625 0.50703125 0.4625 0.51640625 0.475
1 0.4296875 0.86328125 0.44765625 0.8578125 0.52890625 0.8578125 0.5328125 0.85546875 0.521875 0.85234375 0.528125 0.84765625 0.5171875 0.83984375 0.5359375 0.82109375 0.49765625 0.803125 0.475 0.78359375 0.43203125 0.715625 0.43125 0.76171875 0.4375 0.76484375 0.4296875 0.76796875 0.4296875 0.77734375 0.42421875 0.778125 0.4265625 0.77109375 0.41640625 0.7671875 0.4125 0.78046875 0.40703125 0.78125 0.403125 0.77734375 0.409375 0.76953125 0.40234375 0.76875 0.39609375 0.7875 0.3875 0.77890625 0.39375 0.77109375 0.38515625 0.76875 0.38125 0.78671875 0.36953125 0.78125 0.36171875 0.7984375 0.3609375 0.76953125 0.35390625 0.76875 0.3515625 0.80859375 0.34375 0.81171875 0.346875 0.80078125 0.34140625 0.79375 0.3328125 0.84453125 0.32578125 0.840625 0.3 0.84765625 0.34609375 0.859375