1 0.7390625 0.33671875 0.77578125 0.2953125 0.79140625 0.2875 0.81015625 0.2890625 0.840625 0.32265625 0.8453125 0.25546875 0.8390625 0.18515625 0.71015625 0.134375 0.59296875 0.1109375 0.55078125 0.1125 0.5515625 0.16953125 0.55625 0.17265625 0.55 0.19296875 0.55625 0.20546875 0.5484375 0.20859375 0.559375 0.21171875 0.55625 0.22578125 0.565625 0.22890625 0.5578125 0.23203125 0.5640625 0.23515625 0.559375 0.23984375 0.56875 0.24296875 0.5703125 0.25234375 0.5625 0.25546875 0.584375 0.25859375 0.5859375 0.26796875 0.571875 0.27109375 0.58515625 0.2734375 0.5875 0.28671875 0.60078125 0.2890625 0.60390625 0.296875 0.61328125 0.2890625 0.61953125 0.296875 0.64765625 0.296875 0.65546875 0.303125 0.66015625 0.296875 0.66796875 0.303125 0.68046875 0.296875 0.68203125 0.303125 0.71953125 0.30625 0.7359375 0.32265625
4 0.4421875 0.33828125 0.4625 0.31171875 0.4625 0.25546875 0.47734375 0.2578125 0.4828125 0.24453125 0.4484375 0.21953125 0.41640625 0.175 0.38359375 0.159375 0.34453125 0.10625 0.32578125 0.1046875 0.29609375 0.084375 0.26953125 0.090625 0.2546875 0.11171875 0.2421875 0.14609375 0.2484375 0.18515625 0.2640625 0.21484375 0.27265625 0.2234375 0.30859375 0.23125 0.34453125 0.2578125 0.36484375 0.265625 0.38515625 0.2921875
4 0.4484375 0.46640625 0.45 0.44765625 0.4625 0.43828125 0.459375 0.41171875 0.4703125 0.40078125 0.459375 0.36328125 0.43671875 0.3484375 0.40859375 0.3125 0.31640625 0.2375 0.27421875 0.225 0.24609375 0.2328125 0.23125 0.24765625 0.2171875 0.28671875 0.221875 0.33203125 0.2328125 0.35546875 0.26640625 0.3875 0.29453125 0.3984375 0.33828125 0.3984375 0.37109375 0.434375 0.41328125 0.4453125 0.43046875 0.465625
4 0.0890625 0.66171875 0.10625 0.60703125 0.140625 0.56171875 0.1515625 0.49765625 0.1734375 0.42421875 0.1765625 0.38203125 0.19375 0.36953125 0.2015625 0.35234375 0.19765625 0.34375 0.178125 0.34296875 0.1828125 0.29765625 0.17734375 0.2890625 0.16875 0.29140625 0.146875 0.32265625 0.1140625 0.39140625 0.1046875 0.45859375 0.084375 0.49609375 0.065625 0.55234375 0.059375 0.59296875 0.0625 0.62734375 0.0765625 0.65703125
4 0.05625 0.59140625 0.078125 0.50703125 0.0953125 0.46796875 0.0890625 0.43046875 0.1078125 0.35234375 0.1078125 0.27890625 0.11484375 0.2703125 0.13828125 0.28125 0.1484375 0.27890625 0.1421875 0.26015625 0.125 0.24140625 0.1546875 0.22109375 0.14609375 0.2125 0.11484375 0.2171875 0.09453125 0.196875 0.08046875 0.2 0.0609375 0.22265625 0.0359375 0.34921875 0.0328125 0.54921875 0.0421875 0.58984375
4 0.14375 0.72265625 0.17890625 0.7125 0.21640625 0.6734375 0.265625 0.64453125 0.2703125 0.59140625 0.2921875 0.52265625 0.28515625 0.5109375 0.25703125 0.521875 0.22890625 0.5140625 0.2296875 0.53359375 0.21171875 0.5453125 0.18359375 0.578125 0.15234375 0.5796875 0.1578125 0.56015625 0.15390625 0.55 0.1078125 0.60546875 0.096875 0.63671875 0.096875 0.68046875 0.12421875 0.7203125
4 0.284375 0.86796875 0.2921875 0.85078125 0.2875 0.83515625 0.2953125 0.81015625 0.3171875 0.78671875 0.31015625 0.7640625 0.25078125 0.7375 0.2375 0.72578125 0.2390625 0.71328125 0.23203125 0.7 0.21640625 0.703125 0.20078125 0.7234375 0.18046875 0.7125 0.13203125 0.725 0.09609375 0.6875 0.0921875 0.68984375 0.0890625 0.76640625 0.09375 0.80078125 0.10546875 0.8234375 0.14921875 0.846875 0.21171875 0.853125 0.22890625 0.8640625 0.24453125 0.8640625 0.26328125 0.85
4 0.4890625 0.84921875 0.4875 0.76171875 0.49921875 0.7296875 0.54296875 0.73125 0.60390625 0.696875 0.634375 0.73515625 0.6390625 0.76171875 0.6515625 0.76796875 0.646875 0.68671875 0.66015625 0.6734375 0.68671875 0.66875 0.703125 0.64453125 0.6859375 0.62109375 0.6890625 0.58984375 0.65390625 0.553125 0.63671875 0.546875 0.52890625 0.54375 0.47265625 0.5765625 0.4453125 0.61015625 0.43125 0.65546875 0.4328125 0.70234375 0.45625 0.75234375 0.453125 0.76640625 0.4671875 0.83984375 0.47265625 0.84375 0.47890625 0.8390625
4 0.715625 0.61015625 0.73828125 0.584375 0.75234375 0.609375 0.7578125 0.60703125 0.75703125 0.5859375 0.76953125 0.603125 0.7734375 0.60078125 0.778125 0.49453125 0.803125 0.45546875 0.815625 0.41640625 0.82109375 0.4140625 0.82421875 0.421875 0.82734375 0.4140625 0.83203125 0.41875 0.8375 0.41484375 0.8359375 0.33671875 0.8234375 0.30390625 0.80703125 0.290625 0.78203125 0.29375 0.75 0.33046875 0.7171875 0.43046875 0.703125 0.45703125 0.6921875 0.52109375 0.66875 0.53671875 0.6859375 0.54921875 0.675 0.56171875 0.675 0.57265625 0.68984375 0.5859375 0.71015625 0.584375 0.7140625 0.60234375 0.709375 0.60859375
4 0.8671875 0.79609375 0.896875 0.74609375 0.89375 0.71328125 0.903125 0.64140625 0.8859375 0.46796875 0.8703125 0.41953125 0.85703125 0.415625 0.83046875 0.428125 0.821875 0.44765625 0.8015625 0.46171875 0.7984375 0.47265625 0.8125 0.48515625 0.8359375 0.52421875 0.846875 0.63671875 0.8296875 0.65234375 0.8296875 0.66015625 0.8515625 0.69921875 0.8609375 0.74609375 0.85625 0.77890625
4 0.7609375 0.83359375 0.80390625 0.8171875 0.82890625 0.815625 0.8546875 0.77578125 0.859375 0.74921875 0.8515625 0.71484375 0.8375 0.70859375 0.83046875 0.6921875 0.81171875 0.6953125 0.80078125 0.7125 0.77421875 0.69375 0.75546875 0.6921875 0.7484375 0.68203125 0.765625 0.66640625 0.765625 0.66015625 0.75703125 0.65625 0.73046875 0.665625 0.7234375 0.69140625 0.703125 0.70703125 0.6875 0.74765625 0.684375 0.77734375 0.6984375 0.81328125 0.71015625 0.825 0.73984375 0.834375