1 0.4859375 0.85703125 0.49609375 0.85625 0.5015625 0.84765625 0.4953125 0.80078125 0.50234375 0.7921875 0.51484375 0.7953125 0.51875 0.78515625 0.5265625 0.70234375 0.54375 0.64921875 0.5515625 0.55546875 0.56953125 0.528125 0.5953125 0.52109375 0.60859375 0.496875 0.6140625 0.50078125 0.61875 0.53671875 0.6328125 0.56328125 0.63984375 0.615625 0.64921875 0.6046875 0.68203125 0.5890625 0.71171875 0.5875 0.71796875 0.5765625 0.74609375 0.615625 0.746875 0.59609375 0.740625 0.59140625 0.7375 0.56796875 0.75859375 0.55625 0.79140625 0.5546875 0.821875 0.57265625 0.821875 0.64609375 0.796875 0.74921875 0.784375 0.76953125 0.7828125 0.80859375 0.78671875 0.8125 0.846875 0.78515625 0.85625 0.65859375 0.8546875 0.39140625 0.8390625 0.19296875 0.83203125 0.18125 0.79609375 0.1640625 0.64140625 0.1171875 0.50078125 0.1015625 0.34765625 0.10625 0.32421875 0.1140625 0.32578125 0.121875 0.3046875 0.12578125 0.3109375 0.13671875 0.3 0.14609375 0.3046875 0.15703125 0.3015625 0.18046875 0.29921875 0.184375 0.296875 0.16171875 0.29140625 0.1578125 0.2875 0.19140625 0.2734375 0.19921875 0.278125 0.20390625 0.2734375 0.23203125 0.29609375 0.2359375 0.2921875 0.24765625 0.3046875 0.25234375 0.3015625 0.26328125 0.30625 0.27109375 0.31875 0.27421875 0.309375 0.27890625 0.321875 0.28359375 0.3203125 0.33984375 0.3046875 0.34609375 0.30234375 0.371875 0.29375 0.34765625 0.28671875 0.390625 0.28125 0.38828125 0.28046875 0.359375 0.271875 0.36171875 0.27109375 0.3890625 0.2640625 0.36640625 0.25625 0.36796875 0.25625 0.40078125 0.2484375 0.40859375 0.2515625 0.41953125 0.24765625 0.421875 0.24453125 0.415625 0.234375 0.42421875 0.234375 0.43671875 0.221875 0.43984375 0.21875 0.47578125 0.22890625 0.4828125 0.24765625 0.471875 0.2890625 0.50078125 0.30859375 0.534375 0.33046875 0.5203125 0.33984375 0.5234375 0.37265625 0.559375 0.390625 0.52265625 0.3859375 0.51484375 0.39921875 0.503125 0.44140625 0.5125 0.4609375 0.52890625 0.4703125 0.55546875 0.475 0.60703125 0.4703125 0.65390625 0.4765625 0.70546875 0.4734375 0.84921875 0.47734375 0.8578125
4 0.0578125 0.33359375 0.06953125 0.309375 0.08984375 0.3109375 0.11328125 0.3015625 0.121875 0.28359375 0.16328125 0.2421875 0.240625 0.23515625 0.2375 0.21953125 0.215625 0.20234375 0.209375 0.14453125 0.19296875 0.1171875 0.18203125 0.1140625 0.16171875 0.121875 0.12421875 0.153125 0.0796875 0.20390625 0.0640625 0.23203125 0.046875 0.24453125 0.04375 0.25859375 0.0546875 0.27578125 0.053125 0.29453125 0.0390625 0.32734375 0.04609375 0.334375
4 0.0953125 0.50703125 0.10625 0.49921875 0.115625 0.47109375 0.12578125 0.4625 0.14765625 0.4578125 0.16953125 0.465625 0.1984375 0.44609375 0.215625 0.38984375 0.240625 0.38046875 0.240625 0.36953125 0.21796875 0.35625 0.20703125 0.340625 0.15859375 0.334375 0.10859375 0.3484375 0.0875 0.36796875 0.05 0.42890625 0.040625 0.49140625 0.04375 0.50390625 0.05234375 0.5078125
4 0.20625 0.90546875 0.2171875 0.88984375 0.2203125 0.86171875 0.225 0.86015625 0.2203125 0.85859375 0.225 0.85390625 0.2234375 0.81484375 0.2171875 0.78671875 0.2 0.76953125 0.19375 0.71015625 0.16875 0.63203125 0.175 0.58984375 0.19375 0.56640625 0.18515625 0.5578125 0.17265625 0.559375 0.14765625 0.5453125 0.13046875 0.5453125 0.11171875 0.553125 0.103125 0.56484375 0.1015625 0.63984375 0.115625 0.72109375 0.1609375 0.86953125 0.18203125 0.903125
4 0.13125 0.88046875 0.13828125 0.8734375 0.14609375 0.8765625 0.14921875 0.865625 0.1546875 0.86953125 0.1546875 0.86015625 0.1484375 0.86015625 0.153125 0.85703125 0.15 0.83203125 0.11875 0.73671875 0.1015625 0.64609375 0.1015625 0.55078125 0.08359375 0.5265625 0.07109375 0.525 0.053125 0.53984375 0.04375 0.57890625 0.0546875 0.68046875 0.0890625 0.82109375 0.11875 0.87578125
4 0.278125 0.93359375 0.29375 0.92265625 0.30625 0.89921875 0.2984375 0.64609375 0.30625 0.55234375 0.290625 0.51015625 0.27890625 0.4984375 0.23984375 0.4796875 0.2234375 0.52734375 0.215625 0.58046875 0.2171875 0.75703125 0.240625 0.90234375 0.25390625 0.9234375
4 0.35 0.94609375 0.365625 0.93828125 0.378125 0.90703125 0.378125 0.59765625 0.3640625 0.55390625 0.34375 0.54140625 0.33828125 0.525 0.32890625 0.525 0.3015625 0.59296875 0.30625 0.88671875 0.3109375 0.91953125 0.3203125 0.93671875 0.33359375 0.946875
4 0.415625 0.95546875 0.43828125 0.953125 0.4484375 0.94453125 0.4671875 0.90078125 0.4734375 0.76640625 0.4671875 0.55234375 0.45234375 0.521875 0.41796875 0.5109375 0.40078125 0.515625 0.39375 0.52421875 0.378125 0.57265625 0.384375 0.73671875 0.378125 0.90546875 0.3875 0.93828125 0.40234375 0.953125
4 0.553125 0.93984375 0.5703125 0.93203125 0.584375 0.90234375 0.609375 0.73359375 0.6328125 0.62890625 0.6328125 0.57421875 0.615625 0.52578125 0.6078125 0.52109375 0.60859375 0.503125 0.59296875 0.528125 0.57578125 0.5265625 0.5625 0.53828125 0.5515625 0.56328125 0.546875 0.64453125 0.528125 0.70703125 0.521875 0.78984375 0.50625 0.82421875 0.50625 0.87109375 0.515625 0.91328125 0.53515625 0.9359375
4 0.6171875 0.93984375 0.63671875 0.9375 0.65625 0.91640625 0.6953125 0.83359375 0.71875 0.75234375 0.7328125 0.68671875 0.7359375 0.61015625 0.73046875 0.6 0.72265625 0.5953125 0.71171875 0.5984375 0.70078125 0.5890625 0.68046875 0.5921875 0.646875 0.61640625 0.6609375 0.65234375 0.659375 0.68359375 0.621875 0.80234375 0.60390625 0.8078125 0.596875 0.82421875 0.5859375 0.89921875 0.590625 0.92109375 0.596875 0.92265625 0.5953125 0.93515625 0.60390625 0.9296875 0.60234375 0.9390625
4 0.671875 0.94140625 0.69921875 0.915625 0.71484375 0.9109375 0.7375 0.88515625 0.796875 0.72578125 0.8171875 0.65390625 0.8203125 0.57578125 0.80546875 0.575 0.78671875 0.55625 0.75703125 0.5609375 0.74375 0.56953125 0.7546875 0.60078125 0.7515625 0.65234375 0.746875 0.67578125 0.7265625 0.71640625 0.696875 0.83046875 0.659375 0.91796875 0.6578125 0.93359375 0.671875 0.94140625