4 0.7546875 0.46640625 0.771875 0.44609375 0.784375 0.40859375 0.8125 0.23046875 0.8125 0.19296875 0.8046875 0.16796875 0.77265625 0.11875 0.759375 0.13359375 0.765625 0.14921875 0.746875 0.17265625 0.7296875 0.21171875 0.7296875 0.22265625 0.7375 0.23046875 0.7265625 0.26484375 0.71875 0.32421875 0.6828125 0.43203125 0.68515625 0.4453125 0.70546875 0.4390625 0.71953125 0.4546875
4 0.7625 0.63515625 0.7921875 0.61484375 0.815625 0.56328125 0.8328125 0.41953125 0.846875 0.36484375 0.8375 0.30390625 0.840625 0.26328125 0.83125 0.25703125 0.81640625 0.228125 0.8078125 0.24921875 0.8046875 0.29453125 0.7796875 0.42734375 0.7609375 0.46328125 0.7625 0.47734375 0.746875 0.49296875 0.7484375 0.58203125 0.759375 0.61171875 0.75 0.62890625
4 0.8125 0.75234375 0.8390625 0.73359375 0.8546875 0.67734375 0.8609375 0.55078125 0.8703125 0.50234375 0.8703125 0.45546875 0.8625 0.41171875 0.8765625 0.40234375 0.88125 0.37265625 0.87421875 0.365625 0.86015625 0.3703125 0.85234375 0.359375 0.834375 0.41015625 0.8203125 0.54453125 0.7921875 0.61953125 0.784375 0.66015625 0.7875 0.72265625 0.7953125 0.73984375
4 0.2171875 0.21953125 0.25546875 0.184375 0.28984375 0.1765625 0.31796875 0.178125 0.36015625 0.203125 0.40390625 0.2109375 0.40078125 0.190625 0.42421875 0.184375 0.45625 0.16171875 0.4578125 0.14921875 0.4453125 0.13046875 0.453125 0.10703125 0.41953125 0.08125 0.38203125 0.0734375 0.30703125 0.075 0.23515625 0.090625 0.209375 0.11484375 0.1953125 0.16171875 0.19375 0.20234375 0.20390625 0.215625
4 0.3625 0.42578125 0.37578125 0.4125 0.39765625 0.415625 0.409375 0.40546875 0.4109375 0.37265625 0.4046875 0.35703125 0.40859375 0.3484375 0.44140625 0.3484375 0.4828125 0.32890625 0.4890625 0.31015625 0.471875 0.29140625 0.4828125 0.26953125 0.47265625 0.2546875 0.45859375 0.2515625 0.45546875 0.2421875 0.41328125 0.2171875 0.35390625 0.2015625 0.32265625 0.18125 0.28515625 0.178125 0.25859375 0.184375 0.228125 0.21015625 0.2171875 0.23671875 0.215625 0.29765625 0.23125 0.34296875 0.26328125 0.396875 0.2640625 0.37265625 0.2515625 0.35078125 0.25703125 0.34375 0.27421875 0.346875 0.29453125 0.365625 0.35703125 0.353125 0.3703125 0.37421875 0.3578125 0.41640625
4 0.28125 0.55703125 0.2875 0.55078125 0.2875 0.53046875 0.278125 0.48359375 0.296875 0.48671875 0.2734375 0.44609375 0.259375 0.39453125 0.21875 0.31328125 0.2140625 0.25234375 0.190625 0.20078125 0.1890625 0.18515625 0.18515625 0.1796875 0.16015625 0.1828125 0.15 0.18984375 0.121875 0.24453125 0.1125 0.27890625 0.12265625 0.28125 0.13671875 0.2734375 0.146875 0.28203125 0.1515625 0.34453125 0.1828125 0.42578125 0.1859375 0.46171875 0.1953125 0.48828125 0.25546875 0.5421875
4 0.2359375 0.68984375 0.24375 0.63515625 0.2328125 0.61328125 0.2484375 0.60078125 0.225 0.57421875 0.2109375 0.51640625 0.1890625 0.47421875 0.1828125 0.42734375 0.1609375 0.37734375 0.14375 0.30546875 0.13203125 0.3 0.1125 0.32265625 0.090625 0.38359375 0.096875 0.38671875 0.1 0.44140625 0.1140625 0.44453125 0.1234375 0.50390625 0.146875 0.56015625 0.15625 0.66953125 0.1625 0.67265625 0.17734375 0.628125 0.20625 0.66953125 0.22734375 0.6890625
4 0.084375 0.61796875 0.0984375 0.60546875 0.121875 0.55234375 0.1 0.51484375 0.0890625 0.41015625 0.078125 0.38203125 0.090625 0.35234375 0.0609375 0.30703125 0.0640625 0.28359375 0.05546875 0.2765625 0.0296875 0.32734375 0.0203125 0.39296875 0.0453125 0.56796875 0.0609375 0.60546875 0.07109375 0.615625
4 0.2203125 0.86015625 0.23515625 0.8453125 0.24921875 0.8546875 0.271875 0.85546875 0.2578125 0.84453125 0.25625 0.83359375 0.2640625 0.81640625 0.2875 0.80078125 0.284375 0.78359375 0.24140625 0.74375 0.225 0.73828125 0.228125 0.71953125 0.22109375 0.7109375 0.19921875 0.709375 0.18046875 0.7296875 0.14921875 0.6953125 0.1296875 0.68671875 0.1453125 0.65078125 0.12734375 0.653125 0.0890625 0.68984375 0.0765625 0.71015625 0.075 0.75546875 0.0859375 0.78828125 0.1015625 0.81328125 0.12265625 0.83125 0.15078125 0.8421875 0.18203125 0.8453125 0.20390625 0.8609375
4 0.071875 0.77109375 0.0765625 0.70234375 0.1 0.66796875 0.0796875 0.64140625 0.075 0.61796875 0.053125 0.59140625 0.03515625 0.5171875 0.03125 0.59765625 0.0390625 0.67890625 0.03125 0.72265625 0.0546875 0.76171875 0.06328125 0.7703125 0.06796875 0.7640625
1 0.4765625 0.86171875 0.61796875 0.85 0.69453125 0.834375 0.78984375 0.8078125 0.83515625 0.790625 0.8484375 0.77890625 0.84765625 0.7453125 0.83984375 0.7421875 0.81328125 0.759375 0.8 0.75390625 0.7828125 0.71328125 0.784375 0.63828125 0.75390625 0.6375 0.7390625 0.61640625 0.74921875 0.615625 0.753125 0.60859375 0.7453125 0.58046875 0.746875 0.51328125 0.7375 0.46796875 0.70859375 0.45 0.68671875 0.4515625 0.678125 0.44453125 0.696875 0.37109375 0.7171875 0.32109375 0.7265625 0.25859375 0.7203125 0.22734375 0.7546875 0.15703125 0.74453125 0.146875 0.62421875 0.115625 0.55390625 0.1046875 0.46328125 0.1 0.453125 0.12109375 0.459375 0.14453125 0.45625 0.16796875 0.40859375 0.1953125 0.4078125 0.20703125 0.44453125 0.2359375 0.4796875 0.23671875 0.4859375 0.26953125 0.48125 0.28984375 0.490625 0.30859375 0.4828125 0.33359375 0.44765625 0.35 0.41328125 0.353125 0.4109375 0.40859375 0.39453125 0.41875 0.37578125 0.4171875 0.36171875 0.4296875 0.35625 0.41328125 0.3640625 0.37421875 0.35546875 0.3625 0.29921875 0.371875 0.290625 0.375 0.2875 0.3770833333333333 0.3052083333333333 0.42708333333333337 0.2958333333333333 0.4395833333333334 0.290625 0.4625 0.303125 0.48515625 0.2875 0.50078125 0.290625 0.54921875 0.28359375 0.5609375 0.27421875 0.5609375 0.23046875 0.5234375 0.2203125 0.52265625 0.2296875 0.57421875 0.2578125 0.59609375 0.24375 0.62109375 0.24375 0.68359375 0.23359375 0.6984375 0.22734375 0.696875 0.17734375 0.6453125 0.16875 0.66640625 0.165625 0.70546875 0.17734375 0.7203125 0.19921875 0.70625 0.22578125 0.709375 0.2328125 0.73359375 0.284375 0.77890625 0.2890625 0.80234375 0.2703125 0.81640625 0.2625 0.83359375 0.26953125 0.8484375 0.38046875 0.8609375