4 0.159375 0.36484375 0.18359375 0.3375 0.209375 0.32265625 0.23984375 0.265625 0.25546875 0.2625 0.28515625 0.24375 0.2671875 0.28046875 0.2671875 0.29453125 0.27265625 0.2953125 0.309375 0.25078125 0.3421875 0.16953125 0.3453125 0.11484375 0.32421875 0.0875 0.30078125 0.0859375 0.25859375 0.10625 0.171875 0.22265625 0.1609375 0.27109375 0.1453125 0.29609375 0.1484375 0.35234375
4 0.040625 0.48359375 0.0640625 0.41328125 0.096875 0.38203125 0.10625 0.36171875 0.10625 0.27890625 0.11171875 0.2734375 0.12734375 0.2890625 0.1390625 0.28671875 0.11875 0.24609375 0.1484375 0.22421875 0.1515625 0.21484375 0.14609375 0.209375 0.10859375 0.21875 0.1 0.20390625 0.08828125 0.1984375 0.07265625 0.20625 0.059375 0.22265625 0.0359375 0.35234375 0.034375 0.44140625
4 0.04375 0.70546875 0.0765625 0.66328125 0.0671875 0.64296875 0.0859375 0.59921875 0.096875 0.53046875 0.1140625 0.51328125 0.1203125 0.49609375 0.1140625 0.46796875 0.1265625 0.44609375 0.1453125 0.36796875 0.14296875 0.3609375 0.13515625 0.3609375 0.12265625 0.3703125 0.11953125 0.3515625 0.109375 0.35546875 0.0984375 0.38046875 0.071875 0.40234375 0.0609375 0.41953125 0.0171875 0.58046875 0.009375 0.62109375 0.0140625 0.69296875 0.03515625 0.70625
4 0.134375 0.71796875 0.18203125 0.70625 0.2875 0.61640625 0.2875 0.60078125 0.278125 0.59765625 0.2703125 0.58203125 0.2828125 0.54609375 0.27734375 0.5265625 0.26640625 0.525 0.25390625 0.534375 0.23671875 0.50625 0.2296875 0.53671875 0.2046875 0.55703125 0.19296875 0.575 0.14921875 0.5765625 0.14609375 0.5578125 0.121875 0.56328125 0.096875 0.60703125 0.0921875 0.66171875 0.1078125 0.69765625 0.12421875 0.7171875
4 0.2453125 0.86328125 0.26640625 0.8484375 0.2984375 0.85234375 0.2890625 0.83828125 0.3046875 0.83046875 0.296875 0.81015625 0.31875 0.78828125 0.3125 0.76796875 0.25390625 0.740625 0.2390625 0.72578125 0.23359375 0.7015625 0.21796875 0.7046875 0.20078125 0.725 0.17421875 0.7125 0.12578125 0.71875 0.109375 0.70390625 0.0921875 0.66640625 0.08671875 0.665625 0.0828125 0.71015625 0.0921875 0.80078125 0.1 0.81953125 0.11953125 0.8359375 0.15078125 0.8484375 0.20546875 0.8515625 0.22890625 0.8640625
4 0.6609375 0.84609375 0.665625 0.81953125 0.659375 0.76640625 0.61953125 0.696875 0.60078125 0.6890625 0.57734375 0.6921875 0.54453125 0.6703125 0.48984375 0.6546875 0.47265625 0.64375 0.45703125 0.6453125 0.44375 0.65546875 0.4203125 0.69453125 0.4125 0.73671875 0.41875 0.78359375 0.44296875 0.815625 0.46796875 0.8265625 0.55703125 0.8171875 0.56796875 0.8296875 0.58828125 0.8390625 0.62578125 0.825 0.64765625 0.84375
4 0.7046875 0.93359375 0.7109375 0.93046875 0.7046875 0.92578125 0.7140625 0.91953125 0.7078125 0.91484375 0.72109375 0.9140625 0.73125 0.89921875 0.7390625 0.83984375 0.7328125 0.81171875 0.725 0.58984375 0.7125 0.55546875 0.69140625 0.540625 0.6640625 0.55390625 0.6421875 0.61328125 0.6640625 0.67421875 0.6609375 0.75703125 0.66875 0.81953125 0.6609375 0.87421875 0.69375 0.93203125
4 0.83125 0.88046875 0.8359375 0.87578125 0.8359375 0.79609375 0.7921875 0.67734375 0.784375 0.63984375 0.7671875 0.60703125 0.7390625 0.58515625 0.725 0.52578125 0.71640625 0.515625 0.7125 0.53359375 0.7265625 0.60234375 0.73125 0.72265625 0.75625 0.78359375 0.7765625 0.81640625 0.778125 0.83984375 0.7875 0.86171875 0.80390625 0.878125 0.81953125 0.875
4 0.859375 0.79765625 0.8796875 0.76640625 0.878125 0.73359375 0.8515625 0.67265625 0.8234375 0.55859375 0.81328125 0.54375 0.79765625 0.5359375 0.7640625 0.56953125 0.7625 0.59921875 0.7859375 0.64140625 0.834375 0.78671875 0.84453125 0.7984375
4 0.8671875 0.69140625 0.871875 0.63359375 0.859375 0.43359375 0.8484375 0.39765625 0.81953125 0.3734375 0.7953125 0.41640625 0.7984375 0.53203125 0.8203125 0.55078125 0.8515625 0.67109375
1 0.8390625 0.36015625 0.8484375 0.34609375 0.8484375 0.27578125 0.83671875 0.1828125 0.76640625 0.1515625 0.71015625 0.134375 0.62578125 0.115625 0.57734375 0.109375 0.5578125 0.11328125 0.5625 0.11953125 0.5546875 0.12890625 0.55625 0.16171875 0.5671875 0.16640625 0.56015625 0.1671875 0.55625 0.17734375 0.5671875 0.18203125 0.56015625 0.1828125 0.5640625 0.18984375 0.55625 0.19296875 0.56171875 0.20625 0.56484375 0.1953125 0.56953125 0.209375 0.5828125 0.21171875 0.5734375 0.22421875 0.5890625 0.22890625 0.5734375 0.23984375 0.5890625 0.24453125 0.5828125 0.25546875 0.590625 0.26015625 0.5890625 0.27109375 0.5984375 0.27578125 0.5921875 0.27734375 0.590625 0.28828125 0.5984375 0.28984375 0.59921875 0.31875 0.61484375 0.3203125 0.62421875 0.3296875 0.62734375 0.3203125 0.65703125 0.3171875 0.66015625 0.30625 0.6609375 0.31796875 0.66953125 0.3265625 0.67578125 0.321875 0.68671875 0.3265625 0.69296875 0.3203125 0.70234375 0.325 0.70546875 0.3203125 0.71484375 0.325 0.72109375 0.3203125 0.73046875 0.325 0.74296875 0.321875 0.75390625 0.328125 0.76640625 0.3265625 0.76953125 0.3359375 0.79609375 0.334375 0.80078125 0.3453125