4 0.33125 0.37265625 0.334375 0.25859375 0.35 0.20859375 0.3484375 0.15703125 0.35625 0.14921875 0.3546875 0.13046875 0.34921875 0.1265625 0.33828125 0.13125 0.31640625 0.109375 0.26953125 0.0890625 0.21328125 0.096875 0.15546875 0.128125 0.15390625 0.09375 0.1453125 0.11171875 0.14375 0.13984375 0.128125 0.19765625 0.14140625 0.2171875 0.1546875 0.21796875 0.16875 0.27109375 0.18125 0.28203125 0.1828125 0.26796875 0.1734375 0.24765625 0.17734375 0.23125 0.22890625 0.2390625 0.26015625 0.2515625 0.29453125 0.246875 0.3109375 0.28359375 0.3203125 0.35703125
4 0.31875 0.49140625 0.3203125 0.47421875 0.3109375 0.43515625 0.31875 0.34609375 0.309375 0.29140625 0.28359375 0.265625 0.25390625 0.2484375 0.22578125 0.2390625 0.18828125 0.2359375 0.175 0.23828125 0.184375 0.26484375 0.18046875 0.2875 0.1609375 0.26015625 0.1546875 0.22734375 0.14921875 0.221875 0.13828125 0.225 0.1234375 0.26171875 0.1390625 0.31953125 0.134375 0.35703125 0.1234375 0.38046875 0.12578125 0.3875 0.1359375 0.38984375 0.134375 0.41640625 0.1390625 0.41640625 0.16484375 0.359375 0.18046875 0.3640625 0.21484375 0.39375 0.26015625 0.39375 0.2921875 0.44140625 0.3125 0.48984375
4 0.165625 0.80703125 0.153125 0.74609375 0.1578125 0.74921875 0.159375 0.68671875 0.16875 0.66640625 0.1875 0.56796875 0.1890625 0.52734375 0.2140625 0.50078125 0.2421875 0.45703125 0.20078125 0.4359375 0.190625 0.41640625 0.17421875 0.403125 0.15078125 0.4109375 0.13125 0.44609375 0.1078125 0.55078125 0.096875 0.65703125 0.084375 0.71328125 0.084375 0.73515625 0.0984375 0.78984375 0.11171875 0.7921875 0.13046875 0.7703125
4 0.084375 0.56953125 0.09921875 0.5671875 0.109375 0.54453125 0.103125 0.47421875 0.1125 0.39296875 0.1046875 0.29296875 0.13125 0.23203125 0.12578125 0.2234375 0.109375 0.23671875 0.1265625 0.19140625 0.12734375 0.171875 0.10078125 0.2015625 0.0890625 0.17734375 0.07578125 0.1703125 0.05625 0.20859375 0.0421875 0.38046875 0.04375 0.50078125 0.0484375 0.53359375 0.059375 0.55546875 0.06953125 0.56875
4 0.1796875 0.80859375 0.22109375 0.7546875 0.28515625 0.728125 0.290625 0.72109375 0.28515625 0.7109375 0.26484375 0.7109375 0.246875 0.69609375 0.2765625 0.63828125 0.290625 0.57578125 0.31171875 0.5765625 0.33828125 0.6140625 0.3609375 0.60390625 0.3203125 0.52421875 0.2984375 0.45859375 0.27109375 0.4375 0.240625 0.46015625 0.209375 0.50859375 0.1828125 0.58515625 0.1625 0.70703125 0.1609375 0.75703125
4 0.3671875 0.88671875 0.4015625 0.86328125 0.4140625 0.82734375 0.4375 0.80859375 0.43359375 0.803125 0.4125 0.80703125 0.4015625 0.75703125 0.3921875 0.73515625 0.38046875 0.728125 0.34609375 0.740625 0.30546875 0.7375 0.28359375 0.7484375 0.27265625 0.746875 0.26328125 0.7359375 0.25390625 0.7390625 0.221875 0.75859375 0.190625 0.80078125 0.1796875 0.82578125 0.1796875 0.84140625 0.196875 0.84765625 0.190625 0.86015625 0.19609375 0.865625 0.20078125 0.8578125 0.20546875 0.8640625 0.21640625 0.85625 0.23359375 0.86875 0.27265625 0.86875 0.30390625 0.88125
4 0.7546875 0.81171875 0.7609375 0.79140625 0.78671875 0.7796875 0.80703125 0.7546875 0.83203125 0.7546875 0.87421875 0.765625 0.8875 0.75859375 0.884375 0.70703125 0.8890625 0.69296875 0.85390625 0.6609375 0.82734375 0.65625 0.80859375 0.6453125 0.78359375 0.6453125 0.76328125 0.6515625 0.7609375 0.67109375 0.75078125 0.678125 0.72421875 0.6609375 0.7109375 0.66328125 0.709375 0.67734375 0.715625 0.68203125 0.7109375 0.69140625 0.7125 0.72734375 0.725 0.78046875 0.7234375 0.79609375
4 0.75625 0.67421875 0.76171875 0.6515625 0.77578125 0.6453125 0.81484375 0.64375 0.82890625 0.6359375 0.8484375 0.61328125 0.8703125 0.57109375 0.878125 0.51484375 0.86640625 0.4359375 0.83828125 0.4765625 0.82109375 0.4875 0.79921875 0.490625 0.78515625 0.5125 0.7765625 0.50859375 0.77421875 0.4953125 0.75390625 0.5 0.75 0.53515625 0.6875 0.61171875 0.68671875 0.6359375 0.71015625 0.64375 0.74453125 0.675
4 0.7234375 0.52734375 0.73828125 0.5015625 0.78515625 0.4859375 0.81484375 0.4875 0.83359375 0.478125 0.859375 0.44140625 0.86875 0.40078125 0.8640625 0.35390625 0.84765625 0.3328125 0.8296875 0.33046875 0.8390625 0.34140625 0.83515625 0.3515625 0.828125 0.34921875 0.828125 0.33828125 0.81484375 0.33125 0.79765625 0.334375 0.77421875 0.35 0.75 0.31953125 0.74609375 0.290625 0.7296875 0.29921875 0.7375 0.38203125 0.7140625 0.40859375 0.6859375 0.45546875 0.6875 0.47578125 0.7125 0.48515625 0.7125 0.50859375
4 0.684375 0.29140625 0.71171875 0.2890625 0.75703125 0.2625 0.77421875 0.2734375 0.79140625 0.271875 0.80546875 0.2625 0.81953125 0.2765625 0.83203125 0.275 0.834375 0.26015625 0.825 0.23046875 0.825 0.21953125 0.834375 0.20703125 0.8296875 0.18828125 0.81484375 0.1765625 0.80546875 0.1921875 0.7921875 0.17109375 0.77109375 0.15625 0.74921875 0.165625 0.71171875 0.15 0.68515625 0.1515625 0.68203125 0.128125 0.65859375 0.140625 0.646875 0.15546875 0.6359375 0.18671875 0.6328125 0.24453125 0.625 0.25546875 0.65546875 0.2875
1 0.5390625 0.85703125 0.66484375 0.840625 0.72421875 0.8265625 0.7328125 0.81953125 0.7203125 0.79453125 0.7109375 0.70234375 0.7046875 0.68671875 0.7109375 0.65234375 0.68515625 0.6390625 0.67890625 0.6265625 0.66015625 0.6296875 0.64765625 0.6421875 0.63515625 0.640625 0.62890625 0.6484375 0.62421875 0.6421875 0.60078125 0.6484375 0.58984375 0.64375 0.58203125 0.65 0.57421875 0.6421875 0.565625 0.65078125 0.5703125 0.66484375 0.56640625 0.6671875 0.55859375 0.6578125 0.553125 0.67265625 0.540625 0.67578125 0.5390625 0.72734375 0.53359375 0.7296875 0.5296875 0.72265625 0.5203125 0.74765625 0.51875 0.76796875 0.5234375 0.77265625 0.5171875 0.77734375 0.5140625 0.81953125 0.515625 0.85546875