1 0.44375 0.25703125 0.471875 0.23359375 0.48125 0.19609375 0.4875 0.19296875 0.4828125 0.18203125 0.490625 0.17265625 0.4828125 0.11484375 0.4953125 0.10703125 0.43203125 0.1 0.35078125 0.10625 0.35625 0.11796875 0.3515625 0.19296875 0.3625 0.20546875 0.353125 0.20859375 0.36484375 0.2109375 0.3671875 0.22578125 0.37734375 0.228125 0.38515625 0.240625 0.39609375 0.2328125 0.40078125 0.240625 0.40390625 0.2359375 0.41484375 0.2421875 0.42109375 0.2390625 0.43828125 0.2578125
1 0.68125 0.83671875 0.76640625 0.8140625 0.771875 0.80546875 0.7703125 0.78515625 0.790625 0.76484375 0.7984375 0.73828125 0.76171875 0.7203125 0.74296875 0.7 0.73046875 0.7046875 0.721875 0.71484375 0.7109375 0.76484375 0.69375 0.77734375 0.68125 0.80859375 0.6578125 0.83359375
1 0.425 0.77734375 0.45859375 0.7640625 0.48828125 0.74375 0.52578125 0.734375 0.57890625 0.6984375 0.62890625 0.6953125 0.6359375 0.66953125 0.6171875 0.63671875 0.6171875 0.62109375 0.62421875 0.6125 0.6625 0.65390625 0.66875 0.68046875 0.6859375 0.70703125 0.69375 0.70859375 0.709375 0.66015625 0.70625 0.58828125 0.7203125 0.55859375 0.703125 0.52734375 0.71484375 0.521875 0.73046875 0.5328125 0.7375 0.53046875 0.7359375 0.48359375 0.70390625 0.4390625 0.696875 0.43984375 0.69453125 0.4515625 0.66171875 0.4546875 0.65546875 0.4375 0.64765625 0.446875 0.63671875 0.4359375 0.63203125 0.4484375 0.61484375 0.4515625 0.61171875 0.4453125 0.5953125 0.44453125 0.596875 0.43203125 0.58828125 0.4234375 0.58515625 0.45 0.584375 0.43203125 0.57265625 0.4296875 0.56953125 0.434375 0.56171875 0.4203125 0.55390625 0.43125 0.54765625 0.4234375 0.525 0.42421875 0.5234375 0.46640625 0.51015625 0.446875 0.5078125 0.46484375 0.50234375 0.4625 0.49921875 0.4703125 0.49375 0.46953125 0.49375 0.54453125 0.5 0.54140625 0.4921875 0.55078125 0.49375 0.60859375 0.4640625 0.64453125 0.4609375 0.70234375 0.446875 0.70546875 0.4453125 0.71796875 0.421875 0.75234375 0.4203125 0.77265625
4 0.7234375 0.31953125 0.765625 0.21171875 0.765625 0.16484375 0.7546875 0.13671875 0.73515625 0.11875 0.69765625 0.103125 0.56796875 0.1 0.54453125 0.0875 0.54375 0.09765625 0.5546875 0.11640625 0.525 0.14609375 0.5265625 0.16640625 0.54609375 0.1859375 0.6015625 0.21640625 0.5953125 0.31796875 0.6015625 0.31640625 0.6078125 0.28046875 0.61796875 0.2625 0.6265625 0.31796875 0.6328125 0.31953125 0.6328125 0.26171875 0.64140625 0.2296875 0.67109375 0.253125 0.69140625 0.2609375 0.7265625 0.25234375 0.7265625 0.27890625 0.7171875 0.30703125 0.7171875 0.31796875
4 0.75625 0.53671875 0.7625 0.53046875 0.7578125 0.49296875 0.771875 0.41640625 0.796875 0.38203125 0.809375 0.31796875 0.8265625 0.28359375 0.834375 0.19453125 0.81484375 0.1625 0.79296875 0.165625 0.7796875 0.17890625 0.7703125 0.22578125 0.7328125 0.28671875 0.709375 0.36953125 0.7125 0.43515625 0.7421875 0.48203125 0.7453125 0.53359375
4 0.840625 0.60546875 0.8546875 0.58515625 0.8609375 0.55546875 0.8671875 0.41953125 0.859375 0.28984375 0.83203125 0.2328125 0.8265625 0.24609375 0.8265625 0.28359375 0.8109375 0.31796875 0.796875 0.38359375 0.809375 0.38828125 0.803125 0.45859375 0.80625 0.51953125 0.80078125 0.5265625 0.76953125 0.5203125 0.7671875 0.53203125 0.80078125 0.55625 0.83125 0.60234375
4 0.79375 0.80078125 0.803125 0.78203125 0.82421875 0.7609375 0.84453125 0.7765625 0.8578125 0.77265625 0.86875 0.71796875 0.8546875 0.65390625 0.80546875 0.5625 0.76953125 0.540625 0.73046875 0.546875 0.7234375 0.53203125 0.71171875 0.525 0.725 0.56015625 0.7078125 0.59609375 0.7125 0.66796875 0.69375 0.72265625 0.7 0.76484375 0.70234375 0.76875 0.709375 0.75859375 0.721875 0.70859375 0.74296875 0.6921875 0.77109375 0.7234375 0.803125 0.73046875 0.803125 0.74453125 0.790625 0.77109375 0.7765625 0.77890625 0.771875 0.79140625 0.77265625 0.7984375
4 0.4671875 0.91484375 0.49296875 0.8875 0.4984375 0.88828125 0.50625 0.91015625 0.51640625 0.9140625 0.5265625 0.89453125 0.5265625 0.87890625 0.51875 0.86796875 0.56484375 0.8390625 0.63515625 0.8359375 0.66328125 0.8234375 0.678125 0.80703125 0.6953125 0.76484375 0.690625 0.72109375 0.6640625 0.67578125 0.659375 0.65234375 0.62578125 0.6171875 0.61875 0.62265625 0.61875 0.63515625 0.6390625 0.66796875 0.63359375 0.696875 0.57890625 0.7 0.52578125 0.7375 0.49296875 0.74375 0.4265625 0.78359375 0.43359375 0.7953125 0.478125 0.78515625 0.475 0.81171875 0.459375 0.82421875 0.45 0.85390625 0.45 0.86484375 0.4625 0.86953125 0.4609375 0.91015625
4 0.425 0.90859375 0.4421875 0.89921875 0.428125 0.87265625 0.43125 0.85234375 0.45 0.84296875 0.4546875 0.82734375 0.396875 0.76015625 0.3953125 0.73515625 0.38671875 0.728125 0.36484375 0.728125 0.34140625 0.7484375 0.30859375 0.7234375 0.275 0.71328125 0.271875 0.69140625 0.2890625 0.67421875 0.29140625 0.6578125 0.25546875 0.675 0.2015625 0.74921875 0.1953125 0.79453125 0.2203125 0.83671875 0.24765625 0.8609375 0.27109375 0.871875 0.34140625 0.8734375 0.37109375 0.8875 0.38984375 0.8859375 0.40546875 0.875 0.4109375 0.90078125
4 0.2953125 0.63671875 0.35703125 0.625 0.3828125 0.59140625 0.3890625 0.55390625 0.396875 0.54140625 0.384375 0.52421875 0.3765625 0.49296875 0.35859375 0.471875 0.33984375 0.4703125 0.23671875 0.51875 0.21640625 0.5171875 0.16484375 0.4953125 0.1515625 0.49921875 0.1578125 0.55390625 0.14296875 0.5578125 0.1390625 0.56796875 0.15703125 0.590625 0.1734375 0.58671875 0.19609375 0.63125 0.20859375 0.6359375
4 0.1515625 0.49296875 0.165625 0.45234375 0.1671875 0.41953125 0.1921875 0.39921875 0.196875 0.38828125 0.2 0.35703125 0.19375 0.31953125 0.16015625 0.259375 0.13515625 0.2453125 0.09296875 0.246875 0.07421875 0.2171875 0.059375 0.26171875 0.059375 0.29765625 0.0734375 0.38203125 0.07890625 0.39375 0.08828125 0.3953125 0.10078125 0.3734375 0.140625 0.40234375 0.146875 0.43671875 0.1390625 0.48515625 0.1515625 0.49296875