4 0.234375 0.84296875 0.2359375 0.81796875 0.246875 0.79140625 0.2421875 0.76953125 0.25625 0.74609375 0.2578125 0.69453125 0.2640625 0.67890625 0.2515625 0.66640625 0.2078125 0.57578125 0.1625 0.51484375 0.14375 0.44453125 0.146875 0.40546875 0.13359375 0.4 0.1171875 0.40859375 0.0984375 0.44140625 0.0953125 0.53046875 0.0859375 0.59765625 0.09453125 0.6015625 0.10703125 0.5953125 0.115625 0.60390625 0.1515625 0.69453125 0.1890625 0.74140625 0.20625 0.78828125 0.2046875 0.82734375
4 0.1046875 0.42265625 0.12109375 0.3953125 0.13203125 0.4 0.15859375 0.390625 0.16953125 0.3953125 0.16875 0.37421875 0.17421875 0.3703125 0.20390625 0.3578125 0.25078125 0.359375 0.275 0.34609375 0.275 0.33046875 0.26875 0.32421875 0.2671875 0.26171875 0.25078125 0.234375 0.23984375 0.2296875 0.21328125 0.2328125 0.1171875 0.28046875 0.1 0.33515625 0.1015625 0.38671875 0.09375 0.41796875
4 0.0890625 0.35078125 0.0984375 0.34609375 0.1078125 0.29765625 0.12265625 0.275 0.2265625 0.22734375 0.2421875 0.19296875 0.2515625 0.15234375 0.2625 0.14296875 0.23515625 0.1046875 0.20546875 0.103125 0.17734375 0.1125 0.1 0.21640625 0.090625 0.26484375 0.0765625 0.29609375 0.0828125 0.34609375
4 0.365625 0.28984375 0.36875 0.27265625 0.3453125 0.23984375 0.34609375 0.225 0.38046875 0.2234375 0.41484375 0.209375 0.42734375 0.234375 0.44765625 0.240625 0.4578125 0.23046875 0.46328125 0.2046875 0.47421875 0.2140625 0.51484375 0.20625 0.53359375 0.2125 0.5390625 0.19296875 0.525 0.16640625 0.521875 0.13515625 0.540625 0.12578125 0.51640625 0.1140625 0.50234375 0.115625 0.46328125 0.0734375 0.42734375 0.0796875 0.34453125 0.071875 0.31328125 0.0828125 0.278125 0.13203125 0.2828125 0.17734375 0.3265625 0.25546875
4 0.78125 0.27734375 0.7875 0.24609375 0.8140625 0.22109375 0.8015625 0.16171875 0.70546875 0.10625 0.65546875 0.0921875 0.62421875 0.0921875 0.61171875 0.0984375 0.6015625 0.11015625 0.6 0.17421875 0.58125 0.21328125 0.61953125 0.2 0.66328125 0.1984375 0.70546875 0.21875 0.72734375 0.215625 0.74921875 0.2296875 0.76015625 0.225
4 0.5953125 0.47421875 0.596875 0.40390625 0.60546875 0.3765625 0.6125 0.38046875 0.621875 0.40546875 0.63046875 0.4140625 0.6359375 0.41171875 0.6203125 0.36171875 0.62265625 0.3421875 0.65390625 0.35 0.69296875 0.3421875 0.696875 0.36953125 0.71015625 0.375 0.721875 0.36484375 0.7234375 0.35234375 0.73515625 0.3375 0.76015625 0.315625 0.7875 0.30390625 0.7890625 0.29140625 0.7734375 0.27265625 0.76875 0.24140625 0.76015625 0.2265625 0.74921875 0.2296875 0.73046875 0.2171875 0.70390625 0.21875 0.66640625 0.2 0.61484375 0.2015625 0.58671875 0.2125 0.5671875 0.23828125 0.54375 0.25546875 0.54609375 0.2625 0.5578125 0.26328125 0.5609375 0.31640625 0.578125 0.35546875 0.5765625 0.39609375 0.5875 0.46015625
4 0.75 0.47109375 0.76015625 0.4484375 0.83828125 0.465625 0.85625 0.44765625 0.8640625 0.42890625 0.8703125 0.40859375 0.86875 0.34921875 0.81953125 0.2484375 0.8140625 0.25234375 0.828125 0.31484375 0.80703125 0.3171875 0.78515625 0.328125 0.76015625 0.3171875 0.7484375 0.32890625 0.746875 0.34609375 0.70390625 0.3796875 0.690625 0.39921875 0.6890625 0.41328125 0.73671875 0.4515625
4 0.865625 0.61328125 0.8765625 0.57109375 0.8765625 0.53671875 0.865625 0.50546875 0.84921875 0.4828125 0.83046875 0.46875 0.78046875 0.4515625 0.76171875 0.45 0.75234375 0.4734375 0.72890625 0.45 0.71328125 0.4546875 0.69453125 0.4453125 0.684375 0.45390625 0.68125 0.46171875 0.6921875 0.49296875 0.671875 0.51796875 0.671875 0.53046875 0.68046875 0.54375 0.75703125 0.56875 0.76796875 0.59375 0.79453125 0.5796875 0.82421875 0.6 0.83984375 0.5890625 0.85546875 0.6109375
4 0.8265625 0.72890625 0.84453125 0.7203125 0.8671875 0.72578125 0.8703125 0.70234375 0.859375 0.64453125 0.79921875 0.584375 0.79140625 0.5828125 0.76796875 0.5953125 0.75546875 0.5734375 0.74140625 0.578125 0.725 0.59609375 0.715625 0.63515625 0.703125 0.63828125 0.703125 0.64609375 0.7171875 0.65859375 0.7265625 0.70546875 0.74296875 0.725 0.77578125 0.7265625 0.80546875 0.7140625 0.81796875 0.7296875
4 0.8140625 0.86328125 0.83828125 0.85625 0.8703125 0.83046875 0.8828125 0.79140625 0.896875 0.77421875 0.896875 0.76015625 0.8890625 0.75859375 0.8875 0.74921875 0.88671875 0.690625 0.86875 0.70234375 0.86015625 0.7265625 0.83828125 0.721875 0.82109375 0.734375 0.80546875 0.73125 0.78828125 0.7375 0.76953125 0.7265625 0.74921875 0.7265625 0.7125 0.74453125 0.709375 0.77578125 0.7203125 0.79921875 0.7203125 0.82265625 0.7328125 0.84453125 0.75546875 0.8625
1 0.578125 0.85078125 0.5859375 0.84921875 0.58203125 0.8421875 0.59140625 0.8484375 0.61796875 0.8484375 0.67734375 0.8375 0.715625 0.82109375 0.715625 0.79765625 0.7078125 0.78046875 0.709375 0.74296875 0.7234375 0.72578125 0.7234375 0.71015625 0.715625 0.67109375 0.7 0.64609375 0.703125 0.63046875 0.715625 0.61796875 0.71484375 0.603125 0.7046875 0.61640625 0.70390625 0.628125 0.69921875 0.621875 0.68671875 0.628125 0.66796875 0.6265625 0.64453125 0.646875 0.63671875 0.64375 0.62890625 0.6671875 0.62109375 0.6421875 0.61484375 0.671875 0.60859375 0.65625 0.59609375 0.6734375 0.58984375 0.671875 0.58984375 0.6578125 0.57890625 0.6859375 0.5734375 0.66640625 0.56875 0.68359375 0.5765625 0.69453125 0.56875 0.71796875 0.5703125 0.76953125 0.5578125 0.77578125 0.56640625 0.775 0.5703125 0.78515625 0.571875 0.84765625