1 0.7359375 0.82578125 0.80390625 0.8046875 0.853125 0.78203125 0.8578125 0.57734375 0.85234375 0.5359375 0.790625 0.64296875 0.775 0.68828125 0.76875 0.68984375 0.76171875 0.6703125 0.740625 0.68828125 0.75 0.73671875 0.76953125 0.7328125 0.7703125 0.74453125 0.7328125 0.79453125 0.703125 0.81953125 0.70703125 0.8265625
1 0.7 0.30234375 0.7203125 0.28359375 0.7203125 0.27734375 0.703125 0.23671875 0.6953125 0.17109375 0.7203125 0.14921875 0.721875 0.13828125 0.64921875 0.11875 0.55078125 0.10625 0.5484375 0.11015625 0.6 0.17734375 0.64375 0.21640625 0.6640625 0.26015625 0.6828125 0.27890625 0.690625 0.29765625
1 0.4421875 0.25078125 0.45078125 0.2375 0.4578125 0.24140625 0.4515625 0.22734375 0.4484375 0.17890625 0.453125 0.11640625 0.44453125 0.1015625 0.33984375 0.1046875 0.2375 0.12265625 0.240625 0.12890625 0.2328125 0.13046875 0.2390625 0.13359375 0.234375 0.13828125 0.240625 0.14453125 0.2328125 0.14609375 0.240625 0.15078125 0.2328125 0.16171875 0.2375 0.18203125 0.23125 0.19296875 0.240625 0.19609375 0.2359375 0.20078125 0.24296875 0.2109375 0.253125 0.21328125 0.24375 0.21640625 0.24453125 0.225 0.25234375 0.225 0.2484375 0.21953125 0.25390625 0.21875 0.27578125 0.234375 0.28671875 0.2328125 0.28984375 0.240625 0.29453125 0.2296875 0.30546875 0.240625 0.31640625 0.240625 0.31640625 0.234375 0.33046875 0.240625 0.34140625 0.2296875 0.34609375 0.240625 0.34921875 0.234375 0.3546875 0.23671875 0.35703125 0.2265625 0.36171875 0.240625 0.36953125 0.240625 0.37265625 0.2296875 0.37734375 0.2421875 0.38046875 0.2375 0.38515625 0.240625 0.38984375 0.2296875 0.39296875 0.24375 0.40390625 0.2375 0.41015625 0.24375 0.41953125 0.2375 0.42578125 0.2421875 0.43515625 0.23125
4 0.7359375 0.27734375 0.75546875 0.271875 0.76953125 0.25625 0.80078125 0.2515625 0.8578125 0.20859375 0.8609375 0.17109375 0.87578125 0.1671875 0.884375 0.14921875 0.8484375 0.11328125 0.83984375 0.0875 0.83125 0.09140625 0.83125 0.10859375 0.8375 0.11796875 0.79765625 0.153125 0.73359375 0.146875 0.7 0.16640625 0.696875 0.17890625 0.70625 0.23671875 0.7234375 0.27578125
4 0.7640625 0.44453125 0.7859375 0.39453125 0.8015625 0.38359375 0.8265625 0.34140625 0.8625 0.30859375 0.859375 0.28515625 0.8828125 0.25390625 0.884375 0.24140625 0.86015625 0.2171875 0.82890625 0.228125 0.79921875 0.253125 0.76953125 0.2609375 0.725 0.31484375 0.7171875 0.36171875 0.7265625 0.36484375 0.73125 0.37734375 0.740625 0.43359375 0.74921875 0.4421875
4 0.7734375 0.68671875 0.7828125 0.65546875 0.853125 0.52421875 0.865625 0.47578125 0.8734375 0.40703125 0.8609375 0.36484375 0.83984375 0.3375 0.8203125 0.35390625 0.828125 0.36796875 0.8265625 0.37890625 0.803125 0.40078125 0.79375 0.41953125 0.778125 0.48828125 0.76640625 0.490625 0.75390625 0.46875 0.746875 0.47265625 0.75625 0.54296875 0.740625 0.59765625 0.740625 0.67578125 0.74609375 0.678125 0.76328125 0.665625 0.76875 0.68671875
4 0.6984375 0.80546875 0.72109375 0.8015625 0.7359375 0.78515625 0.7453125 0.76328125 0.746875 0.72890625 0.7375 0.70546875 0.7390625 0.61640625 0.7296875 0.57265625 0.734375 0.47734375 0.7265625 0.42890625 0.7328125 0.41953125 0.7328125 0.39140625 0.72734375 0.3765625 0.72109375 0.38125 0.7109375 0.37265625 0.7046875 0.34921875 0.69453125 0.340625 0.68125 0.38828125 0.67421875 0.3890625 0.6671875 0.40078125 0.6625 0.43203125 0.66875 0.53828125 0.6578125 0.67578125 0.6703125 0.77578125 0.6828125 0.79765625
4 0.6109375 0.93828125 0.66328125 0.9296875 0.68359375 0.9109375 0.69453125 0.9125 0.703125 0.90546875 0.6921875 0.83203125 0.66640625 0.796875 0.63671875 0.78125 0.63515625 0.815625 0.59609375 0.8046875 0.54453125 0.8078125 0.49921875 0.76875 0.49375 0.76953125 0.49375 0.78046875 0.48359375 0.784375 0.46484375 0.7796875 0.4609375 0.76953125 0.44453125 0.759375 0.4234375 0.76640625 0.425 0.78203125 0.4375 0.80390625 0.4359375 0.82265625 0.41484375 0.81875 0.4109375 0.82578125 0.43671875 0.8609375 0.45390625 0.85625 0.4765625 0.87890625 0.49375 0.91015625 0.51796875 0.9265625 0.58359375 0.9390625
4 0.2921875 0.87265625 0.31484375 0.865625 0.35078125 0.8375 0.4125 0.77265625 0.41171875 0.765625 0.39921875 0.778125 0.3875 0.77734375 0.3953125 0.72578125 0.371875 0.66640625 0.371875 0.57265625 0.36640625 0.5515625 0.346875 0.55390625 0.334375 0.67734375 0.32265625 0.68125 0.28515625 0.6765625 0.26796875 0.690625 0.26328125 0.6828125 0.25234375 0.6859375 0.225 0.70546875 0.1953125 0.74921875 0.159375 0.78359375 0.1671875 0.81484375 0.15625 0.83359375 0.15703125 0.8625 0.16953125 0.8609375 0.17734375 0.8453125 0.21796875 0.865625
4 0.159375 0.77890625 0.1953125 0.74765625 0.2203125 0.71015625 0.2625 0.67578125 0.284375 0.63984375 0.3 0.58828125 0.3 0.51015625 0.28828125 0.49375 0.27265625 0.4921875 0.26015625 0.4828125 0.2421875 0.49140625 0.221875 0.54609375 0.1828125 0.61484375 0.146875 0.65546875 0.1359375 0.75546875 0.14375 0.77578125
4 0.0828125 0.72578125 0.09140625 0.7234375 0.10234375 0.7078125 0.121875 0.70078125 0.153125 0.64296875 0.18125 0.61484375 0.2234375 0.53828125 0.2359375 0.50078125 0.2390625 0.44921875 0.2265625 0.40234375 0.20859375 0.3875 0.18671875 0.3921875 0.171875 0.40703125 0.121875 0.54921875 0.0890625 0.59765625 0.08125 0.63203125 0.0671875 0.64140625 0.065625 0.65234375 0.071875 0.65234375 0.075 0.66640625 0.071875 0.72265625
4 0.078125 0.58828125 0.0859375 0.56640625 0.084375 0.53046875 0.0984375 0.46484375 0.0953125 0.41484375 0.11328125 0.3546875 0.12265625 0.396875 0.128125 0.38359375 0.1203125 0.23828125 0.1078125 0.21640625 0.11171875 0.18125 0.109375 0.20078125 0.075 0.23359375 0.065625 0.25078125 0.046875 0.33671875 0.0390625 0.46328125 0.0484375 0.50234375 0.0484375 0.54921875 0.0578125 0.57734375
4 0.671875 0.36484375 0.684375 0.29453125 0.6421875 0.21640625 0.5984375 0.17734375 0.54296875 0.1078125 0.49921875 0.090625 0.47265625 0.09375 0.4578125 0.10859375 0.45 0.17734375 0.4546875 0.22578125 0.4859375 0.27265625 0.49375 0.27109375 0.49453125 0.2375 0.53359375 0.2875 0.58203125 0.2953125 0.60390625 0.33125 0.63828125 0.3484375 0.65546875 0.3640625