4 0.1859375 0.27109375 0.2484375 0.19609375 0.240625 0.13203125 0.22734375 0.115625 0.20859375 0.10625 0.16171875 0.109375 0.11640625 0.1359375 0.09765625 0.1375 0.05625 0.18515625 0.0703125 0.22890625 0.09140625 0.2484375 0.13359375 0.2453125 0.17578125 0.271875
4 0.14375 0.46328125 0.165625 0.44765625 0.1703125 0.42578125 0.1921875 0.39296875 0.2 0.35390625 0.190625 0.31171875 0.1671875 0.26796875 0.14609375 0.25 0.12578125 0.24375 0.09296875 0.2484375 0.07109375 0.2328125 0.059375 0.26328125 0.0671875 0.37734375 0.07265625 0.3796875 0.08828125 0.3640625 0.1359375 0.40234375 0.1375 0.46328125
4 0.071875 0.78515625 0.078125 0.77109375 0.075 0.74453125 0.0875 0.62734375 0.1015625 0.56015625 0.096875 0.47890625 0.11015625 0.4609375 0.1359375 0.44609375 0.134375 0.41640625 0.10703125 0.4109375 0.07890625 0.3859375 0.0640625 0.39453125 0.0484375 0.43046875 0.0328125 0.54453125 0.034375 0.68984375 0.040625 0.74609375 0.05 0.77109375
4 0.1625 0.81484375 0.1671875 0.81171875 0.1671875 0.77734375 0.15 0.75859375 0.140625 0.71953125 0.1734375 0.64609375 0.18125 0.58671875 0.18515625 0.5828125 0.2015625 0.59453125 0.22421875 0.640625 0.2296875 0.60859375 0.2265625 0.58515625 0.203125 0.53203125 0.2 0.49140625 0.1859375 0.46328125 0.1921875 0.45546875 0.18515625 0.4515625 0.16640625 0.4515625 0.15078125 0.459375 0.1359375 0.47578125 0.121875 0.50703125 0.1 0.57265625 0.078125 0.71015625 0.078125 0.75546875 0.0890625 0.79296875 0.09453125 0.7984375 0.10703125 0.796875 0.12734375 0.76875
4 0.4203125 0.91484375 0.434375 0.87734375 0.4484375 0.86484375 0.453125 0.84453125 0.4765625 0.82578125 0.4703125 0.80078125 0.4125 0.75234375 0.434375 0.64453125 0.42734375 0.64375 0.4203125 0.65234375 0.4171875 0.67265625 0.40390625 0.6875 0.40625 0.63203125 0.3953125 0.63671875 0.3765625 0.71328125 0.36171875 0.7328125 0.35390625 0.7328125 0.30859375 0.7015625 0.265625 0.70234375 0.2625 0.65078125 0.2671875 0.60859375 0.25859375 0.603125 0.2546875 0.61015625 0.24453125 0.665625 0.2453125 0.61171875 0.23671875 0.6015625 0.225 0.65703125 0.225 0.69921875 0.2109375 0.74765625 0.21875 0.81640625 0.24765625 0.85 0.28984375 0.8734375 0.39140625 0.8703125 0.4046875 0.87734375 0.40625 0.89921875 0.4125 0.91328125
4 0.3828125 0.36796875 0.40859375 0.359375 0.434375 0.33671875 0.4578125 0.30390625 0.4890625 0.27421875 0.50703125 0.228125 0.52734375 0.234375 0.5390625 0.22734375 0.53125 0.20234375 0.51875 0.19140625 0.5203125 0.17890625 0.5421875 0.16328125 0.52265625 0.11875 0.48203125 0.13125 0.47734375 0.1171875 0.471875 0.14609375 0.46328125 0.1578125 0.4578125 0.15390625 0.45625 0.11015625 0.44765625 0.103125 0.4234375 0.18671875 0.39765625 0.2 0.36171875 0.2328125 0.3484375 0.22109375 0.3296875 0.18671875 0.3265625 0.13671875 0.3125 0.14609375 0.3078125 0.17265625 0.3140625 0.22421875 0.3 0.26953125 0.3 0.33046875 0.34140625 0.3640625
4 0.60625 0.32890625 0.61640625 0.284375 0.6203125 0.31953125 0.62421875 0.3234375 0.6296875 0.31796875 0.6296875 0.26640625 0.6328125 0.24296875 0.63984375 0.2359375 0.69453125 0.2625 0.72578125 0.2515625 0.728125 0.27578125 0.7203125 0.31953125 0.7265625 0.31953125 0.7640625 0.22578125 0.765625 0.16328125 0.7484375 0.13046875 0.71484375 0.1078125 0.69296875 0.1015625 0.57734375 0.103125 0.55078125 0.0859375 0.559375 0.11484375 0.534375 0.13359375 0.54375 0.15390625 0.540625 0.17265625 0.57265625 0.2046875 0.6015625 0.22109375 0.5984375 0.32109375
4 0.759375 0.51328125 0.759375 0.47265625 0.775 0.41484375 0.8 0.38046875 0.8125 0.31015625 0.828125 0.27890625 0.828125 0.23828125 0.8375 0.22109375 0.8375 0.19296875 0.81640625 0.1625 0.79140625 0.165625 0.7796875 0.17890625 0.771875 0.22109375 0.7390625 0.28046875 0.7125 0.37109375 0.7140625 0.43046875 0.7375 0.46171875 0.740625 0.51015625
4 0.8390625 0.59765625 0.8546875 0.56953125 0.865625 0.50703125 0.8671875 0.40234375 0.8609375 0.28515625 0.83515625 0.23125 0.828125 0.23984375 0.8265625 0.28515625 0.8125 0.31171875 0.80625 0.34453125 0.80625 0.50234375 0.80078125 0.5125 0.79296875 0.5125 0.76796875 0.5 0.765625 0.51171875 0.8140625 0.55859375 0.83125 0.59453125
4 0.8015625 0.79609375 0.82421875 0.7609375 0.84453125 0.7828125 0.853125 0.78203125 0.86875 0.73671875 0.8640625 0.68046875 0.8515625 0.63984375 0.8125 0.55859375 0.76953125 0.521875 0.72265625 0.50625 0.7328125 0.52265625 0.7125 0.55234375 0.70625 0.60390625 0.6859375 0.65234375 0.6703125 0.67265625 0.6671875 0.69140625 0.67578125 0.6953125 0.7 0.65859375 0.71953125 0.640625 0.709375 0.66015625 0.7 0.74765625 0.70625 0.74609375 0.721875 0.68984375 0.74296875 0.6734375 0.76953125 0.7109375 0.803125 0.72734375 0.79765625 0.74375 0.78515625 0.7390625 0.78125 0.74609375 0.7953125 0.77734375 0.7953125 0.79453125
1 0.4921875 0.86015625 0.66796875 0.840625 0.74609375 0.821875 0.7921875 0.80234375 0.790625 0.77734375 0.7796875 0.75078125 0.7828125 0.72578125 0.7546875 0.70234375 0.74609375 0.6875 0.728125 0.69296875 0.71875 0.73359375 0.70703125 0.7546875 0.6953125 0.74140625 0.703125 0.67578125 0.67578125 0.7015625 0.6640625 0.69296875 0.66875 0.66796875 0.684375 0.64921875 0.703125 0.60234375 0.71484375 0.4984375 0.70234375 0.4984375 0.69140625 0.490625 0.66171875 0.5 0.65390625 0.484375 0.64765625 0.490625 0.63984375 0.4828125 0.62890625 0.4875 0.62109375 0.4703125 0.61640625 0.4765625 0.60234375 0.4703125 0.60078125 0.4875 0.6 0.47109375 0.58984375 0.4640625 0.5765625 0.48359375 0.5734375 0.50859375 0.55625 0.49765625 0.5390625 0.52890625 0.525 0.53359375 0.5234375 0.54921875 0.5171875 0.54765625 0.5234375 0.56953125 0.49375 0.59296875 0.49375 0.62265625 0.4765625 0.63984375 0.48203125 0.65 0.49140625 0.64375 0.4921875 0.65390625 0.46328125 0.6578125 0.45546875 0.6671875 0.4515625 0.64453125 0.4421875 0.64453125 0.4171875 0.73828125 0.4234375 0.75390625 0.478125 0.80859375 0.4796875 0.82734375 0.4625 0.84140625 0.4578125 0.85546875 0.46328125 0.8609375
1 0.3625 0.23046875 0.39609375 0.2 0.421875 0.18671875 0.4421875 0.13359375 0.44296875 0.1 0.34921875 0.103125 0.3 0.11328125 0.3015625 0.13359375 0.2953125 0.14609375 0.2984375 0.20078125 0.3078125 0.20078125 0.3078125 0.14921875 0.32421875 0.134375 0.33125 0.18671875 0.35 0.22109375