1 0.625 0.66171875 0.6328125 0.47109375 0.6296875 0.44453125 0.62109375 0.4359375 0.6109375 0.47890625 0.6203125 0.56171875 0.6171875 0.65078125 0.61875 0.66015625
1 0.7234375 0.42734375 0.73828125 0.425 0.74375 0.41015625 0.75859375 0.278125 0.70703125 0.3265625 0.703125 0.30859375 0.721875 0.28046875 0.721875 0.27109375 0.68828125 0.2609375 0.65859375 0.2390625 0.62265625 0.25 0.60390625 0.2703125 0.55390625 0.265625 0.5453125 0.26953125 0.546875 0.35859375 0.53828125 0.3734375 0.51484375 0.3625 0.509375 0.36953125 0.51328125 0.384375 0.5125 0.37734375 0.52265625 0.375 0.52578125 0.3890625 0.54453125 0.390625 0.55546875 0.375 0.56484375 0.371875 0.58046875 0.371875 0.59609375 0.3828125 0.62109375 0.378125 0.6265625 0.37421875 0.625 0.34453125 0.64765625 0.3421875 0.65703125 0.3140625 0.6765625 0.33515625 0.6953125 0.41796875 0.70546875 0.4265625
1 0.6015625 0.86953125 0.60390625 0.8546875 0.73359375 0.828125 0.82890625 0.796875 0.846875 0.78515625 0.8515625 0.69921875 0.83203125 0.71875 0.81640625 0.7203125 0.79921875 0.7015625 0.76171875 0.696875 0.7515625 0.68515625 0.75390625 0.675 0.7734375 0.66640625 0.7734375 0.66015625 0.7546875 0.64765625 0.7515625 0.63203125 0.78203125 0.6328125 0.796875 0.62265625 0.803125 0.61015625 0.803125 0.55546875 0.8140625 0.49765625 0.81015625 0.4859375 0.80078125 0.4859375 0.784375 0.50390625 0.76171875 0.5546875 0.7515625 0.55078125 0.74453125 0.496875 0.72578125 0.4953125 0.7125 0.50703125 0.71875 0.64765625 0.7109375 0.69453125 0.72734375 0.7140625 0.74765625 0.709375 0.7546875 0.71796875 0.728125 0.75234375 0.746875 0.76484375 0.7515625 0.78046875 0.73515625 0.7875 0.70703125 0.7875 0.68046875 0.809375 0.64296875 0.796875 0.646875 0.78515625 0.640625 0.77890625 0.640625 0.76171875 0.62890625 0.7296875 0.6109375 0.76171875 0.6390625 0.78515625 0.62421875 0.796875 0.603125 0.79921875
4 0.534375 0.36640625 0.5421875 0.36171875 0.54375 0.26328125 0.60390625 0.2671875 0.6140625 0.25703125 0.6015625 0.22265625 0.59375 0.14453125 0.58203125 0.128125 0.56640625 0.1546875 0.51328125 0.1046875 0.46640625 0.078125 0.43671875 0.078125 0.40390625 0.090625 0.371875 0.11640625 0.3609375 0.16015625 0.3609375 0.19140625 0.3734375 0.22421875 0.365625 0.28515625 0.36875 0.34296875 0.3875 0.34609375 0.390625 0.27109375 0.4015625 0.23203125 0.41171875 0.2265625 0.44296875 0.2484375 0.46171875 0.2515625 0.49609375 0.2453125 0.5078125 0.25234375 0.5203125 0.30703125 0.5203125 0.34921875 0.525 0.36328125
4 0.7109375 0.32265625 0.7453125 0.29140625 0.7859375 0.23359375 0.790625 0.18203125 0.784375 0.16328125 0.7703125 0.13828125 0.73515625 0.1109375 0.69921875 0.1 0.65390625 0.0953125 0.63203125 0.0828125 0.60078125 0.0890625 0.5984375 0.07109375 0.57734375 0.0453125 0.5703125 0.05703125 0.5765625 0.08671875 0.540625 0.11484375 0.540625 0.12421875 0.54609375 0.1296875 0.5515625 0.12578125 0.56171875 0.146875 0.56484375 0.1390625 0.5796875 0.13828125 0.58046875 0.1265625 0.59375 0.14140625 0.6 0.19609375 0.6078125 0.21015625 0.6046875 0.22734375 0.61484375 0.2453125 0.64140625 0.2453125 0.65703125 0.2328125 0.69609375 0.2625 0.73125 0.26484375 0.728125 0.27890625 0.70625 0.30703125 0.70625 0.32265625
4 0.7625 0.55234375 0.79375 0.46328125 0.8234375 0.43046875 0.825 0.40703125 0.8171875 0.38046875 0.83125 0.33671875 0.8359375 0.29296875 0.85546875 0.2859375 0.86875 0.29453125 0.8453125 0.23359375 0.840625 0.20390625 0.82109375 0.18125 0.80546875 0.184375 0.7953125 0.19453125 0.7875 0.23203125 0.765625 0.26796875 0.7453125 0.41015625 0.73125 0.43671875 0.746875 0.48671875 0.753125 0.54921875
4 0.828125 0.71796875 0.8515625 0.68671875 0.871875 0.59453125 0.875 0.51328125 0.8671875 0.39296875 0.88125 0.37734375 0.87421875 0.3625 0.8546875 0.35546875 0.83984375 0.325 0.834375 0.32578125 0.8234375 0.36640625 0.8234375 0.43203125 0.8015625 0.45390625 0.7890625 0.48359375 0.78984375 0.4921875 0.80234375 0.4828125 0.81328125 0.4828125 0.81875 0.48984375 0.8046875 0.55390625 0.8046875 0.61328125 0.78046875 0.6359375 0.76171875 0.63125 0.7515625 0.63515625 0.75625 0.64609375 0.7828125 0.66640625 0.75703125 0.675 0.753125 0.68671875 0.76484375 0.6953125 0.80078125 0.6953125 0.81484375 0.7171875
4 0.68125 0.80546875 0.70625 0.78671875 0.7508680555555556 0.7777777777777778 0.7456597222222221 0.7664930555555556 0.721875 0.75390625 0.740625 0.73203125 0.7453125 0.71484375 0.72890625 0.7171875 0.709375 0.69296875 0.71875 0.63828125 0.7109375 0.50703125 0.725 0.43984375 0.71953125 0.428125 0.70234375 0.4265625 0.6953125 0.41953125 0.675 0.33359375 0.66328125 0.3171875 0.65546875 0.315625 0.6515625 0.33984375 0.63984375 0.3484375 0.62890625 0.340625 0.6234375 0.35390625 0.634375 0.38046875 0.628125 0.41328125 0.634375 0.47734375 0.628125 0.67265625 0.6390625 0.75703125 0.65625 0.79296875 0.66953125 0.8046875
4 0.5859375 0.91328125 0.59375 0.90234375 0.60625 0.76953125 0.6296875 0.71484375 0.6265625 0.68828125 0.6140625 0.67421875 0.6125 0.66328125 0.61875 0.57109375 0.6109375 0.46796875 0.61875 0.43515625 0.6296875 0.43203125 0.6265625 0.40390625 0.6328125 0.38203125 0.61171875 0.3796875 0.59921875 0.3859375 0.57578125 0.371875 0.56015625 0.375 0.534375 0.39921875 0.5203125 0.46015625 0.5140625 0.57578125 0.5265625 0.67890625 0.5265625 0.77265625 0.5515625 0.84921875 0.5734375 0.88515625 0.5796875 0.91015625
4 0.5421875 0.91953125 0.5484375 0.90234375 0.54375 0.87109375 0.55 0.84609375 0.5328125 0.78984375 0.5046875 0.75390625 0.50625 0.71328125 0.490625 0.63515625 0.48515625 0.63125 0.48125 0.63828125 0.4875 0.68046875 0.471875 0.72265625 0.45859375 0.7328125 0.41328125 0.6875 0.3625 0.68046875 0.3609375 0.63515625 0.375 0.57890625 0.36953125 0.575 0.3640625 0.58046875 0.35234375 0.603125 0.35 0.56171875 0.34296875 0.5609375 0.334375 0.58828125 0.328125 0.66640625 0.3078125 0.68984375 0.3 0.71484375 0.3015625 0.77109375 0.3140625 0.80078125 0.353125 0.84921875 0.37265625 0.8625 0.40390625 0.875 0.45234375 0.878125 0.47734375 0.8875 0.50234375 0.8890625 0.52578125 0.8828125
4 0.2734375 0.89921875 0.29609375 0.8625 0.31796875 0.85 0.33515625 0.8515625 0.3375 0.84140625 0.2953125 0.76328125 0.2765625 0.74453125 0.3 0.66484375 0.3 0.64453125 0.290625 0.64765625 0.278125 0.68203125 0.25546875 0.7015625 0.2546875 0.63203125 0.2515625 0.60546875 0.24453125 0.596875 0.2328125 0.70703125 0.21953125 0.7078125 0.19140625 0.6796875 0.17578125 0.6765625 0.1703125 0.66484375 0.171875 0.64296875 0.16640625 0.6421875 0.1171875 0.69765625 0.1125 0.74296875 0.125 0.78671875 0.16484375 0.8421875 0.19296875 0.853125 0.24140625 0.85 0.25546875 0.85625 0.265625 0.89765625
4 0.1171875 0.69453125 0.16484375 0.6421875 0.1734375 0.64140625 0.184375 0.59140625 0.203125 0.54453125 0.2328125 0.51640625 0.2515625 0.47734375 0.271875 0.45546875 0.25703125 0.4 0.23203125 0.4109375 0.2203125 0.40703125 0.22890625 0.3578125 0.16875 0.44609375 0.1453125 0.50703125 0.1 0.56171875 0.0890625 0.58515625 0.0828125 0.61484375 0.0859375 0.66328125 0.09375 0.68359375 0.10390625 0.69375
4 0.178125 0.42890625 0.1828125 0.41640625 0.1640625 0.37421875 0.17890625 0.3765625 0.19140625 0.3890625 0.2015625 0.38671875 0.2046875 0.35234375 0.2 0.32578125 0.20625 0.30546875 0.16875 0.24296875 0.134375 0.22890625 0.10625 0.16953125 0.09609375 0.1609375 0.08203125 0.1609375 0.0671875 0.17109375 0.05625 0.20703125 0.05625 0.25703125 0.065625 0.29609375 0.08671875 0.334375 0.1265625 0.34765625 0.1375 0.37578125