1 0.715625 0.68046875 0.734375 0.61640625 0.74453125 0.6 0.753125 0.60546875 0.7515625 0.63671875 0.7703125 0.64609375 0.7609375 0.67578125 0.76484375 0.6796875 0.80546875 0.6765625 0.82734375 0.6453125 0.84453125 0.6515625 0.853125 0.64765625 0.853125 0.38203125 0.84765625 0.3671875 0.81875 0.44453125 0.80859375 0.45 0.8078125 0.39609375 0.78828125 0.4109375 0.7796875 0.40859375 0.7953125 0.34921875 0.74765625 0.3078125 0.72578125 0.309375 0.71015625 0.3 0.68671875 0.3015625 0.66796875 0.2921875 0.6640625 0.29453125 0.6703125 0.29921875 0.6625 0.31015625 0.665625 0.32265625 0.66015625 0.3296875 0.653125 0.32578125 0.6484375 0.35546875 0.653125 0.37734375 0.646875 0.45078125 0.6515625 0.52421875 0.6484375 0.62421875 0.6546875 0.63671875 0.6609375 0.63671875 0.66796875 0.6671875 0.67734375 0.6625 0.68671875 0.6734375 0.69296875 0.665625 0.69921875 0.678125
1 0.8453125 0.25859375 0.83984375 0.1828125 0.76953125 0.1515625 0.68984375 0.1296875 0.6671875 0.13046875 0.659375 0.16484375 0.66484375 0.178125 0.68515625 0.1859375 0.74296875 0.1859375 0.78359375 0.196875 0.79921875 0.20625
4 0.44375 0.36171875 0.4640625 0.34296875 0.4875 0.29921875 0.4875 0.25078125 0.478125 0.21484375 0.4546875 0.17890625 0.428125 0.11484375 0.4046875 0.01796875 0.38984375 0 0.36484375 0 0.3421875 0.04453125 0.3390625 0.10390625 0.375 0.23046875 0.39375 0.26171875 0.415625 0.34140625 0.42890625 0.3609375
4 0.3390625 0.31328125 0.35390625 0.296875 0.365625 0.29296875 0.3625 0.27890625 0.375 0.24765625 0.365625 0.19609375 0.3515625 0.16484375 0.3296875 0.14296875 0.2984375 0.08984375 0.278125 0.04453125 0.25859375 0.025 0.23515625 0.021875 0.225 0.03671875 0.215625 0.07890625 0.21875 0.12578125 0.2625 0.21328125 0.2859375 0.23984375 0.3 0.27734375 0.32734375 0.309375
4 0.2421875 0.33828125 0.25 0.32578125 0.2375 0.31015625 0.2640625 0.29453125 0.2546875 0.25703125 0.2375 0.21015625 0.225 0.19296875 0.221875 0.16484375 0.1984375 0.11484375 0.190625 0.07109375 0.17265625 0.05 0.15703125 0.046875 0.1390625 0.05859375 0.1296875 0.10234375 0.1328125 0.13828125 0.184375 0.30234375 0.21015625 0.334375
4 0.125 0.36796875 0.13828125 0.359375 0.159375 0.35703125 0.1625 0.34609375 0.1515625 0.33359375 0.1703125 0.32109375 0.1515625 0.27734375 0.1421875 0.23515625 0.1421875 0.19609375 0.1328125 0.16171875 0.128125 0.10078125 0.11484375 0.0828125 0.09765625 0.0796875 0.0890625 0.08828125 0.0765625 0.13203125 0.078125 0.24765625 0.0953125 0.34296875 0.11171875 0.3640625
4 0.0421875 0.41953125 0.05234375 0.4125 0.07890625 0.4125 0.090625 0.38828125 0.078125 0.37421875 0.0640625 0.33515625 0.075 0.26484375 0.0796875 0.11484375 0.06328125 0.096875 0.053125 0.10234375 0.0328125 0.14609375 0.015625 0.26796875 0.0140625 0.39453125 0.03046875 0.41875
4 0.1796875 0.93515625 0.15 0.86953125 0.1328125 0.80390625 0.1125 0.66015625 0.1046875 0.63984375 0.10625 0.61484375 0.0875 0.58359375 0.06953125 0.5671875 0.05859375 0.565625 0.0359375 0.58984375 0.0296875 0.62578125 0.0328125 0.67421875 0.0578125 0.77421875 0.1140625 0.90078125 0.13046875 0.9171875
4 0.2171875 0.93984375 0.221875 0.93203125 0.209375 0.93046875 0.21875 0.92265625 0.2046875 0.91484375 0.2125 0.91171875 0.21875 0.89140625 0.2203125 0.83203125 0.234375 0.79453125 0.22421875 0.7875 0.2015625 0.78515625 0.1984375 0.72734375 0.1828125 0.65078125 0.1890625 0.61640625 0.1984375 0.59921875 0.2109375 0.59296875 0.2109375 0.58515625 0.16484375 0.5515625 0.13046875 0.55 0.1140625 0.62109375 0.1296875 0.78828125 0.1609375 0.89296875 0.19296875 0.925 0.209375 0.92578125 0.196875 0.93046875 0.20078125 0.9390625
4 0.253125 0.95078125 0.30234375 0.9359375 0.3765625 0.83046875 0.4078125 0.80078125 0.4203125 0.77421875 0.425 0.73203125 0.40234375 0.6671875 0.38203125 0.6671875 0.3546875 0.69296875 0.3359375 0.72734375 0.309375 0.74453125 0.2765625 0.80078125 0.2546875 0.82578125 0.240625 0.87734375 0.2453125 0.92421875 0.2375 0.92265625
4 0.7671875 0.84296875 0.78984375 0.8359375 0.8515625 0.77734375 0.8796875 0.72890625 0.884375 0.68515625 0.8796875 0.64609375 0.87109375 0.6390625 0.84453125 0.6625 0.83515625 0.65 0.82265625 0.65 0.80859375 0.6859375 0.78046875 0.68125 0.75859375 0.6890625 0.7546875 0.68046875 0.765625 0.64765625 0.74375 0.65390625 0.75 0.62421875 0.74609375 0.6015625 0.7203125 0.66640625 0.7234375 0.69140625 0.703125 0.73359375 0.6984375 0.81640625 0.73515625 0.8390625