4 0.484375 0.44765625 0.49453125 0.4046875 0.51171875 0.425 0.525 0.42578125 0.5234375 0.38203125 0.53828125 0.38125 0.5421875 0.37578125 0.534375 0.34140625 0.52421875 0.3265625 0.50625 0.31953125 0.48125 0.22890625 0.4203125 0.14765625 0.4 0.10546875 0.37109375 0.1 0.34921875 0.1125 0.34296875 0.103125 0.33515625 0.103125 0.3328125 0.20078125 0.3609375 0.29609375 0.37265625 0.309375 0.375 0.28984375 0.36796875 0.2546875 0.3953125 0.28515625 0.4265625 0.33984375 0.465625 0.37109375 0.4671875 0.41640625 0.4765625 0.44609375
4 0.7546875 0.39609375 0.7640625 0.36796875 0.778125 0.35703125 0.7671875 0.32265625 0.7671875 0.29921875 0.7828125 0.28671875 0.78125 0.28203125 0.77734375 0.284375 0.77265625 0.2734375 0.76484375 0.278125 0.7484375 0.27265625 0.725 0.21328125 0.69609375 0.18125 0.59765625 0.1078125 0.56953125 0.1046875 0.55546875 0.109375 0.5359375 0.15078125 0.5359375 0.20078125 0.5515625 0.23984375 0.603125 0.28359375 0.63359375 0.33125 0.640625 0.33046875 0.640625 0.31953125 0.62109375 0.278125 0.64609375 0.28125 0.67109375 0.3234375 0.71171875 0.33125 0.725 0.34453125 0.7359375 0.37578125
4 0.85 0.36484375 0.8625 0.26015625 0.8609375 0.22109375 0.85 0.18984375 0.80546875 0.146875 0.78828125 0.1375 0.70703125 0.1296875 0.6984375 0.09921875 0.67890625 0.0921875 0.678125 0.11640625 0.6859375 0.13671875 0.6796875 0.16953125 0.7171875 0.20078125 0.74765625 0.2640625 0.76328125 0.2625 0.79453125 0.2890625 0.81953125 0.2828125 0.825 0.28671875 0.8421875 0.32578125 0.84375 0.35703125
4 0.8296875 0.64453125 0.8328125 0.59765625 0.85625 0.50703125 0.8546875 0.46171875 0.84375 0.43671875 0.82265625 0.41875 0.79765625 0.4078125 0.78203125 0.4078125 0.74140625 0.425 0.71015625 0.4265625 0.68046875 0.440625 0.65390625 0.4265625 0.659375 0.44765625 0.6390625 0.46640625 0.6453125 0.48671875 0.63125 0.50078125 0.63125 0.52109375 0.65390625 0.5421875 0.68671875 0.5515625 0.696875 0.56015625 0.709375 0.63828125 0.7171875 0.63203125 0.71796875 0.6015625 0.72890625 0.6265625 0.74375 0.62578125 0.7375 0.59921875 0.75078125 0.5734375 0.78671875 0.575 0.81171875 0.5640625 0.8203125 0.58984375 0.815625 0.62890625
4 0.4109375 0.89296875 0.47109375 0.8765625 0.52734375 0.8796875 0.55546875 0.8734375 0.5875 0.84921875 0.6203125 0.80390625 0.6328125 0.76484375 0.6296875 0.71953125 0.621875 0.70078125 0.59375 0.67578125 0.5703125 0.59296875 0.55859375 0.5796875 0.546875 0.58828125 0.546875 0.60390625 0.565625 0.65390625 0.5625 0.69921875 0.51640625 0.709375 0.48046875 0.7328125 0.47109375 0.7328125 0.45 0.70703125 0.4296875 0.67265625 0.4234375 0.63984375 0.4109375 0.63203125 0.425 0.72578125 0.4125 0.69765625 0.40078125 0.6875 0.3984375 0.70546875 0.415625 0.76484375 0.371875 0.80703125 0.3578125 0.83515625 0.359375 0.84765625 0.38984375 0.8625 0.403125 0.87890625 0.4 0.89140625
4 0.271875 0.86953125 0.3015625 0.85390625 0.3171875 0.81015625 0.303125 0.75703125 0.284375 0.72421875 0.28125 0.70546875 0.24296875 0.7 0.21015625 0.709375 0.18203125 0.728125 0.16953125 0.7203125 0.14140625 0.7203125 0.1234375 0.75546875 0.1203125 0.78828125 0.1234375 0.80703125 0.1390625 0.83359375 0.15234375 0.846875 0.18359375 0.84375 0.22421875 0.8640625
4 0.115625 0.77578125 0.13984375 0.7203125 0.18515625 0.725 0.1984375 0.71484375 0.19765625 0.70625 0.17734375 0.7015625 0.171875 0.69453125 0.1671875 0.67109375 0.2 0.62265625 0.21875 0.54765625 0.22578125 0.54375 0.24453125 0.55 0.26640625 0.578125 0.27421875 0.578125 0.278125 0.57109375 0.2734375 0.53203125 0.2375 0.48359375 0.225 0.43828125 0.2 0.41640625 0.19296875 0.4015625 0.1375 0.49453125 0.0984375 0.65078125 0.0984375 0.75234375 0.1015625 0.76640625
4 0.05625 0.76796875 0.06875 0.75234375 0.078125 0.70703125 0.0921875 0.71171875 0.09375 0.63984375 0.1109375 0.60234375 0.1375 0.48359375 0.1375 0.43828125 0.1296875 0.41640625 0.12109375 0.4109375 0.10078125 0.415625 0.075 0.44140625 0.05 0.52578125 0.0390625 0.62578125 0.0375 0.72265625 0.05 0.74140625 0.0515625 0.76640625
4 0.053125 0.51171875 0.0734375 0.44296875 0.0875 0.42265625 0.0875 0.36796875 0.10625 0.25546875 0.1203125 0.22109375 0.10390625 0.20625 0.08515625 0.20625 0.06796875 0.184375 0.0515625 0.24140625 0.03125 0.39140625 0.0359375 0.48671875
4 0.2328125 0.31171875 0.2390625 0.26796875 0.25078125 0.2671875 0.25625 0.26015625 0.253125 0.23828125 0.215625 0.19296875 0.1953125 0.13515625 0.18359375 0.121875 0.14765625 0.1046875 0.08671875 0.096875 0.071875 0.12109375 0.0625 0.12578125 0.06875 0.18046875 0.0765625 0.19765625 0.13671875 0.221875 0.15234375 0.2453125 0.19453125 0.2578125 0.21875 0.30703125
1 0.625 0.84765625 0.75390625 0.8203125 0.85 0.78359375 0.85625 0.60078125 0.84765625 0.5578125 0.8359375 0.64765625 0.82890625 0.6515625 0.8140625 0.62890625 0.8171875 0.58359375 0.80859375 0.56875 0.78671875 0.578125 0.76171875 0.575 0.75078125 0.5796875 0.7421875 0.59609375 0.746875 0.62734375 0.72265625 0.628125 0.71015625 0.6421875 0.7 0.62109375 0.6953125 0.56484375 0.67890625 0.5515625 0.659375 0.55390625 0.6609375 0.57421875 0.66796875 0.58125 0.67109375 0.5765625 0.6796875 0.57890625 0.671875 0.60078125 0.66015625 0.6109375 0.65390625 0.6046875 0.6484375 0.61328125 0.64375 0.64140625 0.6328125 0.64296875 0.6296875 0.68828125 0.62265625 0.6859375 0.6203125 0.69140625 0.6375 0.75703125 0.6234375 0.80390625 0.6015625 0.84765625
1 0.8484375 0.43515625 0.8515625 0.37890625 0.8421875 0.36171875 0.840625 0.32734375 0.83125 0.30390625 0.81953125 0.2875 0.78828125 0.2890625 0.76875 0.30234375 0.76875 0.32421875 0.7796875 0.35546875 0.778125 0.36328125 0.7640625 0.37265625 0.75546875 0.3984375 0.71796875 0.3578125 0.7125 0.36171875 0.709375 0.42421875 0.74609375 0.421875 0.78828125 0.40625 0.81328125 0.4125