4 0.6375 0.51171875 0.65 0.50078125 0.6515625 0.46953125 0.6578125 0.45703125 0.66328125 0.453125 0.67578125 0.465625 0.68125 0.44921875 0.6640625 0.39921875 0.65703125 0.40625 0.653125 0.40234375 0.6171875 0.29765625 0.54921875 0.2328125 0.46796875 0.20625 0.43828125 0.2078125 0.4203125 0.22890625 0.4171875 0.24609375 0.403125 0.25859375 0.403125 0.29453125 0.425 0.34609375 0.44140625 0.3609375 0.47734375 0.359375 0.53984375 0.384375 0.56640625 0.4234375 0.603125 0.44140625 0.6265625 0.50703125
4 0.3453125 0.29921875 0.3453125 0.27734375 0.3265625 0.24765625 0.32734375 0.2203125 0.36171875 0.215625 0.40078125 0.2 0.41640625 0.2328125 0.44453125 0.2046875 0.48984375 0.2125 0.5234375 0.19765625 0.525 0.18828125 0.5078125 0.15859375 0.5015625 0.13046875 0.5171875 0.11015625 0.51796875 0.0984375 0.49921875 0.1015625 0.48671875 0.115625 0.45546875 0.0796875 0.42265625 0.08125 0.38203125 0.0703125 0.33203125 0.071875 0.2921875 0.09453125 0.26875 0.13984375 0.275 0.19921875 0.3015625 0.23671875 0.30625 0.25859375 0.3234375 0.27421875 0.3328125 0.29296875
4 0.1296875 0.71796875 0.14765625 0.70625 0.18046875 0.70625 0.21484375 0.6921875 0.2328125 0.67109375 0.2359375 0.65234375 0.26015625 0.615625 0.284375 0.64140625 0.2984375 0.70390625 0.30390625 0.7078125 0.315625 0.69296875 0.3171875 0.66484375 0.3015625 0.58046875 0.3078125 0.50703125 0.2953125 0.47265625 0.27890625 0.45625 0.24140625 0.45 0.22265625 0.4578125 0.19375 0.48046875 0.1671875 0.51796875 0.1234375 0.60078125 0.109375 0.65703125 0.1015625 0.70703125 0.10859375 0.7171875
4 0.071875 0.71953125 0.1 0.69296875 0.1265625 0.59140625 0.1859375 0.48828125 0.1859375 0.47578125 0.21484375 0.4546875 0.23046875 0.4546875 0.2484375 0.44453125 0.24765625 0.4375 0.23046875 0.434375 0.2 0.41640625 0.1953125 0.38515625 0.17578125 0.365625 0.15859375 0.36875 0.1453125 0.38359375 0.10625 0.47734375 0.059375 0.66953125 0.059375 0.68828125
4 0.0453125 0.70078125 0.05625 0.68671875 0.10625 0.47578125 0.1296875 0.41015625 0.1234375 0.37265625 0.10859375 0.3625 0.09609375 0.3640625 0.078125 0.38828125 0.0578125 0.46015625 0.0390625 0.58515625 0.0390625 0.69609375
4 0.0453125 0.55078125 0.0703125 0.40546875 0.0953125 0.35546875 0.1 0.30234375 0.1203125 0.25078125 0.11796875 0.2375 0.0875 0.23046875 0.09140625 0.2078125 0.05 0.28671875 0.0265625 0.39921875 0.025 0.49921875 0.0328125 0.53515625
4 0.2015625 0.86015625 0.22109375 0.8515625 0.2484375 0.81640625 0.2375 0.81015625 0.2375 0.78046875 0.225 0.71640625 0.21328125 0.7015625 0.20234375 0.7 0.17890625 0.709375 0.15078125 0.70625 0.13046875 0.7203125 0.10859375 0.71875 0.09609375 0.7046875 0.065625 0.72890625 0.05 0.75703125 0.0484375 0.77421875 0.08671875 0.8234375 0.11171875 0.828125 0.17734375 0.8609375
4 0.6765625 0.79296875 0.69453125 0.775 0.71015625 0.7859375 0.71875 0.77890625 0.6984375 0.68046875 0.6234375 0.57265625 0.603125 0.52265625 0.5515625 0.47265625 0.546875 0.45078125 0.53828125 0.446875 0.51796875 0.4578125 0.50234375 0.4390625 0.49140625 0.4390625 0.49375 0.48828125 0.51875 0.51015625 0.5265625 0.59296875 0.540625 0.62421875 0.559375 0.64140625 0.6265625 0.73515625 0.6453125 0.77578125 0.66328125 0.790625
4 0.78125 0.62734375 0.83828125 0.5734375 0.87265625 0.5671875 0.9015625 0.53984375 0.9046875 0.51953125 0.87421875 0.459375 0.80859375 0.475 0.78515625 0.496875 0.77265625 0.4953125 0.7421875 0.51484375 0.7359375 0.60078125 0.74375 0.61640625 0.75859375 0.628125
4 0.8546875 0.66640625 0.8625 0.66015625 0.8703125 0.62578125 0.87109375 0.5703125 0.83671875 0.575 0.796875 0.61640625 0.80625 0.63984375 0.83046875 0.6640625
4 0.815625 0.47421875 0.86171875 0.4609375 0.8671875 0.45078125 0.8671875 0.35390625 0.8828125 0.31171875 0.87578125 0.3078125 0.8625 0.31328125 0.85390625 0.275 0.84375 0.27734375 0.8390625 0.29765625 0.8296875 0.30546875 0.821875 0.34765625 0.809375 0.37109375 0.8078125 0.47265625
1 0.7203125 0.82734375 0.75546875 0.8203125 0.85 0.78359375 0.85 0.67265625 0.83203125 0.6671875 0.79296875 0.6265625 0.74609375 0.6296875 0.7421875 0.66328125 0.73828125 0.665625 0.740625 0.66015625 0.73046875 0.65625 0.72578125 0.6734375 0.71796875 0.6609375 0.71015625 0.6734375 0.70234375 0.6625 0.69375 0.66796875 0.709375 0.70390625 0.709375 0.73828125 0.7203125 0.77578125 0.7171875 0.78828125 0.7078125 0.79453125 0.709375 0.81484375 0.70234375 0.8140625 0.6984375 0.82109375
1 0.8015625 0.47265625 0.8078125 0.43984375 0.8078125 0.37109375 0.8203125 0.34609375 0.8265625 0.29921875 0.8421875 0.27578125 0.8390625 0.19296875 0.83203125 0.18125 0.81640625 0.1734375 0.71796875 0.14375 0.7078125 0.20078125 0.7140625 0.20546875 0.7140625 0.33515625 0.7203125 0.33515625 0.72265625 0.2875 0.7296875 0.38515625 0.7359375 0.38203125 0.73828125 0.3359375 0.7453125 0.40859375 0.75390625 0.4125 0.75 0.40078125 0.7578125 0.40078125 0.76171875 0.428125 0.771875 0.42734375 0.76796875 0.4140625 0.7765625 0.41640625 0.775 0.44296875 0.78515625 0.453125 0.7984375 0.45390625