4 0.79375 0.27421875 0.8 0.23828125 0.8203125 0.21171875 0.8171875 0.17265625 0.809375 0.15703125 0.71171875 0.1078125 0.67265625 0.096875 0.63203125 0.0984375 0.61640625 0.0796875 0.63125 0.10703125 0.6140625 0.13515625 0.621875 0.20078125 0.67421875 0.2015625 0.71484375 0.2203125 0.74453125 0.2203125 0.775 0.24453125
4 0.6015625 0.46953125 0.60625 0.40234375 0.61953125 0.3734375 0.6375 0.41171875 0.6484375 0.41328125 0.6359375 0.36484375 0.63671875 0.3453125 0.66796875 0.3515625 0.70546875 0.3453125 0.72265625 0.3640625 0.76640625 0.325 0.8 0.30546875 0.8015625 0.28984375 0.775 0.24609375 0.74609375 0.221875 0.71796875 0.221875 0.68203125 0.203125 0.63203125 0.203125 0.60546875 0.2109375 0.571875 0.24296875 0.5765625 0.25390625 0.5765625 0.31015625 0.5921875 0.35234375 0.5875 0.37734375 0.5921875 0.44453125
4 0.7388392857142858 0.4319196428571429 0.74609375 0.4625 0.83046875 0.471875 0.8515625 0.45390625 0.86875 0.41953125 0.86875 0.34921875 0.81796875 0.25625 0.8140625 0.26796875 0.8265625 0.30078125 0.828125 0.32265625 0.80390625 0.3203125 0.78671875 0.3328125 0.77265625 0.3234375 0.74453125 0.35625 0.70390625 0.3734375 0.6875 0.38984375 0.6859375 0.40546875 0.7265625 0.45859375 0.734375 0.42857142857142866
4 0.8484375 0.63828125 0.871875 0.57890625 0.86875 0.53828125 0.8546875 0.50859375 0.82578125 0.4734375 0.78671875 0.4640625 0.74609375 0.4640625 0.74375 0.43203125 0.73359375 0.4265625 0.72578125 0.4625 0.71328125 0.4640625 0.69765625 0.45625 0.690625 0.46015625 0.696875 0.50078125 0.675 0.53203125 0.678125 0.55234375 0.7265625 0.57734375 0.721875 0.61015625 0.72578125 0.6234375 0.76640625 0.5890625 0.79296875 0.590625 0.81640625 0.6046875
4 0.8640625 0.79921875 0.875 0.76484375 0.8734375 0.74453125 0.884375 0.73203125 0.8703125 0.70546875 0.865625 0.66953125 0.81328125 0.603125 0.79765625 0.5921875 0.76796875 0.590625 0.74453125 0.6046875 0.72265625 0.63125 0.7125 0.63203125 0.728125 0.71015625 0.7484375 0.75234375 0.77265625 0.7828125 0.778125 0.76796875 0.7703125 0.74609375 0.80546875 0.740625 0.809375 0.76953125 0.81640625 0.7765625 0.83515625 0.7703125 0.853125 0.79765625
4 0.2203125 0.86328125 0.24453125 0.8578125 0.26328125 0.8453125 0.2890625 0.80234375 0.2875 0.77578125 0.259375 0.71171875 0.253125 0.62578125 0.24765625 0.61875 0.2390625 0.62265625 0.22890625 0.5953125 0.225 0.62421875 0.23125 0.66015625 0.22109375 0.7 0.17890625 0.6921875 0.14609375 0.7078125 0.1359375 0.68828125 0.12578125 0.6828125 0.11171875 0.7015625 0.08203125 0.7078125 0.075 0.71640625 0.0734375 0.73515625 0.0796875 0.78046875 0.11953125 0.834375 0.14765625 0.8375 0.18671875 0.8609375
4 0.2140625 0.53671875 0.225 0.51328125 0.2296875 0.46796875 0.25 0.41640625 0.253125 0.37578125 0.3 0.29296875 0.31171875 0.2359375 0.325 0.23515625 0.3265625 0.27421875 0.3390625 0.28359375 0.340625 0.21171875 0.328125 0.18515625 0.321875 0.13984375 0.29921875 0.0828125 0.29140625 0.084375 0.2859375 0.09453125 0.290625 0.11328125 0.2640625 0.13984375 0.240625 0.18046875 0.184375 0.37421875 0.1859375 0.44921875 0.1765625 0.46796875 0.1765625 0.49765625 0.1890625 0.50703125 0.2 0.53515625
4 0.096875 0.35390625 0.115625 0.23515625 0.125 0.20546875 0.14296875 0.1859375 0.16953125 0.1875 0.171875 0.19765625 0.1859375 0.20390625 0.19375 0.23984375 0.2171875 0.25546875 0.234375 0.19140625 0.2609375 0.13203125 0.23984375 0.109375 0.22109375 0.1046875 0.18828125 0.1109375 0.1390625 0.15390625 0.1328125 0.18203125 0.1015625 0.22734375 0.09375 0.27109375 0.0828125 0.28984375 0.0859375 0.35234375
4 0.1390625 0.63203125 0.146875 0.62265625 0.1515625 0.59921875 0.153125 0.50078125 0.159375 0.46640625 0.1546875 0.42421875 0.16875 0.28984375 0.175 0.27421875 0.1953125 0.25546875 0.1859375 0.21796875 0.171875 0.19609375 0.15546875 0.184375 0.1390625 0.18828125 0.1390625 0.20078125 0.13125 0.20078125 0.1140625 0.24296875 0.1 0.33515625 0.09375 0.43515625 0.096875 0.49921875 0.1140625 0.57265625 0.1265625 0.59296875 0.13125 0.62421875
4 0.05625 0.77578125 0.0671875 0.75390625 0.0734375 0.71640625 0.0859375 0.69609375 0.0890625 0.62578125 0.10625 0.56015625 0.0921875 0.47109375 0.096875 0.35859375 0.09140625 0.3546875 0.0765625 0.36328125 0.05625 0.41953125 0.053125 0.51171875 0.0375 0.62265625 0.0375 0.66015625 0.0234375 0.67109375 0.0234375 0.68671875 0.0375 0.70703125 0.046875 0.76484375
1 0.58125 0.85234375 0.64609375 0.8453125 0.72109375 0.828125 0.76640625 0.8109375 0.7734375 0.80078125 0.725 0.71171875 0.71875 0.66953125 0.7 0.66015625 0.7015625 0.63828125 0.709375 0.62421875 0.70703125 0.60625 0.70234375 0.6265625 0.66796875 0.6328125 0.64453125 0.6609375 0.63984375 0.6515625 0.63203125 0.665625 0.62421875 0.6625 0.61875 0.66796875 0.6203125 0.69609375 0.6140625 0.71328125 0.603125 0.71015625 0.603125 0.72265625 0.590625 0.72734375 0.578125 0.74921875 0.578125 0.76328125 0.5734375 0.76171875 0.5671875 0.81171875 0.5703125 0.83671875 0.55625 0.83203125 0.55546875 0.853125