1 0.534375 0.23671875 0.54765625 0.228125 0.57421875 0.225 0.56875 0.20859375 0.571875 0.19609375 0.59375 0.18671875 0.58984375 0.1765625 0.5671875 0.17421875 0.565625 0.15703125 0.58515625 0.1421875 0.61015625 0.1390625 0.64140625 0.121875 0.53515625 0.103125 0.41796875 0.1015625 0.3875 0.10703125 0.415625 0.11171875 0.4140625 0.12109375 0.4 0.13359375 0.4015625 0.15390625 0.4125 0.15703125 0.41484375 0.1828125 0.46484375 0.171875 0.48046875 0.2015625 0.50078125 0.2109375 0.52578125 0.2359375
1 0.515625 0.85703125 0.64765625 0.840625 0.6546875 0.82890625 0.65 0.79765625 0.6640625 0.78046875 0.675 0.73671875 0.6921875 0.70859375 0.70390625 0.7 0.74609375 0.6921875 0.78046875 0.6984375 0.79375 0.68359375 0.8140625 0.60859375 0.8078125 0.50546875 0.815625 0.44765625 0.80625 0.41015625 0.78125 0.38984375 0.778125 0.37265625 0.81015625 0.3578125 0.82421875 0.359375 0.85 0.33984375 0.8453125 0.20078125 0.8421875 0.18515625 0.83359375 0.1796875 0.7953125 0.16953125 0.80625 0.20234375 0.7953125 0.24296875 0.75234375 0.290625 0.71484375 0.2953125 0.7109375 0.28515625 0.7203125 0.25859375 0.67578125 0.2390625 0.634375 0.26640625 0.621875 0.29609375 0.6484375 0.35234375 0.6515625 0.39296875 0.63671875 0.396875 0.62421875 0.3875 0.6203125 0.39140625 0.625 0.42109375 0.62109375 0.4328125 0.6046875 0.42890625 0.58671875 0.3921875 0.54921875 0.3828125 0.53359375 0.384375 0.52734375 0.4015625 0.49609375 0.40625 0.4828125 0.42109375 0.5125 0.58203125 0.53515625 0.6 0.56328125 0.5953125 0.58046875 0.60625 0.584375 0.61640625 0.5703125 0.64140625 0.5390625 0.66796875 0.5515625 0.72578125 0.553125 0.77578125 0.52265625 0.8046875 0.50390625 0.8046875 0.49375 0.81171875 0.4921875 0.85234375 0.49921875 0.8578125
4 0.175 0.29296875 0.2140625 0.26484375 0.2171875 0.25234375 0.24375 0.21953125 0.2625 0.17578125 0.25625 0.12421875 0.24453125 0.109375 0.22734375 0.1015625 0.18671875 0.1109375 0.14140625 0.1375 0.12578125 0.13125 0.11640625 0.134375 0.090625 0.16640625 0.075 0.21640625 0.075 0.23671875 0.0984375 0.24453125 0.08671875 0.271875 0.10390625 0.2640625 0.12421875 0.2640625 0.14609375 0.2421875 0.16484375 0.2625 0.178125 0.26640625 0.1703125 0.28515625
4 0.15 0.67421875 0.17265625 0.63125 0.18359375 0.64375 0.19375 0.63359375 0.2046875 0.60078125 0.2078125 0.55703125 0.246875 0.49453125 0.2640625 0.43359375 0.290625 0.37890625 0.2796875 0.30234375 0.26171875 0.271875 0.2390625 0.28671875 0.2078125 0.32734375 0.184375 0.37734375 0.159375 0.45859375 0.134375 0.50859375 0.128125 0.59140625 0.13125 0.65859375 0.13828125 0.6734375
4 0.0609375 0.67734375 0.06875 0.67109375 0.078125 0.63515625 0.090625 0.53203125 0.0859375 0.43359375 0.0984375 0.39921875 0.096875 0.38359375 0.0875 0.37109375 0.084375 0.31171875 0.07578125 0.2765625 0.05859375 0.2859375 0.0484375 0.30390625 0.034375 0.40546875 0.034375 0.61171875 0.05 0.66953125
4 0.196875 0.89140625 0.21875 0.86328125 0.225 0.77734375 0.21953125 0.7671875 0.20390625 0.76875 0.20390625 0.7796875 0.1875 0.76953125 0.16875 0.73203125 0.140625 0.70078125 0.1390625 0.68359375 0.1171875 0.65078125 0.096875 0.63359375 0.0984375 0.61171875 0.08671875 0.5921875 0.08125 0.59609375 0.08125 0.62890625 0.06875 0.67109375 0.06875 0.71953125 0.078125 0.75859375 0.10625 0.81171875 0.134375 0.84921875 0.17734375 0.8890625
4 0.4375 0.92265625 0.4484375 0.87890625 0.47109375 0.875 0.484375 0.86171875 0.478125 0.84296875 0.490625 0.83203125 0.4875 0.81328125 0.43125 0.76328125 0.425 0.71328125 0.40703125 0.6875 0.3875 0.68515625 0.3984375 0.70234375 0.36953125 0.734375 0.33359375 0.7 0.2890625 0.68671875 0.290625 0.65078125 0.3078125 0.58671875 0.3 0.58828125 0.27265625 0.6390625 0.2828125 0.57734375 0.27578125 0.5625 0.2484375 0.63984375 0.246875 0.66484375 0.2234375 0.71484375 0.225 0.76953125 0.2375 0.80546875 0.2625 0.83984375 0.29296875 0.865625 0.32109375 0.8765625 0.36171875 0.8765625 0.38828125 0.8875 0.41484375 0.8890625 0.4265625 0.91796875
4 0.5203125 0.80078125 0.53515625 0.7765625 0.55 0.77265625 0.546875 0.72265625 0.534375 0.66328125 0.56171875 0.6453125 0.58125 0.61640625 0.56015625 0.6 0.53359375 0.603125 0.5140625 0.58828125 0.503125 0.56484375 0.48125 0.41796875 0.49140625 0.403125 0.52109375 0.4015625 0.5296875 0.38984375 0.51015625 0.378125 0.46796875 0.36875 0.44609375 0.346875 0.42109375 0.3390625 0.3890625 0.36484375 0.38125 0.40859375 0.378125 0.46015625 0.3859375 0.55078125 0.44375 0.69453125 0.4890625 0.76640625 0.4984375 0.79765625
4 0.61875 0.42890625 0.621875 0.41640625 0.615625 0.38359375 0.62265625 0.378125 0.63671875 0.3921875 0.64765625 0.39375 0.646875 0.35546875 0.6177083333333334 0.290625 0.6260416666666666 0.2677083333333333 0.6041666666666666 0.27708333333333335 0.5989583333333334 0.2604166666666667 0.578125 0.23828125 0.56171875 0.228125 0.52890625 0.2421875 0.48984375 0.20625 0.45703125 0.196875 0.4609375 0.18828125 0.45390625 0.184375 0.42734375 0.1875 0.40078125 0.2 0.3859375 0.22109375 0.3703125 0.27109375 0.375 0.29921875 0.3890625 0.33046875 0.40546875 0.3421875 0.43515625 0.340625 0.46953125 0.365625 0.54140625 0.3765625 0.57265625 0.3890625 0.59140625 0.3875 0.603125 0.42109375
4 0.721875 0.29296875 0.75390625 0.2875 0.759375 0.27578125 0.7875 0.25234375 0.7953125 0.23359375 0.8 0.19765625 0.78125 0.15546875 0.75703125 0.128125 0.73984375 0.11875 0.70234375 0.11875 0.63203125 0.1328125 0.5734375 0.15546875 0.56875 0.16953125 0.57421875 0.1734375 0.6140625 0.16640625 0.596875 0.20078125 0.603125 0.21328125 0.5958333333333334 0.253125 0.6114583333333334 0.265625 0.621875 0.2666666666666667 0.63046875 0.2625 0.67734375 0.2359375 0.728125 0.25546875 0.715625 0.27578125 0.7140625 0.29140625
4 0.8609375 0.75703125 0.878125 0.72265625 0.878125 0.42578125 0.865625 0.37421875 0.83671875 0.3578125 0.82265625 0.365625 0.80859375 0.3609375 0.7796875 0.37578125 0.78984375 0.3953125 0.8046875 0.39609375 0.81875 0.44609375 0.809375 0.51796875 0.8171875 0.61640625 0.8078125 0.62890625 0.7921875 0.69921875 0.80390625 0.6984375 0.81953125 0.68125 0.82421875 0.6828125 0.840625 0.72734375
4 0.7203125 0.86484375 0.79921875 0.8234375 0.83203125 0.81875 0.8390625 0.82109375 0.8421875 0.84453125 0.8484375 0.85078125 0.8515625 0.80546875 0.86875 0.78515625 0.8703125 0.77421875 0.853125 0.75390625 0.82421875 0.69375 0.81484375 0.6921875 0.80078125 0.7046875 0.78203125 0.7078125 0.75390625 0.6953125 0.70703125 0.7015625 0.68125 0.73203125 0.6671875 0.78984375 0.6546875 0.79765625 0.6515625 0.81171875 0.68984375 0.859375