4 0.40625 0.56171875 0.4140625 0.54609375 0.425 0.45859375 0.43359375 0.4546875 0.48359375 0.4609375 0.509375 0.44921875 0.5125 0.43828125 0.49375 0.40546875 0.49375 0.39296875 0.509375 0.38203125 0.5109375 0.37109375 0.46015625 0.325 0.41640625 0.2953125 0.37890625 0.25625 0.37109375 0.253125 0.36171875 0.2640625 0.353125 0.23671875 0.34296875 0.228125 0.32890625 0.2234375 0.27890625 0.225 0.2578125 0.23984375 0.240625 0.27109375 0.2328125 0.30234375 0.240625 0.35703125 0.2203125 0.44140625 0.225 0.44453125 0.23671875 0.421875 0.2375 0.46953125 0.24453125 0.478125 0.2546875 0.41796875 0.27578125 0.375 0.31328125 0.4125 0.37265625 0.43125 0.3859375 0.44609375 0.396875 0.48984375 0.390625 0.54453125
4 0.2171875 0.35234375 0.240625 0.26796875 0.2546875 0.23984375 0.28046875 0.2234375 0.34296875 0.2265625 0.353125 0.23359375 0.353125 0.24765625 0.36171875 0.2625 0.37265625 0.2484375 0.4125 0.28671875 0.409375 0.24921875 0.4015625 0.23359375 0.409375 0.18515625 0.403125 0.14453125 0.40859375 0.13125 0.40078125 0.1359375 0.37578125 0.1078125 0.32734375 0.0859375 0.29296875 0.0890625 0.23828125 0.1125 0.2203125 0.11171875 0.2265625 0.09609375 0.22265625 0.0875 0.2109375 0.09453125 0.171875 0.17265625 0.1828125 0.19609375 0.2 0.21328125 0.18515625 0.309375 0.1984375 0.29609375 0.2125 0.25234375 0.22109375 0.24375 0.225 0.25234375 0.2125 0.33515625
4 0.0765625 0.55546875 0.084375 0.53515625 0.090625 0.47890625 0.09609375 0.4765625 0.11640625 0.4875 0.1234375 0.48359375 0.10625 0.45859375 0.103125 0.43828125 0.12109375 0.4375 0.13125 0.42890625 0.1046875 0.39765625 0.096875 0.37265625 0.1078125 0.29765625 0.1078125 0.24609375 0.13046875 0.2203125 0.15546875 0.21875 0.1578125 0.21328125 0.15078125 0.2015625 0.1265625 0.19296875 0.14609375 0.1859375 0.15390625 0.16875 0.14609375 0.1640625 0.11015625 0.16875 0.09765625 0.1578125 0.08828125 0.159375 0.0734375 0.17421875 0.065625 0.19140625 0.0484375 0.25859375 0.040625 0.31953125 0.0453125 0.47109375 0.0375 0.49921875 0.06875 0.55234375
4 0.084375 0.74765625 0.08984375 0.7203125 0.11015625 0.715625 0.13203125 0.7234375 0.14765625 0.721875 0.18359375 0.6984375 0.21328125 0.6625 0.225 0.66640625 0.221875 0.63515625 0.228125 0.58515625 0.2125 0.53046875 0.21171875 0.4359375 0.203125 0.43984375 0.196875 0.49921875 0.17265625 0.5515625 0.14921875 0.5515625 0.11796875 0.5734375 0.1109375 0.56015625 0.1078125 0.50546875 0.1015625 0.49453125 0.0984375 0.58203125 0.09140625 0.5890625 0.07890625 0.578125 0.075 0.58203125 0.0703125 0.62890625 0.0578125 0.66328125 0.0578125 0.68359375 0.0734375 0.73359375
4 0.2828125 0.89453125 0.30625 0.85390625 0.32265625 0.8375 0.3421875 0.83046875 0.34375 0.81640625 0.2703125 0.72421875 0.2734375 0.61796875 0.26328125 0.6265625 0.25390625 0.603125 0.24375 0.69921875 0.23359375 0.7125 0.21796875 0.7125 0.18828125 0.6984375 0.14609375 0.7234375 0.10703125 0.71875 0.1015625 0.73359375 0.1109375 0.80234375 0.13671875 0.8390625 0.19140625 0.8546875 0.24609375 0.8453125 0.25703125 0.8484375 0.2703125 0.85859375 0.2734375 0.89296875
4 0.575 0.87890625 0.60234375 0.8734375 0.61796875 0.8625 0.63359375 0.8703125 0.640625 0.86796875 0.6421875 0.85859375 0.625 0.82578125 0.6171875 0.78359375 0.590625 0.76171875 0.57265625 0.721875 0.54140625 0.7421875 0.509375 0.71640625 0.49140625 0.6890625 0.4328125 0.67890625 0.4265625 0.63203125 0.4296875 0.57734375 0.42421875 0.5625 0.41171875 0.5625 0.4046875 0.57734375 0.3984375 0.67109375 0.375 0.70859375 0.3765625 0.78671875 0.41484375 0.8328125 0.46484375 0.86875 0.48828125 0.875
4 0.5515625 0.73203125 0.5796875 0.71015625 0.6078125 0.66328125 0.6234375 0.62421875 0.6328125 0.57734375 0.6390625 0.49296875 0.6359375 0.39296875 0.6453125 0.32890625 0.61328125 0.25625 0.6 0.26796875 0.57734375 0.3328125 0.53359375 0.2875 0.528125 0.29765625 0.53125 0.31640625 0.52109375 0.30625 0.5140625 0.30859375 0.5171875 0.33515625 0.5328125 0.35390625 0.5453125 0.38828125 0.553125 0.43828125 0.5265625 0.50546875 0.5125 0.58828125 0.48828125 0.5828125 0.45078125 0.5421875 0.4453125 0.54453125 0.4484375 0.57109375 0.43828125 0.56875 0.434375 0.57421875 0.4421875 0.59609375 0.4890625 0.64765625 0.49375 0.68515625 0.5078125 0.71328125 0.52578125 0.728125
4 0.6640625 0.70546875 0.6703125 0.70078125 0.6734375 0.63828125 0.69453125 0.584375 0.72578125 0.575 0.76484375 0.525 0.7796875 0.55234375 0.784375 0.57890625 0.79140625 0.5890625 0.7953125 0.58671875 0.79375 0.50078125 0.8109375 0.45234375 0.8234375 0.44453125 0.8328125 0.42421875 0.828125 0.40703125 0.80390625 0.3859375 0.78671875 0.3875 0.76640625 0.3796875 0.74140625 0.4 0.69921875 0.409375 0.6796875 0.42734375 0.6421875 0.48828125 0.6328125 0.58828125 0.6546875 0.61640625 0.6515625 0.69453125 0.65546875 0.70625
4 0.6453125 0.45546875 0.6734375 0.35390625 0.69453125 0.325 0.73984375 0.325 0.76640625 0.3140625 0.7796875 0.35078125 0.78125 0.37734375 0.78828125 0.384375 0.7921875 0.38046875 0.79375 0.33515625 0.8015625 0.32578125 0.80625 0.27578125 0.828125 0.22421875 0.8296875 0.19921875 0.8140625 0.18203125 0.7984375 0.14296875 0.78984375 0.1375 0.784375 0.14140625 0.78359375 0.1734375 0.73359375 0.1828125 0.67265625 0.2109375 0.65546875 0.228125 0.64453125 0.225 0.640625 0.23046875 0.6453125 0.24765625 0.6375 0.30546875 0.6484375 0.33203125 0.6484375 0.34921875 0.6375 0.42109375
4 0.7453125 0.83984375 0.77578125 0.828125 0.803125 0.80390625 0.8203125 0.76015625 0.821875 0.71015625 0.8078125 0.67421875 0.796875 0.60390625 0.78984375 0.590625 0.78828125 0.6671875 0.7703125 0.62109375 0.759375 0.61328125 0.76875 0.65703125 0.76484375 0.6890625 0.74296875 0.6875 0.71484375 0.7015625 0.7078125 0.69765625 0.7 0.67421875 0.703125 0.62421875 0.68828125 0.6109375 0.68125 0.62109375 0.678125 0.69609375 0.6703125 0.71171875 0.61328125 0.7359375 0.6015625 0.74765625 0.625 0.79296875 0.63203125 0.8265625 0.64765625 0.81875 0.6515625 0.83203125 0.66015625 0.8359375 0.69921875 0.8328125 0.72265625 0.840625
1 0.6328125 0.28203125 0.6421875 0.25078125 0.64296875 0.21875 0.65546875 0.225 0.66640625 0.2125 0.71484375 0.1890625 0.77734375 0.171875 0.78125 0.15390625 0.61953125 0.1140625 0.54609375 0.103125 0.47109375 0.1015625 0.465625 0.10703125 0.4703125 0.11953125 0.4640625 0.12734375 0.465625 0.16328125 0.4703125 0.16640625 0.4640625 0.17734375 0.471875 0.18515625 0.46796875 0.1828125 0.4703125 0.18828125 0.4640625 0.19296875 0.484375 0.20546875 0.4875 0.21640625 0.48125 0.22421875 0.49921875 0.21875 0.5140625 0.25546875 0.53515625 0.265625 0.54921875 0.25625 0.57734375 0.2640625 0.61484375 0.253125
1 0.821875 0.79296875 0.84921875 0.7859375 0.8578125 0.77265625 0.8625 0.67265625 0.8578125 0.34296875 0.8484375 0.25859375 0.84375 0.26015625 0.83984375 0.2390625 0.8375 0.25546875 0.82890625 0.2640625 0.82109375 0.25625 0.815625 0.26328125 0.8015625 0.33046875 0.8015625 0.34609375 0.809375 0.35859375 0.8078125 0.38671875 0.8265625 0.40234375 0.8328125 0.42890625 0.825 0.44453125 0.8125 0.45234375 0.7953125 0.50390625 0.796875 0.59921875 0.809375 0.67421875 0.8234375 0.70859375 0.8234375 0.75546875 0.815625 0.78515625
1 0.65625 0.46171875 0.6796875 0.42578125 0.70078125 0.4078125 0.74296875 0.3984375 0.76171875 0.38125 0.7796875 0.37734375 0.778125 0.34921875 0.76640625 0.3171875 0.73828125 0.3265625 0.69453125 0.3265625 0.684375 0.33828125 0.6734375 0.35703125 0.6546875 0.42109375 0.65 0.46171875
1 0.71875 0.69765625 0.74296875 0.6859375 0.765625 0.68359375 0.75859375 0.6109375 0.778125 0.62890625 0.78203125 0.646875 0.7875 0.63984375 0.7859375 0.58515625 0.778125 0.56015625 0.76171875 0.54375 0.72578125 0.5765625 0.69453125 0.5875 0.6890625 0.59765625 0.7046875 0.62734375 0.7015625 0.67578125 0.709375 0.69609375