4 0.578125 0.31328125 0.584375 0.30546875 0.5875 0.21171875 0.63203125 0.1921875 0.6390625 0.18203125 0.6390625 0.17109375 0.621875 0.13984375 0.6296875 0.11796875 0.61640625 0.10625 0.49921875 0.0734375 0.46328125 0.0734375 0.41640625 0.0921875 0.4 0.10859375 0.38125 0.14296875 0.3875 0.18515625 0.41640625 0.2046875 0.44765625 0.2390625 0.45390625 0.234375 0.49140625 0.2359375 0.53515625 0.21875 0.5515625 0.25078125 0.559375 0.30703125 0.56640625 0.3140625
4 0.4453125 0.41015625 0.45 0.38515625 0.4390625 0.33203125 0.4515625 0.28515625 0.4296875 0.22109375 0.40234375 0.1953125 0.34921875 0.178125 0.31796875 0.1796875 0.24609375 0.2109375 0.19921875 0.2546875 0.178125 0.25859375 0.178125 0.27890625 0.190625 0.30078125 0.184375 0.33515625 0.19765625 0.346875 0.23046875 0.346875 0.23984375 0.359375 0.27109375 0.3390625 0.29609375 0.3328125 0.32890625 0.334375 0.37109375 0.3484375 0.39609375 0.346875 0.425 0.36796875
4 0.1546875 0.31171875 0.15625 0.29921875 0.140625 0.27578125 0.140625 0.25546875 0.14765625 0.253125 0.17421875 0.2640625 0.17734375 0.2546875 0.19609375 0.253125 0.22109375 0.225 0.2734375 0.19609375 0.278125 0.15234375 0.271875 0.12421875 0.290625 0.11484375 0.28359375 0.10625 0.26484375 0.109375 0.24296875 0.0984375 0.20078125 0.1015625 0.15390625 0.1265625 0.11484375 0.13125 0.0984375 0.14609375 0.0859375 0.16953125 0.0875 0.19765625 0.103125 0.21640625 0.1046875 0.24765625 0.115625 0.25546875 0.128125 0.29296875 0.14140625 0.3078125
4 0.128125 0.48359375 0.146875 0.43984375 0.153125 0.39921875 0.1765625 0.34609375 0.178125 0.31953125 0.16953125 0.3109375 0.14296875 0.3453125 0.1328125 0.34609375 0.125 0.29609375 0.1015625 0.26015625 0.1 0.21328125 0.0890625 0.20546875 0.084375 0.17734375 0.07734375 0.171875 0.0609375 0.19453125 0.0515625 0.22421875 0.059375 0.38515625 0.0703125 0.42578125 0.0875 0.46015625 0.10390625 0.475
4 0.11875 0.81171875 0.121875 0.80078125 0.1125 0.73046875 0.13828125 0.740625 0.1421875 0.73203125 0.1 0.66953125 0.10625 0.58203125 0.1015625 0.50703125 0.11015625 0.5 0.13046875 0.503125 0.134375 0.49140625 0.09453125 0.46875 0.0734375 0.43203125 0.06484375 0.4296875 0.0515625 0.44921875 0.04375 0.48515625 0.0390625 0.53359375 0.0421875 0.63984375 0.0546875 0.71640625 0.078125 0.80078125
4 0.465625 0.50859375 0.46875 0.49921875 0.4578125 0.43671875 0.428125 0.37421875 0.40703125 0.353125 0.37265625 0.35 0.32265625 0.334375 0.29140625 0.334375 0.26171875 0.3453125 0.23125 0.37265625 0.2125 0.42109375 0.21875 0.46328125 0.23984375 0.49375 0.25703125 0.4953125 0.27578125 0.4828125 0.30078125 0.4828125 0.32578125 0.465625 0.34765625 0.4609375 0.38984375 0.4953125 0.43203125 0.496875
4 0.2296875 0.62578125 0.29296875 0.6203125 0.32578125 0.6109375 0.36015625 0.6125 0.38671875 0.596875 0.40859375 0.6109375 0.4140625 0.56640625 0.4375 0.53671875 0.4390625 0.52265625 0.41328125 0.5015625 0.38203125 0.4921875 0.34296875 0.4609375 0.32265625 0.46875 0.30546875 0.484375 0.27890625 0.484375 0.26171875 0.4953125 0.22734375 0.4984375 0.2125 0.48203125 0.209375 0.45390625 0.2 0.45546875 0.20078125 0.471875 0.18046875 0.4515625 0.178125 0.55078125 0.1859375 0.60546875 0.20390625 0.621875
4 0.3234375 0.75703125 0.39609375 0.746875 0.42890625 0.703125 0.4578125 0.71015625 0.459375 0.70234375 0.4421875 0.68515625 0.4421875 0.67734375 0.4625 0.66015625 0.4625 0.64765625 0.4515625 0.63671875 0.459375 0.61640625 0.45390625 0.6 0.41484375 0.6 0.41640625 0.625 0.39296875 0.6078125 0.34765625 0.6140625 0.33359375 0.621875 0.24609375 0.6234375 0.221875 0.63203125 0.2125 0.65234375 0.2109375 0.69609375 0.2296875 0.73203125 0.26015625 0.7546875
4 0.39375 0.88203125 0.42890625 0.8640625 0.45625 0.86015625 0.453125 0.85078125 0.465625 0.82890625 0.4578125 0.81015625 0.4703125 0.79140625 0.46328125 0.771875 0.40390625 0.759375 0.39296875 0.75 0.31640625 0.759375 0.25703125 0.7546875 0.2296875 0.73359375 0.2109375 0.70703125 0.203125 0.79296875 0.2171875 0.83984375 0.22578125 0.85 0.25078125 0.865625 0.30234375 0.878125 0.36015625 0.8765625 0.37421875 0.8828125
4 0.85 0.53828125 0.859375 0.50078125 0.871875 0.48984375 0.865625 0.25078125 0.8484375 0.18203125 0.82421875 0.1546875 0.809375 0.16640625 0.803125 0.18203125 0.7921875 0.30703125 0.80078125 0.3109375 0.80625 0.30390625 0.815625 0.35390625 0.8125 0.42734375 0.821875 0.43984375 0.8265625 0.48203125 0.8421875 0.53203125
1 0.7890625 0.31171875 0.8015625 0.16953125 0.73828125 0.14375 0.66796875 0.128125 0.6671875 0.20859375 0.675 0.21171875 0.6703125 0.22421875 0.678125 0.22890625 0.6796875 0.25546875 0.69140625 0.25625 0.684375 0.25234375 0.69453125 0.25 0.6984375 0.26328125 0.70390625 0.259375 0.71484375 0.2734375 0.72265625 0.259375 0.73046875 0.2734375 0.74375 0.27734375 0.74609375 0.2890625 0.77421875 0.2890625 0.7828125 0.29765625 0.784375 0.31171875