4 0.4484375 0.28671875 0.446875 0.26796875 0.4234375 0.23671875 0.46328125 0.2328125 0.49765625 0.209375 0.51953125 0.234375 0.54140625 0.234375 0.5515625 0.22265625 0.553125 0.20390625 0.5875 0.17265625 0.6015625 0.11953125 0.58515625 0.090625 0.53828125 0.06875 0.51171875 0.075 0.42265625 0.071875 0.37421875 0.0890625 0.359375 0.10234375 0.3359375 0.15078125 0.3453125 0.16640625 0.353125 0.20546875 0.40546875 0.2640625 0.42421875 0.278125 0.43203125 0.2734375
4 0.7375 0.28671875 0.76484375 0.2734375 0.78359375 0.25625 0.803125 0.22421875 0.8015625 0.18046875 0.7828125 0.14453125 0.76953125 0.1296875 0.74296875 0.1171875 0.68203125 0.11875 0.66484375 0.1109375 0.63359375 0.1171875 0.61640625 0.0953125 0.60390625 0.090625 0.603125 0.10703125 0.615625 0.12890625 0.59375 0.15078125 0.5890625 0.17109375 0.6125 0.20078125 0.59140625 0.1984375 0.584375 0.21015625 0.64765625 0.2375 0.67578125 0.2296875 0.73671875 0.2546875 0.74375 0.26015625 0.73125 0.26796875 0.7265625 0.28046875 0.73046875 0.2875
4 0.33125 0.71484375 0.3734375 0.70234375 0.378125 0.68359375 0.3734375 0.64609375 0.3921875 0.62890625 0.409375 0.59921875 0.43671875 0.5171875 0.453125 0.53203125 0.440625 0.57578125 0.44453125 0.5875 0.4515625 0.58515625 0.4578125 0.57109375 0.4703125 0.53046875 0.465625 0.46015625 0.4765625 0.44921875 0.4671875 0.43359375 0.46875 0.41484375 0.490625 0.32421875 0.490625 0.29921875 0.48515625 0.2921875 0.45859375 0.296875 0.43359375 0.2796875 0.4203125 0.28359375 0.4234375 0.31953125 0.390625 0.35546875 0.3703125 0.40703125 0.3265625 0.46640625 0.3078125 0.51015625 0.2875 0.58671875 0.284375 0.65703125 0.29375 0.69140625 0.31328125 0.7109375
4 0.1796875 0.33359375 0.2 0.31953125 0.2125 0.29609375 0.215625 0.23515625 0.2109375 0.20859375 0.18515625 0.1921875 0.15859375 0.1875 0.13359375 0.1921875 0.11953125 0.16875 0.11328125 0.16875 0.09296875 0.190625 0.05859375 0.19375 0.05 0.20859375 0.0625 0.22890625 0.0765625 0.28359375 0.08671875 0.29375 0.10234375 0.296875 0.13203125 0.3234375
4 0.075 0.67109375 0.0875 0.55078125 0.084375 0.50390625 0.103125 0.41796875 0.103125 0.35390625 0.0890625 0.29765625 0.06328125 0.2640625 0.046875 0.30703125 0.0390625 0.35390625 0.0328125 0.56640625 0.04375 0.63828125 0.0671875 0.66953125
4 0.1234375 0.73671875 0.121875 0.67734375 0.1296875 0.64140625 0.2125 0.56484375 0.234375 0.50703125 0.21953125 0.3609375 0.21171875 0.396875 0.19765625 0.3828125 0.1921875 0.38515625 0.171875 0.46328125 0.15390625 0.4703125 0.1359375 0.48671875 0.109375 0.54609375 0.0875 0.55390625 0.0796875 0.70078125 0.08515625 0.7109375 0.10078125 0.7140625 0.11484375 0.7359375
4 0.1609375 0.75078125 0.21875 0.71015625 0.2828125 0.62734375 0.2921875 0.55859375 0.3171875 0.48515625 0.3140625 0.45546875 0.30703125 0.45 0.27109375 0.478125 0.25234375 0.5015625 0.2390625 0.50078125 0.2140625 0.56640625 0.13125 0.63984375 0.121875 0.68515625 0.128125 0.72421875 0.14921875 0.75
4 0.25 0.87265625 0.28671875 0.8609375 0.31640625 0.86875 0.33828125 0.8609375 0.375 0.81484375 0.3796875 0.78984375 0.3984375 0.75234375 0.39375 0.73828125 0.37421875 0.740625 0.34609375 0.7265625 0.32734375 0.7296875 0.30078125 0.70625 0.27890625 0.7234375 0.23359375 0.70625 0.16328125 0.7484375 0.1578125 0.76484375 0.159375 0.79921875 0.184375 0.84765625 0.21796875 0.8703125
4 0.378125 0.90546875 0.39140625 0.890625 0.42734375 0.8953125 0.45390625 0.884375 0.51953125 0.884375 0.5546875 0.85703125 0.584375 0.81328125 0.5984375 0.76640625 0.596875 0.74921875 0.55 0.66640625 0.528125 0.64609375 0.50390625 0.609375 0.49375 0.61171875 0.4953125 0.62578125 0.48203125 0.6265625 0.48125 0.63359375 0.4890625 0.65234375 0.5125 0.67578125 0.51875 0.70703125 0.49296875 0.7140625 0.45234375 0.7375 0.42890625 0.7234375 0.40546875 0.725 0.4 0.73046875 0.4015625 0.75859375 0.3921875 0.76640625 0.3734375 0.82109375 0.3578125 0.83671875 0.353125 0.85234375 0.36875 0.88203125 0.3703125 0.90078125
4 0.6578125 0.91015625 0.6625 0.86328125 0.66796875 0.8578125 0.69453125 0.8875 0.7046875 0.87578125 0.6875 0.78828125 0.6875 0.70390625 0.6765625 0.68046875 0.6578125 0.66484375 0.6484375 0.59609375 0.625 0.53984375 0.62734375 0.53125 0.65625 0.52734375 0.65390625 0.5171875 0.628125 0.50546875 0.6328125 0.48828125 0.65703125 0.484375 0.6640625 0.46796875 0.66015625 0.4625 0.63046875 0.459375 0.60859375 0.4640625 0.59453125 0.4546875 0.57734375 0.453125 0.56328125 0.459375 0.54453125 0.484375 0.53359375 0.4828125 0.5265625 0.49140625 0.5265625 0.50234375 0.534375 0.50703125 0.53125 0.54921875 0.5453125 0.64140625 0.60625 0.76796875 0.61875 0.81796875 0.646875 0.84765625 0.646875 0.88203125
1 0.3625 0.40859375 0.3625 0.39765625 0.3734375 0.38984375 0.390625 0.34921875 0.415625 0.31796875 0.415625 0.28046875 0.359375 0.22265625 0.34140625 0.1875 0.33046875 0.1953125 0.325 0.19296875 0.3265625 0.16015625 0.3421875 0.13359375 0.3453125 0.11484375 0.31953125 0.1109375 0.30078125 0.1171875 0.290625 0.13046875 0.2890625 0.15390625 0.2953125 0.15859375 0.2984375 0.18515625 0.2890625 0.18984375 0.290625 0.19765625 0.28125 0.20546875 0.2734375 0.23203125 0.290625 0.23671875 0.2875 0.24765625 0.296875 0.25234375 0.296875 0.29453125 0.31015625 0.2984375 0.3109375 0.31015625 0.325 0.31796875 0.3140625 0.33046875 0.3125 0.34296875 0.3015625 0.34921875 0.2984375 0.37265625 0.33359375 0.3765625 0.321875 0.38828125 0.36015625 0.3921875
1 0.7171875 0.82890625 0.83515625 0.790625 0.8484375 0.78046875 0.85 0.76953125 0.8546875 0.43203125 0.84375 0.20234375 0.83515625 0.1859375 0.80859375 0.1765625 0.80625 0.22109375 0.796875 0.24453125 0.77109375 0.2734375 0.73984375 0.2890625 0.725 0.28515625 0.728125 0.26171875 0.72265625 0.2546875 0.68203125 0.2359375 0.64296875 0.2390625 0.62109375 0.2265625 0.58828125 0.21875 0.58125 0.21328125 0.57890625 0.19375 0.5609375 0.20703125 0.553125 0.22734375 0.53984375 0.2390625 0.51953125 0.2390625 0.50078125 0.221875 0.48984375 0.221875 0.4453125 0.25078125 0.4609375 0.27578125 0.46328125 0.290625 0.48671875 0.2890625 0.49375 0.29765625 0.4921875 0.32890625 0.471875 0.41484375 0.471875 0.43046875 0.4875 0.46640625 0.4703125 0.47578125 0.471875 0.53828125 0.453125 0.58984375 0.44765625 0.5953125 0.4375 0.58515625 0.43671875 0.5328125 0.4015625 0.62109375 0.415625 0.65390625 0.3984375 0.67109375 0.41171875 0.6765625 0.4265625 0.69921875 0.39296875 0.71875 0.365625 0.72265625 0.37421875 0.7296875 0.40546875 0.71875 0.42421875 0.71875 0.45546875 0.7296875 0.50546875 0.70625 0.50625 0.68203125 0.4859375 0.65859375 0.475 0.62890625 0.4890625 0.60703125 0.50234375 0.6 0.5109375 0.60546875 0.5296875 0.63984375 0.53671875 0.6453125 0.540625 0.64140625 0.5296875 0.56171875 0.53125 0.52578125 0.5203125 0.49921875 0.525 0.48671875 0.54609375 0.4765625 0.55546875 0.4625 0.57421875 0.4515625 0.65703125 0.459375 0.6671875 0.46796875 0.6625 0.48515625 0.6390625 0.49921875 0.659375 0.51328125 0.6625 0.52734375 0.65703125 0.5359375 0.63671875 0.540625 0.634375 0.55078125 0.653125 0.60859375 0.659375 0.65859375 0.6796875 0.68046875 0.690625 0.70703125 0.6890625 0.76796875 0.6984375 0.82578125