1 0.653125 0.83828125 0.6671875 0.82890625 0.6546875 0.80859375 0.64140625 0.759375 0.634375 0.76953125 0.6375 0.83046875 0.63984375 0.8390625
1 0.728125 0.82734375 0.82734375 0.7984375 0.8546875 0.78203125 0.859375 0.54765625 0.85234375 0.5296875 0.84375 0.57421875 0.821875 0.62578125 0.8171875 0.73671875 0.8078125 0.76171875 0.80078125 0.7625 0.7828125 0.70234375 0.7625 0.67421875 0.75625 0.61953125 0.778125 0.51015625 0.8046875 0.44921875 0.809375 0.42109375 0.78515625 0.4140625 0.78125 0.42734375 0.79375 0.44453125 0.7921875 0.45390625 0.76640625 0.4578125 0.7546875 0.44453125 0.75 0.41640625 0.73828125 0.4296875 0.7234375 0.38984375 0.69921875 0.371875 0.69140625 0.375 0.68671875 0.3625 0.6765625 0.37109375 0.6921875 0.41796875 0.696875 0.46171875 0.70234375 0.4703125 0.71484375 0.46875 0.7234375 0.47578125 0.72734375 0.509375 0.7546875 0.51796875 0.74453125 0.534375 0.73359375 0.5359375 0.7171875 0.55390625 0.7296875 0.66328125 0.7234375 0.73046875 0.73671875 0.7453125 0.75546875 0.7328125 0.7625 0.73515625 0.7625 0.75390625 0.7515625 0.76953125 0.76328125 0.771875 0.7671875 0.78359375 0.7296875 0.80859375
4 0.8671875 0.29140625 0.8640625 0.21328125 0.85 0.18203125 0.81640625 0.1484375 0.79140625 0.1375 0.76328125 0.1375 0.71484375 0.1578125 0.703125 0.14453125 0.7015625 0.18359375 0.6796875 0.25234375 0.68828125 0.26875 0.72578125 0.26875 0.73828125 0.2625 0.74296875 0.26875 0.75859375 0.2703125 0.77265625 0.259375 0.82578125 0.25625 0.83984375 0.2609375
4 0.778125 0.45546875 0.790625 0.45234375 0.7875 0.43984375 0.775 0.43203125 0.7796875 0.41171875 0.81640625 0.4109375 0.8484375 0.37421875 0.86875 0.33515625 0.86875 0.30859375 0.8578125 0.28359375 0.83984375 0.2640625 0.82421875 0.2578125 0.80546875 0.2578125 0.77578125 0.275 0.74296875 0.26875 0.72109375 0.2828125 0.70703125 0.275 0.68984375 0.275 0.7015625 0.28671875 0.7015625 0.29609375 0.675 0.33203125 0.675 0.34765625 0.73125 0.39609375 0.7375 0.42578125 0.7421875 0.41015625 0.75078125 0.4109375 0.7578125 0.44765625 0.76796875 0.45625
4 0.80625 0.76171875 0.815625 0.73671875 0.8203125 0.62578125 0.840625 0.57734375 0.853125 0.50234375 0.8765625 0.45546875 0.8828125 0.34140625 0.87890625 0.3265625 0.871875 0.32890625 0.85 0.37265625 0.825 0.40234375 0.8125 0.43984375 0.7890625 0.48203125 0.7578125 0.61640625 0.7625 0.66953125 0.784375 0.70078125 0.7953125 0.74921875
4 0.696875 0.84453125 0.715625 0.83359375 0.73359375 0.8015625 0.7640625 0.78515625 0.76328125 0.775 0.7484375 0.77265625 0.7640625 0.73984375 0.75390625 0.734375 0.74296875 0.7453125 0.73515625 0.7453125 0.721875 0.73046875 0.728125 0.65546875 0.715625 0.55703125 0.7515625 0.51953125 0.74140625 0.5125 0.72578125 0.5140625 0.725 0.47890625 0.71328125 0.46875 0.6984375 0.46796875 0.6828125 0.38671875 0.67109375 0.3703125 0.6640625 0.37578125 0.6484375 0.42734375 0.63359375 0.4171875 0.625 0.41796875 0.6234375 0.45078125 0.6375 0.47109375 0.6375 0.68515625 0.65 0.78515625 0.675 0.84140625
4 0.6359375 0.89921875 0.6421875 0.88828125 0.6328125 0.80546875 0.6390625 0.69765625 0.6296875 0.67265625 0.6296875 0.57265625 0.615625 0.49765625 0.6265625 0.45078125 0.63359375 0.4453125 0.64765625 0.453125 0.6484375 0.44296875 0.6296875 0.44140625 0.628125 0.42734375 0.6375 0.42265625 0.6439732142857143 0.3638392857142857 0.61015625 0.409375 0.58828125 0.3921875 0.56953125 0.390625 0.5390625 0.41953125 0.528125 0.46953125 0.525 0.52265625 0.5265625 0.61640625 0.5546875 0.77890625 0.5609375 0.79453125 0.5734375 0.79921875 0.578125 0.84765625 0.578125 0.85859375 0.5625 0.87265625 0.559375 0.89453125 0.56484375 0.8984375 0.57734375 0.8921875 0.59296875 0.8640625 0.60546875 0.8875
4 0.5609375 0.86640625 0.5734375 0.85390625 0.5671875 0.83671875 0.5703125 0.81015625 0.55625 0.80546875 0.55 0.75078125 0.5359375 0.72109375 0.4984375 0.68515625 0.4703125 0.63984375 0.43671875 0.6078125 0.38984375 0.5859375 0.35546875 0.5828125 0.34609375 0.5734375 0.346875 0.59453125 0.3265625 0.62734375 0.325 0.69609375 0.3015625 0.77421875 0.31171875 0.771875 0.3140625 0.78515625 0.32109375 0.7875 0.3375 0.75390625 0.36640625 0.73125 0.40546875 0.7859375 0.4578125 0.80859375 0.459375 0.83515625 0.4390625 0.83671875 0.4375 0.84765625 0.44296875 0.853125 0.46796875 0.8671875 0.48046875 0.8640625 0.49140625 0.8515625 0.49765625 0.85625 0.51171875 0.8515625 0.54296875 0.8671875
4 0.265625 0.90234375 0.275 0.89140625 0.2859375 0.85390625 0.30390625 0.8390625 0.31953125 0.8375 0.3234375 0.82109375 0.2984375 0.78203125 0.2546875 0.74140625 0.2484375 0.65703125 0.22421875 0.625 0.221875 0.67734375 0.20703125 0.7140625 0.16171875 0.684375 0.12578125 0.696875 0.109375 0.65078125 0.1046875 0.59765625 0.09140625 0.596875 0.0875 0.62109375 0.0953125 0.68671875 0.0890625 0.75390625 0.1 0.79453125 0.11796875 0.8171875 0.16640625 0.846875 0.21953125 0.8515625 0.24453125 0.8609375
4 0.3625 0.33671875 0.38046875 0.2734375 0.4015625 0.32421875 0.4140625 0.32421875 0.4 0.25859375 0.41484375 0.23125 0.46171875 0.2390625 0.50703125 0.2140625 0.53203125 0.2203125 0.5421875 0.21484375 0.5765625 0.15234375 0.603125 0.11953125 0.5875 0.09296875 0.58125 0.05859375 0.56953125 0.040625 0.5625 0.04765625 0.55859375 0.078125 0.51796875 0.08125 0.48984375 0.0734375 0.44453125 0.075 0.38515625 0.1 0.3578125 0.12578125 0.3515625 0.17890625 0.365625 0.22109375 0.35625 0.32109375 0.35625 0.33203125
4 0.484375 0.42421875 0.55390625 0.371875 0.5609375 0.37578125 0.56171875 0.390625 0.57734375 0.3890625 0.596875 0.35078125 0.6 0.31953125 0.64609375 0.2671875 0.6296875 0.31796875 0.63515625 0.3265625 0.64375 0.31953125 0.7015625 0.17421875 0.7015625 0.14453125 0.6921875 0.11953125 0.67109375 0.0984375 0.63671875 0.1 0.59375 0.13359375 0.5765625 0.15390625 0.540625 0.22109375 0.5078125 0.25859375 0.4984375 0.30859375 0.4625 0.31328125 0.4625 0.32109375 0.4828125 0.33359375 0.4734375 0.41640625
4 0.146875 0.51328125 0.15 0.49609375 0.128125 0.44765625 0.121875 0.38984375 0.140625 0.33828125 0.1484375 0.27890625 0.15234375 0.2703125 0.16640625 0.265625 0.18359375 0.265625 0.20078125 0.275 0.209375 0.25703125 0.1796875 0.21796875 0.1796875 0.20859375 0.2078125 0.15234375 0.2109375 0.13203125 0.20703125 0.1265625 0.18515625 0.128125 0.16796875 0.1203125 0.15546875 0.0921875 0.146875 0.09921875 0.15 0.13671875 0.103125 0.20859375 0.0828125 0.25859375 0.071875 0.30546875 0.065625 0.37734375 0.065625 0.43203125 0.0734375 0.45859375 0.08828125 0.4703125 0.11015625 0.4703125 0.146875 0.51328125