1 0.759375 0.81640625 0.83515625 0.790625 0.85 0.77109375 0.85625 0.46328125 0.846875 0.22421875 0.840625 0.18671875 0.74140625 0.1453125 0.63203125 0.1171875 0.50703125 0.1015625 0.38046875 0.1046875 0.3765625 0.11796875 0.38125 0.11796875 0.3828125 0.14140625 0.38046875 0.15 0.37265625 0.1375 0.36875 0.13984375 0.3671875 0.20078125 0.37265625 0.209375 0.37734375 0.2 0.3828125 0.20390625 0.38046875 0.2140625 0.36875 0.21171875 0.36875 0.21953125 0.38046875 0.2171875 0.384375 0.22421875 0.36875 0.23046875 0.3828125 0.23515625 0.3765625 0.24453125 0.3875 0.25234375 0.3734375 0.26328125 0.39296875 0.265625 0.3984375 0.27734375 0.3890625 0.30234375 0.3921875 0.30703125 0.44140625 0.33125 0.46015625 0.33125 0.47265625 0.321875 0.50703125 0.3203125 0.53984375 0.309375 0.56875 0.33359375 0.5703125 0.34140625 0.565625 0.36953125 0.575 0.42265625 0.5671875 0.44453125 0.55859375 0.453125 0.53046875 0.453125 0.46640625 0.4671875 0.459375 0.47890625 0.4625 0.49296875 0.5203125 0.54765625 0.5375 0.57421875 0.5375 0.58515625 0.5140625 0.60546875 0.5078125 0.62109375 0.515625 0.66015625 0.5125 0.67734375 0.48984375 0.68125 0.4671875 0.70546875 0.475 0.73828125 0.50390625 0.7703125 0.509375 0.76953125 0.509375 0.74921875 0.51484375 0.7421875 0.55703125 0.7453125 0.59140625 0.7390625 0.61640625 0.7484375 0.6515625 0.71796875 0.640625 0.68828125 0.64296875 0.6796875 0.70703125 0.6828125 0.75234375 0.6984375 0.7609375 0.71171875 0.7640625 0.75703125 0.75 0.80859375
4 0.0890625 0.33828125 0.1671875 0.22578125 0.18984375 0.2046875 0.22890625 0.20625 0.23515625 0.2296875 0.2703125 0.23984375 0.28203125 0.271875 0.3 0.26328125 0.2984375 0.24296875 0.2765625 0.21171875 0.28125 0.13203125 0.2640625 0.09921875 0.26015625 0.075 0.2515625 0.07890625 0.24921875 0.0890625 0.22890625 0.0890625 0.18515625 0.10625 0.115625 0.17109375 0.090625 0.22578125 0.0765625 0.27734375 0.0828125 0.33515625
4 0.103125 0.47734375 0.12109375 0.4703125 0.1484375 0.44765625 0.14375 0.42578125 0.1953125 0.35078125 0.21171875 0.3390625 0.24375 0.33359375 0.2390625 0.26328125 0.228125 0.23828125 0.2265625 0.21328125 0.21484375 0.20625 0.19140625 0.2046875 0.175 0.21796875 0.084375 0.35859375 0.0734375 0.39921875 0.0765625 0.43984375 0.0859375 0.47265625
4 0.021875 0.77421875 0.0421875 0.75859375 0.06875 0.71171875 0.06875 0.69765625 0.05078125 0.6875 0.0453125 0.67734375 0.0515625 0.53359375 0.0671875 0.50390625 0.0671875 0.47109375 0.0765625 0.45234375 0.0734375 0.39296875 0.0625 0.37734375 0.06328125 0.3609375 0.0515625 0.38828125 0.01875 0.42421875 0.003125 0.47890625 0 0.73984375
4 0.1484375 0.83515625 0.1703125 0.81484375 0.1703125 0.77421875 0.153125 0.73984375 0.1453125 0.70390625 0.125 0.67734375 0.1125 0.63359375 0.0890625 0.58671875 0.0828125 0.53046875 0.0765625 0.51171875 0.06796875 0.5078125 0.0515625 0.54453125 0.0515625 0.63046875 0.096875 0.74765625 0.1140625 0.81171875 0.12578125 0.828125
4 0.19375 0.77890625 0.209375 0.76796875 0.2203125 0.74921875 0.2203125 0.69140625 0.2125 0.65703125 0.1890625 0.60703125 0.1453125 0.54296875 0.1296875 0.48046875 0.12265625 0.4734375 0.10859375 0.475 0.09609375 0.5078125 0.08359375 0.4984375 0.078125 0.50078125 0.0875 0.58046875 0.1125 0.63046875 0.1234375 0.67265625 0.1453125 0.70234375 0.1625 0.76015625 0.17421875 0.775
4 0.3921875 0.76015625 0.42109375 0.740625 0.4703125 0.69296875 0.490625 0.66640625 0.4890625 0.65390625 0.45546875 0.64375 0.44765625 0.6484375 0.41015625 0.6203125 0.36640625 0.6171875 0.32109375 0.5953125 0.26171875 0.5796875 0.23984375 0.5828125 0.22890625 0.5921875 0.215625 0.61484375 0.2125 0.64921875 0.221875 0.68828125 0.240625 0.71640625 0.25703125 0.7296875 0.26640625 0.7296875 0.27734375 0.7203125 0.30546875 0.7390625 0.35234375 0.740625 0.37265625 0.759375
4 0.5078125 0.67265625 0.509375 0.65390625 0.5 0.62421875 0.5109375 0.59765625 0.52890625 0.5875 0.5328125 0.57578125 0.5203125 0.55390625 0.4578125 0.49609375 0.4515625 0.46953125 0.43203125 0.46875 0.40234375 0.490625 0.37890625 0.478125 0.31796875 0.4640625 0.2984375 0.45078125 0.2640625 0.39921875 0.25703125 0.4 0.2625 0.45078125 0.25234375 0.4515625 0.2359375 0.43203125 0.2484375 0.47578125 0.253125 0.56640625 0.27578125 0.584375 0.32734375 0.596875 0.36953125 0.6171875 0.40859375 0.61875 0.44921875 0.64375 0.47890625 0.6234375 0.4921875 0.66015625
4 0.3953125 0.47734375 0.43984375 0.4640625 0.51015625 0.45625 0.55703125 0.4375 0.5703125 0.41171875 0.553125 0.38984375 0.546875 0.36953125 0.5609375 0.35859375 0.565625 0.33515625 0.53515625 0.3125 0.51328125 0.325 0.48984375 0.321875 0.46640625 0.3328125 0.43984375 0.3359375 0.41640625 0.3203125 0.36796875 0.3109375 0.365625 0.30703125 0.3890625 0.28828125 0.38828125 0.271875 0.37734375 0.2734375 0.33515625 0.303125 0.2953125 0.34765625 0.2859375 0.39453125 0.2890625 0.42734375 0.303125 0.45234375 0.31796875 0.4625
4 0.4953125 0.89453125 0.503125 0.88828125 0.5203125 0.83828125 0.534375 0.81796875 0.5234375 0.79765625 0.4765625 0.74921875 0.45859375 0.7109375 0.40234375 0.75625 0.38515625 0.7625 0.36484375 0.75625 0.34921875 0.7421875 0.30703125 0.7484375 0.28046875 0.734375 0.25859375 0.734375 0.228125 0.70859375 0.234375 0.75390625 0.2515625 0.78203125 0.259375 0.83671875 0.28359375 0.875 0.38359375 0.8875 0.48359375 0.8765625
4 0.6140625 0.88046875 0.65078125 0.8625 0.69921875 0.8515625 0.7375 0.82109375 0.7546875 0.78515625 0.7625 0.74140625 0.759375 0.71796875 0.74453125 0.6984375 0.69453125 0.6828125 0.65234375 0.6828125 0.646875 0.68671875 0.65 0.69921875 0.6734375 0.70703125 0.61640625 0.7546875 0.58671875 0.740625 0.55859375 0.75 0.5203125 0.74609375 0.515625 0.78828125 0.5390625 0.82265625 0.5234375 0.83515625 0.525 0.84609375 0.55703125 0.8578125 0.58828125 0.8796875