4 0.85625 0.54765625 0.8671875 0.53984375 0.878125 0.48359375 0.8671875 0.27265625 0.84375 0.17734375 0.834375 0.16171875 0.82421875 0.1578125 0.81796875 0.171875 0.80390625 0.165625 0.7984375 0.17578125 0.821875 0.31171875 0.8078125 0.38203125 0.81875 0.45078125 0.79921875 0.4578125 0.78515625 0.446875 0.78125 0.46171875 0.7953125 0.49765625 0.84609375 0.5453125
4 0.6375 0.44921875 0.68046875 0.4203125 0.69296875 0.43125 0.70234375 0.43125 0.7234375 0.41171875 0.73359375 0.390625 0.7671875 0.39140625 0.7515625 0.41640625 0.7515625 0.43359375 0.759375 0.43046875 0.80625 0.36171875 0.8203125 0.33046875 0.815625 0.27421875 0.79765625 0.24375 0.78203125 0.234375 0.75703125 0.240625 0.70703125 0.290625 0.66640625 0.3046875 0.6625 0.32109375 0.64453125 0.3453125 0.62421875 0.340625 0.6140625 0.34609375 0.6203125 0.36171875 0.6375 0.36953125 0.6234375 0.43984375 0.63046875 0.45
4 0.65 0.33046875 0.659375 0.32265625 0.66484375 0.303125 0.70546875 0.290625 0.75859375 0.2359375 0.775 0.23046875 0.7828125 0.20390625 0.7828125 0.17578125 0.7765625 0.14765625 0.75859375 0.1296875 0.74140625 0.1265625 0.72890625 0.1328125 0.70390625 0.16875 0.67109375 0.178125 0.63515625 0.221875 0.62421875 0.2234375 0.6125 0.23515625 0.6015625 0.31015625 0.60859375 0.31875 0.62890625 0.3125 0.63359375 0.3296875
4 0.4578125 0.36796875 0.4640625 0.36015625 0.46875 0.31640625 0.48046875 0.28125 0.496875 0.31953125 0.5140625 0.31953125 0.5109375 0.26640625 0.51640625 0.2484375 0.57109375 0.2421875 0.61171875 0.2140625 0.6234375 0.19453125 0.65546875 0.16875 0.68125 0.16953125 0.665625 0.13359375 0.62890625 0.0921875 0.60703125 0.084375 0.54765625 0.08125 0.52265625 0.090625 0.46953125 0.1265625 0.43203125 0.1390625 0.4265625 0.11640625 0.409375 0.11640625 0.40625 0.18359375 0.3890625 0.21171875 0.384375 0.23984375 0.39453125 0.2484375 0.4546875 0.25859375 0.453125 0.36640625
4 0.5453125 0.84453125 0.5640625 0.78203125 0.56875 0.72265625 0.5984375 0.66015625 0.596875 0.62890625 0.57421875 0.6171875 0.5703125 0.60703125 0.5671875 0.48828125 0.55 0.41171875 0.56796875 0.3796875 0.58671875 0.3796875 0.5984375 0.37109375 0.5921875 0.35390625 0.6 0.34140625 0.57890625 0.3375 0.53984375 0.3484375 0.51640625 0.3234375 0.49453125 0.3234375 0.465625 0.36015625 0.453125 0.41328125 0.45625 0.53203125 0.49375 0.69765625 0.496875 0.76640625 0.48125 0.78515625 0.48828125 0.790625 0.5078125 0.78984375 0.5046875 0.81484375 0.51015625 0.8390625 0.53046875 0.8234375 0.5359375 0.84296875
4 0.6140625 0.86015625 0.6359375 0.84921875 0.659375 0.80859375 0.678125 0.73515625 0.6953125 0.60859375 0.7109375 0.56484375 0.7078125 0.44140625 0.69453125 0.4359375 0.67890625 0.4484375 0.67578125 0.4296875 0.665625 0.44140625 0.6609375 0.47109375 0.6328125 0.52265625 0.625 0.55546875 0.625 0.59453125 0.5859375 0.69921875 0.5671875 0.77578125 0.5796875 0.85703125
4 0.7234375 0.77890625 0.74765625 0.7671875 0.7796875 0.72890625 0.803125 0.67890625 0.8390625 0.66015625 0.8515625 0.61328125 0.86796875 0.615625 0.8765625 0.61015625 0.8765625 0.59140625 0.8625 0.56953125 0.8609375 0.54921875 0.84765625 0.546875 0.83203125 0.53125 0.81640625 0.53125 0.803125 0.54140625 0.78984375 0.565625 0.73984375 0.590625 0.7046875 0.62890625 0.6890625 0.65546875 0.6796875 0.71640625 0.68125 0.74453125 0.675 0.76171875 0.68671875 0.7625 0.70703125 0.7796875
4 0.6140625 0.86015625 0.634375 0.85078125 0.659375 0.80859375 0.678125 0.73515625 0.6953125 0.60859375 0.7125 0.55546875 0.709375 0.44609375 0.70390625 0.4359375 0.69453125 0.4359375 0.67890625 0.4484375 0.67578125 0.4296875 0.6671875 0.43828125 0.659375 0.47109375 0.6328125 0.52265625 0.625 0.55546875 0.625 0.59453125 0.5859375 0.69921875 0.5671875 0.77578125 0.5796875 0.85703125
4 0.3828125 0.91953125 0.39375 0.87421875 0.4265625 0.86328125 0.425 0.84453125 0.4046875 0.81015625 0.42265625 0.80625 0.4234375 0.79296875 0.38203125 0.7734375 0.35859375 0.7484375 0.31796875 0.746875 0.28515625 0.7109375 0.25078125 0.6984375 0.25 0.68984375 0.271875 0.67734375 0.26953125 0.6609375 0.25390625 0.6609375 0.22890625 0.671875 0.1890625 0.70703125 0.1796875 0.72890625 0.171875 0.76484375 0.190625 0.81015625 0.21640625 0.840625 0.23515625 0.8515625 0.29921875 0.8640625 0.33984375 0.884375 0.36953125 0.8828125 0.36875 0.90859375
4 0.103125 0.57109375 0.11796875 0.5515625 0.12578125 0.5546875 0.1359375 0.53828125 0.1609375 0.45078125 0.209375 0.34140625 0.2328125 0.22734375 0.2296875 0.20078125 0.2171875 0.17578125 0.22109375 0.1546875 0.20859375 0.16875 0.18515625 0.1734375 0.1609375 0.21171875 0.1359375 0.32734375 0.1015625 0.41640625 0.0953125 0.47578125 0.084375 0.51015625 0.0921875 0.52578125 0.09375 0.55859375
4 0.0828125 0.73515625 0.09765625 0.7265625 0.13828125 0.7328125 0.1453125 0.72109375 0.11875 0.69609375 0.1 0.66171875 0.1015625 0.58046875 0.0921875 0.55546875 0.090625 0.52734375 0.08125 0.51328125 0.0953125 0.46015625 0.090625 0.44140625 0.1140625 0.37734375 0.0859375 0.39609375 0.0734375 0.33046875 0.06640625 0.3265625 0.0296875 0.40859375 0.0296875 0.42421875 0.0390625 0.43203125 0.034375 0.59609375 0.0546875 0.71015625 0.06640625 0.73125
1 0.703125 0.16640625 0.7171875 0.13828125 0.67421875 0.1265625 0.6765625 0.15390625 0.69140625 0.1671875
1 0.6625 0.84296875 0.78671875 0.8140625 0.8453125 0.78828125 0.853125 0.76953125 0.8578125 0.72265625 0.85234375 0.6390625 0.846875 0.65390625 0.82734375 0.671875 0.8046875 0.67890625 0.7796875 0.73203125 0.74609375 0.7703125 0.71640625 0.7828125 0.68984375 0.7734375 0.6734375 0.78515625 0.65625 0.82734375 0.646875 0.83671875 0.65390625 0.84375
1 0.696875 0.63984375 0.74140625 0.5875 0.78828125 0.5640625 0.815625 0.52890625 0.8140625 0.51953125 0.7875 0.49921875 0.784375 0.47265625 0.7703125 0.44765625 0.77265625 0.4390625 0.78203125 0.4390625 0.80078125 0.4546875 0.8140625 0.44921875 0.80390625 0.3734375 0.7828125 0.39296875 0.75703125 0.434375 0.75 0.42890625 0.75625 0.39765625 0.74609375 0.39375 0.73515625 0.39375 0.70625 0.43203125 0.7140625 0.48515625 0.721875 0.48671875 0.7234375 0.50390625 0.69375 0.62265625 0.6921875 0.63984375
1 0.5953125 0.61796875 0.6234375 0.59453125 0.6296875 0.52734375 0.6578125 0.46796875 0.65546875 0.44375 0.63203125 0.453125 0.621875 0.43984375 0.6359375 0.37734375 0.609375 0.34921875 0.6265625 0.33046875 0.596875 0.31015625 0.60859375 0.221875 0.56953125 0.246875 0.51953125 0.2515625 0.5140625 0.26953125 0.515625 0.31171875 0.53828125 0.34375 0.55078125 0.3453125 0.58515625 0.334375 0.59921875 0.3375 0.6046875 0.34609375 0.6 0.37265625 0.56796875 0.3828125 0.5515625 0.41328125 0.56875 0.49140625 0.571875 0.60078125 0.58046875 0.6140625