4 0.58125 0.26328125 0.584375 0.24609375 0.565625 0.22734375 0.56640625 0.2203125 0.60703125 0.228125 0.64609375 0.2171875 0.66015625 0.2328125 0.68046875 0.2328125 0.69765625 0.2171875 0.73359375 0.2140625 0.7390625 0.20859375 0.7390625 0.18359375 0.725 0.13984375 0.734375 0.12890625 0.70234375 0.11875 0.67890625 0.0953125 0.64609375 0.0984375 0.56640625 0.0765625 0.52734375 0.0859375 0.5109375 0.09921875 0.49453125 0.125 0.46953125 0.1328125 0.46953125 0.1390625 0.4953125 0.13984375 0.50625 0.18515625 0.53125 0.21796875 0.5375 0.23984375 0.55078125 0.2515625
4 0.3640625 0.77734375 0.38046875 0.771875 0.428125 0.73203125 0.4453125 0.70234375 0.45625 0.65859375 0.453125 0.62734375 0.4171875 0.58515625 0.396875 0.53828125 0.36796875 0.5015625 0.3546875 0.53046875 0.36875 0.57890625 0.36015625 0.5953125 0.32890625 0.6 0.29453125 0.6140625 0.26171875 0.5953125 0.22890625 0.5859375 0.19921875 0.5640625 0.190625 0.56484375 0.178125 0.58828125 0.1859375 0.61796875 0.1796875 0.64296875 0.1953125 0.67734375 0.209375 0.68671875 0.228125 0.71953125 0.24453125 0.734375 0.31796875 0.771875
1 0.8484375 0.25234375 0.8484375 0.21953125 0.84296875 0.234375 0.8421875 0.18984375 0.83515625 0.1796875 0.79765625 0.1625 0.79765625 0.15625 0.78203125 0.15625 0.77421875 0.1484375 0.76171875 0.1484375 0.76015625 0.140625 0.74765625 0.140625 0.7453125 0.13359375 0.7515625 0.13046875 0.74609375 0.1265625 0.7296875 0.13828125 0.7265625 0.15234375 0.740625 0.18203125 0.74296875 0.2203125 0.77109375 0.2421875 0.79453125 0.240625 0.81640625 0.2484375 0.815625 0.24296875 0.82421875 0.240625 0.82734375 0.253125 0.84453125 0.2421875
1 0.7171875 0.55546875 0.72734375 0.5390625 0.75859375 0.5296875 0.80625 0.48359375 0.8171875 0.47109375 0.840625 0.41640625 0.82421875 0.3953125 0.80078125 0.390625 0.76953125 0.371875 0.73515625 0.3703125 0.71015625 0.35 0.68203125 0.365625 0.6765625 0.35703125 0.6765625 0.34609375 0.6859375 0.33515625 0.68203125 0.325 0.68125 0.33203125 0.6671875 0.34140625 0.675 0.35390625 0.665625 0.37265625 0.6765625 0.37734375 0.6671875 0.37890625 0.671875 0.38515625 0.6671875 0.43046875 0.6765625 0.43984375 0.6671875 0.44453125 0.6796875 0.46171875 0.6796875 0.49921875 0.6859375 0.51015625 0.68125 0.52265625 0.69453125 0.5234375 0.696875 0.53828125 0.70859375 0.540625 0.7109375 0.55390625
4 0.821875 0.38984375 0.83359375 0.3859375 0.8578125 0.35390625 0.8609375 0.30234375 0.84765625 0.26875 0.82578125 0.2625 0.79609375 0.2421875 0.76953125 0.24375 0.73828125 0.21875 0.73125 0.22421875 0.734375 0.24140625 0.72890625 0.2484375 0.66875 0.26953125 0.665625 0.28984375 0.68125 0.30390625 0.6921875 0.32578125 0.68359375 0.3625 0.70703125 0.3453125 0.73984375 0.3703125 0.76953125 0.3703125 0.80078125 0.3875
4 0.81875 0.61171875 0.84375 0.59453125 0.878125 0.53359375 0.9015625 0.44296875 0.9015625 0.31953125 0.87578125 0.28125 0.86875 0.28515625 0.8578125 0.35859375 0.8328125 0.39296875 0.8453125 0.41796875 0.83125 0.43671875 0.8171875 0.47265625 0.765625 0.52578125 0.796875 0.59453125 0.80703125 0.6078125
4 0.871875 0.81484375 0.88125 0.80390625 0.878125 0.77265625 0.8921875 0.73046875 0.8828125 0.72265625 0.88125 0.70234375 0.86953125 0.7015625 0.85703125 0.7109375 0.80390625 0.6875 0.74921875 0.6796875 0.7296875 0.66328125 0.71484375 0.6390625 0.7 0.65859375 0.6921875 0.69453125 0.6828125 0.70234375 0.7 0.77890625 0.72734375 0.796875 0.73828125 0.7921875 0.76015625 0.803125 0.80390625 0.8 0.82421875 0.809375 0.83828125 0.8078125 0.86015625 0.7921875 0.8609375 0.81171875
4 0.871875 0.69453125 0.8796875 0.69296875 0.8703125 0.65546875 0.884375 0.60234375 0.84453125 0.596875 0.81640625 0.615625 0.796875 0.59609375 0.76953125 0.5421875 0.75546875 0.5359375 0.72890625 0.540625 0.7140625 0.59609375 0.715625 0.62421875 0.728125 0.66015625 0.75078125 0.6796875 0.76953125 0.678125 0.82734375 0.6921875 0.83671875 0.690625 0.86015625 0.66875 0.8625 0.69140625
4 0.2140625 0.85234375 0.2296875 0.84140625 0.2421875 0.80546875 0.26875 0.78515625 0.26015625 0.784375 0.24921875 0.7953125 0.240625 0.79296875 0.2234375 0.73359375 0.1984375 0.69296875 0.17265625 0.66875 0.16640625 0.6671875 0.1625 0.67421875 0.16640625 0.6890625 0.15078125 0.6921875 0.13046875 0.70625 0.121875 0.68046875 0.10234375 0.675 0.096875 0.70078125 0.084375 0.72109375 0.0578125 0.73359375 0.06875 0.79765625 0.10390625 0.821875 0.13046875 0.8234375 0.16640625 0.85
4 0.0421875 0.76015625 0.053125 0.74609375 0.053125 0.72890625 0.07734375 0.725 0.096875 0.69609375 0.0984375 0.67109375 0.1171875 0.62265625 0.1375 0.52265625 0.1625 0.48828125 0.1453125 0.42890625 0.12265625 0.4125 0.10703125 0.4125 0.1015625 0.41796875 0.084375 0.46328125 0.04375 0.65703125 0.03984375 0.6609375 0.02734375 0.6515625 0.0140625 0.66953125 0.034375 0.69765625 0.0296875 0.75234375
4 0.0546875 0.60234375 0.09375 0.43359375 0.090625 0.39765625 0.103125 0.36640625 0.103125 0.35078125 0.0890625 0.32421875 0.06796875 0.3046875 0.059375 0.31171875 0.04375 0.35234375 0.0359375 0.41171875 0.0421875 0.57265625 0.046875 0.59765625
4 0.1890625 0.37265625 0.19375 0.36015625 0.16875 0.33828125 0.2 0.30234375 0.1953125 0.28359375 0.175 0.26640625 0.1875 0.24921875 0.1859375 0.24140625 0.16171875 0.240625 0.1203125 0.22265625 0.1046875 0.19296875 0.11171875 0.1875 0.12578125 0.1890625 0.13125 0.17734375 0.11328125 0.1640625 0.06953125 0.1640625 0.0578125 0.17890625 0.0515625 0.20859375 0.053125 0.25859375 0.06875 0.30078125 0.09296875 0.325 0.11484375 0.33125 0.14609375 0.3546875