4 0.7296875 0.36484375 0.7453125 0.32890625 0.7625 0.32109375 0.78046875 0.2828125 0.82109375 0.26875 0.8125 0.29921875 0.81640625 0.3046875 0.821875 0.30234375 0.85 0.24296875 0.8484375 0.18828125 0.82890625 0.159375 0.80703125 0.1484375 0.77890625 0.1484375 0.7578125 0.16484375 0.7390625 0.20859375 0.7140625 0.23203125 0.6984375 0.27421875 0.675 0.30078125 0.67890625 0.3125 0.696875 0.30234375 0.6890625 0.33046875 0.69375 0.34921875 0.72265625 0.334375 0.7234375 0.36171875
4 0.759375 0.85078125 0.7625 0.80234375 0.7796875 0.75703125 0.7765625 0.70390625 0.6875 0.56796875 0.66328125 0.5484375 0.63984375 0.5515625 0.621875 0.57890625 0.6171875 0.60859375 0.60390625 0.6046875 0.6 0.61796875 0.61875 0.65390625 0.65546875 0.6890625 0.675 0.69921875 0.7125 0.78359375 0.7390625 0.80234375 0.7359375 0.82734375 0.740625 0.84140625
4 0.8625 0.87109375 0.878125 0.85234375 0.8921875 0.80703125 0.89375 0.77265625 0.8859375 0.74140625 0.87265625 0.721875 0.84609375 0.7078125 0.82578125 0.6875 0.79140625 0.6875 0.7765625 0.70390625 0.778125 0.76953125 0.79765625 0.7953125 0.82578125 0.8015625 0.8375 0.81328125 0.8515625 0.84609375 0.85 0.86796875
4 0.396875 0.84453125 0.43828125 0.8234375 0.50234375 0.7703125 0.540625 0.72109375 0.5703125 0.69453125 0.58125 0.66171875 0.56953125 0.6515625 0.55625 0.65234375 0.5671875 0.61953125 0.55859375 0.609375 0.5484375 0.61015625 0.54765625 0.584375 0.53046875 0.5875 0.515625 0.60859375 0.5140625 0.62109375 0.47890625 0.634375 0.44921875 0.66875 0.40390625 0.671875 0.36328125 0.690625 0.34375 0.67109375 0.3515625 0.62578125 0.35 0.61328125 0.34375 0.61328125 0.309375 0.75078125 0.3109375 0.81171875 0.32890625 0.8328125 0.34453125 0.840625
4 0.3484375 0.59765625 0.353125 0.59140625 0.353125 0.53671875 0.36953125 0.5546875 0.378125 0.55390625 0.3703125 0.51171875 0.359375 0.49921875 0.3609375 0.37578125 0.3890625 0.31640625 0.39296875 0.3125 0.403125 0.32265625 0.4078125 0.29140625 0.41640625 0.28125 0.4203125 0.31484375 0.42578125 0.321875 0.43125 0.31953125 0.434375 0.27578125 0.4421875 0.25859375 0.43125 0.18671875 0.4125 0.15390625 0.41171875 0.13125 0.3609375 0.17109375 0.3265625 0.22109375 0.303125 0.31015625 0.29375 0.37578125 0.278125 0.42421875 0.2796875 0.45703125 0.309375 0.52421875 0.3078125 0.54609375 0.315625 0.57890625 0.32265625 0.5890625 0.33046875 0.58125 0.34296875 0.5984375
4 0.2921875 0.29296875 0.303125 0.26953125 0.3046875 0.23984375 0.3296875 0.19609375 0.3375 0.11484375 0.30234375 0.0890625 0.27578125 0.084375 0.24453125 0.0875 0.20234375 0.109375 0.17265625 0.1078125 0.16328125 0.1125 0.1265625 0.15234375 0.1296875 0.16171875 0.1203125 0.17578125 0.11875 0.20859375 0.16796875 0.25 0.18203125 0.25 0.19296875 0.2359375 0.23046875 0.2546875 0.25234375 0.253125 0.27109375 0.240625 0.265625 0.28046875 0.27890625 0.2671875 0.28125 0.28359375
4 0.24375 0.40546875 0.2484375 0.40078125 0.24453125 0.384375 0.27109375 0.384375 0.2921875 0.36328125 0.29375 0.35390625 0.2765625 0.33671875 0.2734375 0.32109375 0.296875 0.30234375 0.27578125 0.2859375 0.25234375 0.3 0.22890625 0.2734375 0.19140625 0.2703125 0.16640625 0.2578125 0.15390625 0.2421875 0.13828125 0.2421875 0.1140625 0.27421875 0.1078125 0.31640625 0.1265625 0.33828125 0.1390625 0.36953125 0.15390625 0.38125 0.18984375 0.371875 0.21953125 0.3953125
4 0.0484375 0.63671875 0.05390625 0.6296875 0.07109375 0.628125 0.1015625 0.59296875 0.1015625 0.58203125 0.090625 0.56796875 0.1140625 0.51171875 0.11875 0.41953125 0.1234375 0.40703125 0.1484375 0.38671875 0.1203125 0.32890625 0.10390625 0.3140625 0.08671875 0.315625 0.071875 0.33828125 0.04375 0.51015625 0.03125 0.54921875 0.034375 0.61640625 0.0390625 0.63203125
4 0.1453125 0.55859375 0.18828125 0.5484375 0.2046875 0.52578125 0.2125 0.49921875 0.2046875 0.42890625 0.19375 0.40390625 0.17578125 0.390625 0.16328125 0.39375 0.15390625 0.409375 0.13671875 0.4109375 0.1203125 0.43671875 0.1171875 0.49453125 0.1046875 0.54296875 0.13203125 0.5578125
4 0.1640625 0.77421875 0.1625 0.75546875 0.1484375 0.73359375 0.15234375 0.721875 0.18515625 0.7265625 0.22109375 0.7 0.25546875 0.709375 0.275 0.69609375 0.28828125 0.675 0.30234375 0.6890625 0.321875 0.67734375 0.31875 0.65234375 0.3390625 0.63359375 0.3421875 0.61171875 0.30625 0.59296875 0.3109375 0.56953125 0.30546875 0.5609375 0.25546875 0.5609375 0.22109375 0.5765625 0.13671875 0.571875 0.10625 0.58984375 0.0921875 0.63046875 0.1 0.68203125 0.1234375 0.72421875
1 0.85 0.70234375 0.85625 0.65390625 0.8546875 0.44765625 0.846875 0.34140625 0.83984375 0.3359375 0.8375 0.34921875 0.8234375 0.35546875 0.8203125 0.37109375 0.815625 0.36796875 0.81875 0.37734375 0.8078125 0.38515625 0.8109375 0.39296875 0.8046875 0.41484375 0.7921875 0.41640625 0.7921875 0.45234375 0.7984375 0.45546875 0.7984375 0.46484375 0.7921875 0.46484375 0.80625 0.47109375 0.8046875 0.48203125 0.79765625 0.4734375 0.7921875 0.47890625 0.7984375 0.48671875 0.7921875 0.49296875 0.7984375 0.50234375 0.7921875 0.50859375 0.796875 0.51953125 0.7921875 0.52421875 0.790625 0.56484375 0.7765625 0.60546875 0.775 0.64453125 0.76953125 0.6421875 0.7546875 0.66015625 0.77734375 0.69375 0.79453125 0.684375 0.81953125 0.6828125