1 0.621875 0.57578125 0.63203125 0.4390625 0.6140625 0.46328125 0.6140625 0.52109375
1 0.7203125 0.59765625 0.7234375 0.55703125 0.7296875 0.54140625 0.73828125 0.5375 0.74296875 0.5421875 0.7453125 0.53359375 0.7453125 0.49921875 0.73515625 0.46875 0.7265625 0.47421875 0.709375 0.51640625 0.7140625 0.59296875
1 0.78125 0.64140625 0.7609375 0.60859375 0.75625 0.58359375 0.78515625 0.6015625 0.8015625 0.59765625 0.803125 0.55234375 0.815625 0.49453125 0.815625 0.48046875 0.80546875 0.4734375 0.7859375 0.48046875 0.7625 0.54609375 0.7484375 0.55078125 0.740625 0.58515625 0.7515625 0.63671875
1 0.721875 0.44140625 0.7359375 0.43203125 0.759375 0.27734375 0.75390625 0.275 0.70703125 0.31875 0.69765625 0.3203125 0.6953125 0.29921875 0.7140625 0.27109375 0.66796875 0.246875 0.61953125 0.25625 0.60390625 0.2703125 0.56171875 0.26875 0.55625 0.27734375 0.5578125 0.29921875 0.5625 0.29921875 0.5609375 0.35078125 0.56875 0.35703125 0.5609375 0.36328125 0.58515625 0.365625 0.61328125 0.3859375 0.62890625 0.3640625 0.646875 0.36171875 0.64375 0.34609375 0.64921875 0.3359375 0.66328125 0.346875 0.68203125 0.3265625 0.6984375 0.36953125 0.703125 0.43671875 0.70859375 0.4421875
4 0.7046875 0.31796875 0.76875 0.25859375 0.7875 0.23359375 0.7890625 0.18515625 0.778125 0.15390625 0.75078125 0.1203125 0.72421875 0.10625 0.66484375 0.0984375 0.63046875 0.0828125 0.59765625 0.090625 0.6 0.07734375 0.57265625 0.0515625 0.56875 0.06640625 0.5765625 0.08828125 0.540625 0.12109375 0.55703125 0.128125 0.56484375 0.115625 0.57421875 0.1140625 0.5953125 0.12578125 0.6015625 0.19609375 0.61875 0.22421875 0.6140625 0.23984375 0.62265625 0.2546875 0.66484375 0.240625 0.70078125 0.2640625 0.725 0.26796875 0.6984375 0.29921875 0.696875 0.31328125
4 0.5453125 0.36328125 0.55625 0.35703125 0.5578125 0.34609375 0.5546875 0.26640625 0.60390625 0.2671875 0.615625 0.25390625 0.603125 0.21953125 0.596875 0.16953125 0.590625 0.16953125 0.59140625 0.1765625 0.58203125 0.1765625 0.56484375 0.1390625 0.54140625 0.1296875 0.50703125 0.1015625 0.46484375 0.0828125 0.43515625 0.0828125 0.38359375 0.1 0.36875 0.11328125 0.35625 0.16640625 0.3640625 0.20859375 0.3578125 0.28984375 0.3609375 0.32890625 0.37734375 0.3484375 0.384375 0.28359375 0.40546875 0.2359375 0.44921875 0.2546875 0.49921875 0.246875 0.509375 0.25234375 0.51875 0.27421875 0.5359375 0.35546875
4 0.5859375 0.90390625 0.5953125 0.88828125 0.6015625 0.76796875 0.625 0.73046875 0.621875 0.69609375 0.6078125 0.67421875 0.615625 0.58828125 0.6109375 0.46796875 0.6328125 0.39765625 0.62421875 0.3875 0.60703125 0.3890625 0.58203125 0.36875 0.56640625 0.36875 0.5375 0.38984375 0.5203125 0.45390625 0.5125 0.54921875 0.521875 0.67265625 0.51875 0.75234375 0.5375 0.82109375 0.575 0.88046875 0.5796875 0.90390625
4 0.675 0.81796875 0.69609375 0.80625 0.7203125 0.77734375 0.7015625 0.72265625 0.7 0.68984375 0.7140625 0.63671875 0.7078125 0.51796875 0.7265625 0.47265625 0.721875 0.44921875 0.70546875 0.4421875 0.7 0.43203125 0.6984375 0.37421875 0.6875 0.33671875 0.67890625 0.3265625 0.66796875 0.346875 0.66015625 0.346875 0.65078125 0.3359375 0.6453125 0.34609375 0.65 0.36640625 0.63359375 0.3625 0.621875 0.37734375 0.6375 0.39921875 0.6234375 0.62265625 0.6265625 0.72578125 0.6421875 0.78359375 0.65625 0.80859375
4 0.759375 0.54609375 0.79375 0.45546875 0.8234375 0.42734375 0.8171875 0.37734375 0.83671875 0.321875 0.8515625 0.33046875 0.86875 0.37109375 0.8734375 0.36953125 0.8421875 0.21953125 0.8375 0.20859375 0.81796875 0.1953125 0.80703125 0.196875 0.790625 0.21328125 0.7875 0.23515625 0.765625 0.26484375 0.759375 0.28515625 0.75 0.37109375 0.7375 0.41640625 0.7484375 0.54140625
4 0.828125 0.70703125 0.8390625 0.70078125 0.853125 0.67265625 0.875 0.56484375 0.8671875 0.37734375 0.83671875 0.328125 0.821875 0.37578125 0.8265625 0.41953125 0.8203125 0.43359375 0.803125 0.44453125 0.7890625 0.47109375 0.80859375 0.471875 0.81875 0.48046875 0.8046875 0.54609375 0.803125 0.59765625 0.78203125 0.6015625 0.75859375 0.5859375 0.7625 0.60703125 0.7890625 0.63984375 0.78203125 0.6453125 0.753125 0.64609375 0.75859375 0.65625 0.7984375 0.68046875 0.80859375 0.7046875
4 0.8328125 0.80703125 0.85546875 0.7859375 0.871875 0.78984375 0.86875 0.77734375 0.890625 0.75546875 0.8921875 0.73984375 0.875 0.73046875 0.87421875 0.7046875 0.86328125 0.703125 0.85546875 0.71875 0.83984375 0.7078125 0.81328125 0.7078125 0.803125 0.70234375 0.77578125 0.665625 0.753125 0.65703125 0.7375 0.60078125 0.740625 0.55703125 0.73046875 0.55 0.725 0.59765625 0.7 0.69765625 0.71875 0.76953125 0.74296875 0.796875 0.76328125 0.80625
4 0.5171875 0.88671875 0.525 0.88359375 0.5203125 0.84453125 0.53125 0.79765625 0.5078125 0.75390625 0.5171875 0.71328125 0.5109375 0.68828125 0.5140625 0.63671875 0.51015625 0.634375 0.5015625 0.64921875 0.4984375 0.67734375 0.4765625 0.71796875 0.45859375 0.7328125 0.41171875 0.6859375 0.3578125 0.68046875 0.353125 0.62890625 0.3609375 0.57421875 0.34453125 0.5625 0.3375 0.57421875 0.3265625 0.66484375 0.3078125 0.68828125 0.2984375 0.71953125 0.3 0.76953125 0.3125 0.80078125 0.34765625 0.84375 0.38046875 0.8671875 0.40390625 0.875 0.44765625 0.875 0.49453125 0.8875
4 0.2796875 0.89921875 0.2984375 0.86171875 0.3296875 0.83984375 0.296875 0.76328125 0.271875 0.73671875 0.284375 0.66640625 0.2828125 0.63046875 0.27890625 0.625 0.275 0.62890625 0.2703125 0.67109375 0.26015625 0.6828125 0.253125 0.61953125 0.24375 0.60703125 0.2375 0.70390625 0.22421875 0.7109375 0.19765625 0.6796875 0.16796875 0.6734375 0.159375 0.66328125 0.15625 0.61328125 0.1640625 0.56171875 0.15703125 0.5515625 0.1484375 0.56484375 0.1421875 0.60859375 0.1109375 0.70078125 0.1109375 0.73984375 0.1203125 0.77265625 0.16796875 0.8390625 0.19921875 0.8515625 0.24453125 0.85 0.25546875 0.8546875 0.2640625 0.86328125 0.271875 0.89765625