4 0.746875 0.36640625 0.7421875 0.27578125 0.7546875 0.20703125 0.7484375 0.16953125 0.7359375 0.14453125 0.72109375 0.1296875 0.66796875 0.1 0.58828125 0.1015625 0.56796875 0.0953125 0.55390625 0.10625 0.546875 0.09140625 0.553125 0.07890625 0.54609375 0.0765625 0.540625 0.09609375 0.525 0.11953125 0.5 0.13828125 0.4984375 0.15078125 0.51796875 0.1828125 0.559375 0.21015625 0.553125 0.30390625 0.56484375 0.296875 0.5671875 0.30078125 0.56875 0.34609375 0.57265625 0.35 0.578125 0.34296875 0.5828125 0.29921875 0.60625 0.24140625 0.61484375 0.2375 0.64453125 0.259375 0.66796875 0.2671875 0.70390625 0.253125 0.725 0.29140625 0.7265625 0.35390625 0.73828125 0.35625
4 0.378125 0.41328125 0.4015625 0.29296875 0.4234375 0.26328125 0.4296875 0.24453125 0.4328125 0.18203125 0.425 0.15390625 0.38203125 0.1015625 0.34296875 0.08125 0.31015625 0.08125 0.23359375 0.096875 0.2125 0.10859375 0.1875 0.15703125 0.190625 0.18203125 0.2109375 0.19765625 0.20625 0.22265625 0.26640625 0.2140625 0.30703125 0.23125 0.34140625 0.265625 0.3625 0.27109375 0.3671875 0.30078125 0.3625 0.38515625
4 0.3234375 0.49140625 0.33125 0.38515625 0.3484375 0.34296875 0.3484375 0.31484375 0.340625 0.28828125 0.346875 0.27890625 0.31328125 0.2375 0.27734375 0.21875 0.24296875 0.215625 0.21484375 0.225 0.159375 0.26484375 0.1390625 0.31171875 0.13125 0.35390625 0.16875 0.37421875 0.1765625 0.40703125 0.19921875 0.4390625 0.20625 0.39921875 0.20625 0.38359375 0.196875 0.36484375 0.20078125 0.3375 0.21640625 0.359375 0.22734375 0.34375 0.2328125 0.36484375 0.24765625 0.38125 0.28515625 0.38125 0.2984375 0.41328125 0.29375 0.47265625 0.29765625 0.478125 0.303125 0.47421875 0.31171875 0.446875 0.31875 0.48984375
4 0.071875 0.51484375 0.0796875 0.50859375 0.09921875 0.453125 0.11796875 0.484375 0.125 0.48046875 0.12578125 0.4640625 0.13515625 0.475 0.140625 0.47109375 0.1234375 0.36171875 0.1453125 0.28828125 0.1578125 0.26640625 0.159375 0.22578125 0.17578125 0.2203125 0.19609375 0.2328125 0.2015625 0.22890625 0.203125 0.19765625 0.175 0.18046875 0.1671875 0.14765625 0.15078125 0.1328125 0.13203125 0.1390625 0.1203125 0.15390625 0.0828125 0.24453125 0.053125 0.43515625 0.053125 0.46953125 0.0640625 0.48359375
4 0.1265625 0.77421875 0.1328125 0.74296875 0.1625 0.71015625 0.16875 0.67578125 0.2171875 0.64140625 0.25 0.58515625 0.265625 0.55078125 0.275 0.50859375 0.2703125 0.43671875 0.2484375 0.41328125 0.2484375 0.39765625 0.2328125 0.36484375 0.22734375 0.38125 0.20546875 0.3515625 0.2125 0.39453125 0.20625 0.45390625 0.16875 0.50390625 0.1453125 0.56171875 0.11484375 0.5671875 0.109375 0.58203125 0.1171875 0.60546875 0.1140625 0.74765625
4 0.20625 0.85703125 0.2125 0.85234375 0.209375 0.83984375 0.2203125 0.81640625 0.26015625 0.784375 0.2921875 0.74453125 0.321875 0.66171875 0.3328125 0.61171875 0.328125 0.55703125 0.321875 0.53984375 0.3 0.51953125 0.27734375 0.4375 0.2765625 0.50234375 0.259375 0.57109375 0.2125 0.65078125 0.18203125 0.6640625 0.165625 0.68671875 0.16875 0.74609375 0.1515625 0.81640625 0.19140625 0.8546875
4 0.5078125 0.87109375 0.51875 0.85546875 0.4828125 0.81796875 0.478125 0.78984375 0.49921875 0.778125 0.54609375 0.725 0.5671875 0.76171875 0.5640625 0.79140625 0.5671875 0.81171875 0.57265625 0.8125 0.5796875 0.76953125 0.575 0.70703125 0.60234375 0.7125 0.6125 0.73359375 0.61953125 0.740625 0.625 0.73828125 0.5984375 0.64765625 0.6015625 0.62265625 0.6140625 0.60078125 0.6234375 0.56328125 0.625 0.52734375 0.61640625 0.525 0.60546875 0.5328125 0.59140625 0.528125 0.56484375 0.49375 0.5515625 0.50546875 0.553125 0.54453125 0.5453125 0.56328125 0.52578125 0.5796875 0.46171875 0.6015625 0.43125 0.63359375 0.4046875 0.68046875 0.3890625 0.74296875 0.3890625 0.76015625 0.4046875 0.80390625 0.41796875 0.8171875 0.44453125 0.8265625 0.46484375 0.853125
4 0.74375 0.72578125 0.80546875 0.696875 0.83125 0.67265625 0.8484375 0.63203125 0.8453125 0.58203125 0.83203125 0.5734375 0.81328125 0.575 0.79140625 0.5625 0.70859375 0.559375 0.69296875 0.5484375 0.67109375 0.565625 0.6703125 0.53828125 0.6578125 0.51171875 0.64765625 0.50625 0.6515625 0.58203125 0.6421875 0.61640625 0.6421875 0.64609375 0.65 0.66953125 0.6453125 0.68671875 0.68359375 0.715625 0.71953125 0.7265625
4 0.8203125 0.57265625 0.8421875 0.55234375 0.853125 0.52109375 0.8515625 0.48359375 0.8375 0.45078125 0.81640625 0.428125 0.77421875 0.3984375 0.76875 0.40859375 0.7828125 0.42421875 0.74609375 0.4328125 0.67421875 0.3578125 0.6703125 0.36640625 0.675 0.37734375 0.7078125 0.42421875 0.69921875 0.4328125 0.68515625 0.434375 0.66796875 0.415625 0.6734375 0.44921875 0.64375 0.47734375 0.6453125 0.50078125 0.66328125 0.509375 0.6796875 0.53359375 0.6734375 0.55546875 0.69609375 0.540625 0.71953125 0.55625 0.75703125 0.5515625
4 0.68125 0.88984375 0.69140625 0.853125 0.71796875 0.8421875 0.77734375 0.8328125 0.828125 0.79609375 0.840625 0.75546875 0.83359375 0.6734375 0.81171875 0.696875 0.74296875 0.728125 0.72265625 0.728125 0.68515625 0.7171875 0.66171875 0.7015625 0.65625 0.70390625 0.671875 0.73984375 0.6421875 0.76640625 0.6203125 0.80078125 0.621875 0.81171875 0.6421875 0.82734375 0.6625 0.85703125 0.6703125 0.88203125
1 0.6375 0.61015625 0.6453125 0.58046875 0.6359375 0.49140625 0.6390625 0.46328125 0.64453125 0.459375 0.65234375 0.465625 0.66875 0.45078125 0.6625 0.41953125 0.66640625 0.4140625 0.68828125 0.43125 0.703125 0.42578125 0.66875 0.36953125 0.67109375 0.35625 0.68515625 0.3609375 0.74453125 0.428125 0.76953125 0.4265625 0.7671875 0.40390625 0.77421875 0.3984375 0.82578125 0.434375 0.85078125 0.471875 0.8578125 0.46640625 0.8578125 0.38828125 0.8421875 0.18828125 0.76640625 0.1515625 0.74375 0.14921875 0.75625 0.21171875 0.74375 0.28203125 0.75 0.33046875 0.74609375 0.36875 0.725 0.35703125 0.7234375 0.29609375 0.7125 0.26796875 0.70234375 0.259375 0.67109375 0.2703125 0.65078125 0.265625 0.62578125 0.25 0.60859375 0.2484375 0.584375 0.30390625 0.58125 0.33984375 0.571875 0.35859375 0.61015625 0.359375 0.61640625 0.35 0.625 0.36171875 0.6234375 0.37265625 0.6375 0.38046875 0.6328125 0.41328125 0.62734375 0.4125 0.6171875 0.43359375 0.6078125 0.43671875 0.60625 0.46796875 0.5953125 0.47109375 0.5875 0.50234375 0.59609375 0.521875 0.61015625 0.5234375 0.62421875 0.515625 0.6296875 0.52421875 0.6265625 0.59140625 0.6203125 0.59765625 0.62734375 0.609375