1 0.3546875 0.28046875 0.3625 0.27890625 0.3546875 0.27265625 0.35703125 0.2671875 0.371875 0.26484375 0.375 0.23203125 0.3734375 0.21015625 0.36953125 0.203125 0.3640625 0.20859375 0.36171875 0.196875 0.3578125 0.21640625 0.3375 0.22109375 0.3375 0.23203125 0.34375 0.23671875 0.3375 0.26328125 0.34921875 0.2640625
1 0.5453125 0.85546875 0.61796875 0.8484375 0.72265625 0.828125 0.78203125 0.809375 0.79921875 0.8 0.809375 0.78203125 0.80546875 0.76875 0.7765625 0.75703125 0.778125 0.74765625 0.7609375 0.70234375 0.7578125 0.64921875 0.75 0.63046875 0.728125 0.60546875 0.7265625 0.59296875 0.7375 0.57734375 0.7390625 0.54921875 0.771875 0.51015625 0.771875 0.33671875 0.7765625 0.31953125 0.79609375 0.2984375 0.8078125 0.31640625 0.8125 0.31484375 0.815625 0.33359375 0.82421875 0.3359375 0.8421875 0.29453125 0.840625 0.26953125 0.83046875 0.2640625 0.80390625 0.278125 0.78203125 0.265625 0.76953125 0.2671875 0.765625 0.29765625 0.76015625 0.3015625 0.72421875 0.28125 0.68125 0.23203125 0.67109375 0.196875 0.6453125 0.21640625 0.6578125 0.17265625 0.665625 0.16953125 0.671875 0.15234375 0.6734375 0.13359375 0.65859375 0.125 0.646875 0.12734375 0.646875 0.14296875 0.634375 0.16953125 0.5953125 0.20234375 0.60078125 0.325 0.5875 0.32109375 0.571875 0.29453125 0.559375 0.24296875 0.54765625 0.225 0.52734375 0.228125 0.4890625 0.25546875 0.5625 0.34765625 0.640625 0.48671875 0.646875 0.56171875 0.60859375 0.615625 0.58984375 0.6171875 0.571875 0.60078125 0.5515625 0.56328125 0.540625 0.52734375 0.5265625 0.51484375 0.475 0.43359375 0.4375 0.39765625 0.41015625 0.346875 0.39296875 0.3375 0.390625 0.34453125 0.4 0.34609375 0.39765625 0.353125 0.38515625 0.346875 0.38125 0.35390625 0.3828125 0.38671875 0.3671875 0.38828125 0.375 0.38984375 0.36953125 0.4046875 0.39296875 0.409375 0.390625 0.39453125 0.39765625 0.36875 0.403125 0.39296875 0.3984375 0.41953125 0.42109375 0.4234375 0.4296875 0.44453125 0.4140625 0.47265625 0.415625 0.49921875 0.40703125 0.5 0.40390625 0.5125 0.39609375 0.509375 0.3765625 0.52734375 0.371875 0.55234375 0.3609375 0.56640625 0.359375 0.59296875 0.3734375 0.61328125 0.3734375 0.62265625 0.3578125 0.64296875 0.35 0.68984375 0.353125 0.70546875 0.37890625 0.7390625 0.42421875 0.765625 0.4453125 0.78828125 0.4515625 0.81328125 0.43671875 0.8296875 0.4265625 0.83203125 0.43203125 0.853125
4 0.753125 0.29140625 0.7578125 0.27890625 0.74921875 0.2671875 0.78046875 0.2578125 0.80703125 0.2734375 0.83203125 0.2515625 0.85 0.25234375 0.84375 0.19609375 0.81328125 0.1484375 0.78828125 0.146875 0.73828125 0.115625 0.70546875 0.1171875 0.6796875 0.13515625 0.66875 0.17890625 0.690625 0.23984375 0.72734375 0.2796875
4 0.38125 0.33359375 0.4 0.26484375 0.43203125 0.259375 0.43671875 0.2296875 0.46953125 0.2453125 0.48515625 0.2453125 0.53828125 0.215625 0.5546875 0.22109375 0.5671875 0.24921875 0.571875 0.28203125 0.5890625 0.31640625 0.5984375 0.31953125 0.590625 0.20078125 0.59765625 0.1890625 0.61171875 0.1859375 0.6265625 0.17265625 0.6421875 0.14765625 0.6421875 0.13359375 0.61953125 0.0734375 0.60078125 0.0828125 0.47265625 0.0734375 0.42734375 0.084375 0.39296875 0.1109375 0.38671875 0.1046875 0.3765625 0.10546875 0.3796875 0.13515625 0.371875 0.15859375 0.371875 0.19453125 0.3828125 0.22109375 0.3765625 0.28671875 0.3765625 0.33359375
4 0.6046875 0.61484375 0.6421875 0.56796875 0.64375 0.50703125 0.6359375 0.48046875 0.5953125 0.40390625 0.5453125 0.32734375 0.48671875 0.259375 0.46171875 0.253125 0.44921875 0.2609375 0.41328125 0.265625 0.40546875 0.28125 0.3953125 0.28046875 0.39375 0.30078125 0.43125 0.38203125 0.4890625 0.44609375 0.515625 0.49453125 0.5421875 0.52421875 0.553125 0.56015625 0.575 0.60078125 0.59296875 0.615625
4 0.8328125 0.58515625 0.8359375 0.46640625 0.8296875 0.37578125 0.79609375 0.3046875 0.7859375 0.32578125 0.7765625 0.32890625 0.775 0.34453125 0.775 0.51640625 0.79296875 0.5171875 0.8046875 0.52734375
4 0.8640625 0.66015625 0.878125 0.59140625 0.8703125 0.38671875 0.875 0.35234375 0.859375 0.34296875 0.83984375 0.3046875 0.825 0.35390625 0.8359375 0.44609375 0.834375 0.59609375 0.8515625 0.65078125
4 0.85 0.79296875 0.8671875 0.78671875 0.8828125 0.75859375 0.8828125 0.71484375 0.846875 0.64140625 0.8140625 0.54296875 0.79921875 0.521875 0.77734375 0.5171875 0.75 0.54765625 0.7453125 0.57265625 0.7328125 0.58671875 0.7296875 0.60078125 0.7609375 0.64609375 0.76875 0.72265625 0.78359375 0.740625 0.79921875 0.7421875 0.8078125 0.75078125 0.83203125 0.790625
4 0.20625 0.74609375 0.25390625 0.721875 0.29140625 0.675 0.32578125 0.6546875 0.34765625 0.6765625 0.35 0.61796875 0.35703125 0.6234375 0.3640625 0.61640625 0.36171875 0.6078125 0.35 0.61484375 0.3484375 0.59140625 0.365625 0.53671875 0.35390625 0.525 0.290625 0.53359375 0.28125 0.44765625 0.27578125 0.4390625 0.26796875 0.4953125 0.259375 0.48828125 0.2484375 0.45390625 0.2390625 0.45234375 0.2484375 0.49453125 0.25 0.54921875 0.23515625 0.5671875 0.18828125 0.5875 0.18125 0.57421875 0.1859375 0.51484375 0.17890625 0.5015625 0.1734375 0.50859375 0.16875 0.55859375 0.14375 0.64765625 0.14375 0.68515625 0.16328125 0.7328125
4 0.20625 0.89296875 0.2078125 0.86953125 0.19765625 0.859375 0.27265625 0.871875 0.34296875 0.85625 0.39140625 0.8609375 0.39921875 0.86875 0.425 0.86328125 0.41875 0.82578125 0.44375 0.81484375 0.4421875 0.79296875 0.42421875 0.7703125 0.3625 0.73046875 0.3484375 0.71015625 0.34375 0.67890625 0.32578125 0.6609375 0.3 0.67265625 0.321875 0.68671875 0.31484375 0.7234375 0.29453125 0.7234375 0.27109375 0.7140625 0.20859375 0.746875 0.1609375 0.73828125 0.1734375 0.81796875 0.1921875 0.85546875 0.196875 0.88671875
4 0.1109375 0.81484375 0.11875 0.79921875 0.1171875 0.76953125 0.1359375 0.73984375 0.14375 0.64609375 0.16875 0.55546875 0.171875 0.48671875 0.15390625 0.421875 0.1234375 0.43046875 0.0984375 0.49609375 0.0953125 0.60703125 0.084375 0.64453125 0.0828125 0.76484375 0.1 0.77734375 0.1015625 0.79921875
4 0.0703125 0.72109375 0.0890625 0.62265625 0.0828125 0.56484375 0.096875 0.46328125 0.09375 0.39453125 0.11015625 0.3734375 0.13125 0.36640625 0.128125 0.34921875 0.134375 0.34140625 0.13046875 0.328125 0.09296875 0.328125 0.07578125 0.309375 0.0609375 0.31796875 0.04375 0.35546875 0.0328125 0.47109375 0.034375 0.61953125 0.0421875 0.69453125 0.04453125 0.7015625 0.05625 0.70390625 0.06328125 0.7203125