1 0.796875 0.28671875 0.809375 0.27890625 0.81796875 0.259375 0.82734375 0.25625 0.83984375 0.2640625 0.84375 0.24921875 0.8390625 0.18984375 0.79765625 0.1640625 0.74609375 0.15 0.72734375 0.16875 0.72265625 0.1640625 0.71953125 0.1703125 0.65859375 0.1859375 0.634375 0.21171875 0.63515625 0.2171875 0.65 0.22109375 0.64375 0.23828125 0.6453125 0.26953125 0.65078125 0.275 0.68671875 0.275 0.71484375 0.2859375 0.77421875 0.2796875
1 0.609375 0.65078125 0.6203125 0.62578125 0.6125 0.59921875 0.57421875 0.603125 0.5703125 0.61328125 0.575 0.62265625 0.58984375 0.6421875
4 0.471875 0.36171875 0.484375 0.34453125 0.471875 0.29765625 0.48203125 0.253125 0.51640625 0.2578125 0.54296875 0.253125 0.58515625 0.2109375 0.6078125 0.23984375 0.6234375 0.28828125 0.62890625 0.29375 0.6328125 0.28828125 0.6296875 0.27109375 0.6421875 0.26328125 0.64375 0.25546875 0.61875 0.18359375 0.6203125 0.13359375 0.6140625 0.11484375 0.58671875 0.0828125 0.51171875 0.08125 0.38671875 0.1703125 0.3640625 0.17265625 0.378125 0.19296875 0.371875 0.22421875 0.3578125 0.24765625 0.3609375 0.26328125 0.36796875 0.26875 0.43671875 0.265625 0.45625 0.31796875 0.4640625 0.35859375
4 0.2515625 0.35234375 0.2546875 0.33828125 0.26640625 0.340625 0.2703125 0.33203125 0.25 0.28359375 0.25 0.26171875 0.27421875 0.25625 0.30703125 0.2296875 0.3078125 0.25078125 0.29375 0.26171875 0.2859375 0.28046875 0.29140625 0.284375 0.31640625 0.271875 0.3296875 0.25078125 0.3390625 0.21640625 0.35546875 0.2046875 0.353125 0.22578125 0.359375 0.22421875 0.3625 0.19921875 0.371875 0.18984375 0.3609375 0.16953125 0.38515625 0.16875 0.41875 0.14453125 0.396875 0.11015625 0.38203125 0.0546875 0.3734375 0.05546875 0.36328125 0.0796875 0.33515625 0.078125 0.31484375 0.0875 0.26171875 0.09375 0.21875 0.12734375 0.196875 0.16328125 0.184375 0.20390625 0.1859375 0.23671875 0.196875 0.26171875 0.2140625 0.27734375 0.215625 0.29609375 0.2390625 0.34453125
4 0.171875 0.41640625 0.1625 0.39453125 0.18828125 0.3890625 0.1953125 0.36640625 0.1625 0.29921875 0.1609375 0.27109375 0.13359375 0.2515625 0.109375 0.22109375 0.1296875 0.20546875 0.134375 0.19296875 0.12734375 0.1890625 0.10390625 0.2 0.07734375 0.2 0.059375 0.21484375 0.05 0.24140625 0.05 0.29921875 0.059375 0.32265625 0.07734375 0.346875 0.103125 0.35859375 0.11953125 0.3890625 0.14296875 0.3875 0.146875 0.40078125
4 0.1109375 0.83671875 0.12578125 0.765625 0.1375 0.81171875 0.146875 0.82109375 0.1359375 0.67265625 0.15390625 0.5375 0.165625 0.53984375 0.175 0.58515625 0.18203125 0.59375 0.1875 0.59140625 0.18125 0.51640625 0.1671875 0.48359375 0.1640625 0.43359375 0.159375 0.41640625 0.13671875 0.3875 0.1203125 0.39453125 0.1 0.43046875 0.0875 0.48515625 0.0796875 0.56171875 0.075 0.70546875 0.0828125 0.75390625 0.071875 0.80078125 0.08828125 0.79375 0.096875 0.80546875 0.103125 0.83515625
4 0.0375 0.77109375 0.0609375 0.74609375 0.075 0.70859375 0.0765625 0.55390625 0.0890625 0.47265625 0.0875 0.43515625 0.096875 0.41328125 0.096875 0.38984375 0.08984375 0.38125 0.03125 0.45703125 0.009375 0.56328125 0.00625 0.63671875 0.0125 0.69765625
4 0.0328125 0.45234375 0.0859375 0.38046875 0.05078125 0.3015625 0.0359375 0.33984375 0.0375 0.36484375 0.0296875 0.40234375
4 0.73125 0.60703125 0.77578125 0.59375 0.80546875 0.5921875 0.828125 0.56953125 0.8515625 0.51796875 0.84296875 0.49375 0.79609375 0.46875 0.75859375 0.4859375 0.74609375 0.4765625 0.72734375 0.4734375 0.71640625 0.44375 0.69609375 0.4453125 0.6796875 0.45546875 0.6546875 0.49765625 0.653125 0.52578125 0.671875 0.58671875 0.69921875 0.6046875
4 0.6953125 0.76015625 0.74765625 0.73125 0.78046875 0.73125 0.79375 0.71953125 0.8296875 0.66796875 0.825 0.62734375 0.81015625 0.6078125 0.78515625 0.5953125 0.76953125 0.596875 0.74921875 0.609375 0.71484375 0.609375 0.68359375 0.6 0.66640625 0.6046875 0.65390625 0.5984375 0.646875 0.58515625 0.6484375 0.53671875 0.63828125 0.5375 0.62734375 0.5234375 0.615625 0.59453125 0.6234375 0.62109375 0.6078125 0.67109375 0.6078125 0.69921875 0.615625 0.72265625 0.6125 0.74453125 0.62265625 0.74375 0.64921875 0.7609375
4 0.73125 0.85078125 0.75234375 0.846875 0.80078125 0.81875 0.82421875 0.81875 0.8515625 0.80390625 0.878125 0.75234375 0.86015625 0.734375 0.846875 0.74296875 0.83984375 0.7078125 0.82890625 0.7015625 0.80859375 0.7015625 0.78203125 0.73125 0.75078125 0.73125 0.70546875 0.7578125 0.678125 0.76640625 0.6734375 0.84765625 0.68671875 0.840625 0.70546875 0.8515625
4 0.840625 0.65703125 0.8625 0.63359375 0.878125 0.54453125 0.871875 0.41328125 0.8640625 0.33671875 0.853125 0.30234375 0.83359375 0.275 0.81953125 0.275 0.803125 0.29609375 0.8 0.31953125 0.7875 0.33046875 0.7734375 0.38828125 0.78828125 0.4078125 0.8015625 0.39609375 0.8109375 0.47265625 0.82421875 0.4859375 0.84453125 0.49375 0.8515625 0.50703125 0.84375 0.55234375 0.83125 0.56484375 0.8234375 0.58515625 0.83125 0.65078125