4 0.6 0.27578125 0.5984375 0.25703125 0.5734375 0.23828125 0.571875 0.22890625 0.60703125 0.23125 0.64609375 0.20625 0.67578125 0.2234375 0.73671875 0.2046875 0.7421875 0.18046875 0.7265625 0.16015625 0.7234375 0.14609375 0.7375 0.13046875 0.72265625 0.121875 0.70390625 0.121875 0.6921875 0.10234375 0.67421875 0.0890625 0.63515625 0.09375 0.57890625 0.078125 0.52890625 0.0859375 0.5078125 0.10234375 0.4953125 0.13046875 0.478125 0.15078125 0.490625 0.15390625 0.50625 0.19609375 0.5453125 0.23203125 0.55 0.24765625
4 0.3828125 0.44453125 0.3859375 0.41953125 0.3796875 0.38671875 0.38515625 0.38125 0.40703125 0.390625 0.4125 0.38046875 0.39375 0.34140625 0.38203125 0.3375 0.36875 0.31640625 0.3484375 0.25703125 0.32578125 0.2375 0.26640625 0.2203125 0.21953125 0.2203125 0.17890625 0.228125 0.153125 0.26328125 0.153125 0.28203125 0.16875 0.33515625 0.19609375 0.359375 0.22890625 0.375 0.2375 0.36640625 0.22578125 0.3421875 0.26328125 0.3453125 0.29453125 0.3734375 0.33359375 0.378125 0.3484375 0.39453125 0.3625 0.43515625
4 0.1 0.52421875 0.10625 0.51484375 0.10625 0.43515625 0.125 0.45078125 0.1015625 0.36796875 0.1 0.22890625 0.115625 0.22421875 0.1046875 0.20078125 0.11484375 0.1890625 0.12890625 0.1890625 0.1328125 0.17890625 0.11328125 0.1625 0.10078125 0.165625 0.08359375 0.15625 0.0625 0.17109375 0.0484375 0.22265625 0.0484375 0.41171875 0.0703125 0.50390625 0.07890625 0.5171875 0.08359375 0.50625
4 0.084375 0.64453125 0.13984375 0.628125 0.16953125 0.6046875 0.1859375 0.58203125 0.19375 0.55703125 0.196875 0.50859375 0.2078125 0.49765625 0.1921875 0.48671875 0.1890625 0.46796875 0.17734375 0.4515625 0.14765625 0.4515625 0.103125 0.52734375 0.09609375 0.534375 0.07421875 0.5359375 0.04375 0.58515625 0.046875 0.61640625 0.06640625 0.6390625
4 0.1953125 0.83515625 0.2359375 0.80859375 0.25 0.77734375 0.2515625 0.75703125 0.2671875 0.75703125 0.2515625 0.74140625 0.228125 0.68828125 0.20390625 0.671875 0.16484375 0.63125 0.1640625 0.64765625 0.1796875 0.67421875 0.15859375 0.684375 0.14296875 0.7015625 0.12421875 0.703125 0.10703125 0.6953125 0.07421875 0.7015625 0.05625 0.69609375 0.06875 0.73671875 0.059375 0.79609375 0.07421875 0.8 0.08828125 0.7921875 0.10703125 0.8046875 0.13828125 0.809375 0.17890625 0.834375
4 0.3375 0.86640625 0.3703125 0.84609375 0.38125 0.81328125 0.4140625 0.75390625 0.4296875 0.71171875 0.434375 0.66484375 0.4640625 0.58828125 0.4640625 0.54765625 0.45625 0.52734375 0.44765625 0.515625 0.41796875 0.4984375 0.39765625 0.503125 0.3796875 0.52734375 0.3625 0.61484375 0.3359375 0.69140625 0.29375 0.76328125 0.2828125 0.76640625 0.2734375 0.79609375 0.2765625 0.84453125 0.284375 0.85703125 0.29453125 0.8640625 0.31484375 0.8609375
4 0.5515625 0.88203125 0.61015625 0.865625 0.66796875 0.8609375 0.69296875 0.85 0.7046875 0.83515625 0.6890625 0.77109375 0.665625 0.74453125 0.66328125 0.628125 0.6515625 0.65078125 0.6515625 0.67109375 0.63984375 0.7 0.6328125 0.64921875 0.62734375 0.640625 0.6203125 0.64453125 0.6234375 0.68828125 0.61484375 0.7234375 0.57109375 0.703125 0.53828125 0.6953125 0.48671875 0.725 0.471875 0.70703125 0.44765625 0.640625 0.4359375 0.66328125 0.4328125 0.69765625 0.4375 0.72265625 0.446875 0.73671875 0.4359375 0.77265625 0.4359375 0.81171875 0.453125 0.85546875 0.49296875 0.8796875
4 0.86875 0.83671875 0.871875 0.77734375 0.8921875 0.74609375 0.88671875 0.7265625 0.87734375 0.721875 0.86328125 0.73125 0.85234375 0.7125 0.79765625 0.7078125 0.77265625 0.696875 0.76015625 0.6796875 0.74453125 0.6734375 0.7171875 0.68671875 0.6921875 0.73046875 0.6890625 0.76015625 0.696875 0.80546875 0.71484375 0.8296875 0.73828125 0.8359375 0.75546875 0.825 0.78671875 0.8234375 0.84765625 0.8078125 0.8546875 0.82734375
4 0.85625 0.71015625 0.875 0.69609375 0.878125 0.67890625 0.8546875 0.65234375 0.84375 0.56796875 0.83671875 0.55625 0.82578125 0.553125 0.828125 0.56953125 0.81640625 0.584375 0.8046875 0.56640625 0.7703125 0.53828125 0.759375 0.50078125 0.771875 0.47109375 0.75859375 0.453125 0.7375 0.48984375 0.7375 0.51484375 0.71875 0.53046875 0.7046875 0.55703125 0.6984375 0.58671875 0.7109375 0.62421875 0.7375 0.66953125 0.76171875 0.6796875 0.77578125 0.696875 0.81953125 0.7109375
4 0.8125 0.39453125 0.85 0.37578125 0.8609375 0.34140625 0.853125 0.28046875 0.828125 0.22734375 0.825 0.19765625 0.81640625 0.184375 0.8078125 0.20078125 0.81875 0.23046875 0.8171875 0.24921875 0.80859375 0.2515625 0.79765625 0.24375 0.76640625 0.246875 0.75 0.22109375 0.74609375 0.1984375 0.734375 0.21171875 0.7234375 0.26484375 0.6875 0.29609375 0.6671875 0.34140625 0.67578125 0.3609375 0.68828125 0.35625 0.70703125 0.3609375 0.7015625 0.36484375 0.70390625 0.3734375 0.71171875 0.36875 0.76953125 0.3734375 0.80078125 0.39375
1 0.7703125 0.21015625 0.78671875 0.209375 0.8015625 0.20078125 0.8046875 0.16953125 0.75390625 0.1484375 0.7453125 0.15234375 0.7453125 0.18828125 0.75703125 0.209375