1 0.7875 0.45390625 0.8046875 0.43515625 0.8171875 0.40859375 0.8453125 0.38984375 0.846875 0.28828125 0.8375 0.18984375 0.80859375 0.171875 0.78828125 0.171875 0.77734375 0.165625 0.77265625 0.184375 0.771875 0.17265625 0.7671875 0.17265625 0.76484375 0.1984375 0.74453125 0.2015625 0.74296875 0.2109375 0.73828125 0.2015625 0.73515625 0.209375 0.725 0.20859375 0.73203125 0.203125 0.72109375 0.203125 0.71796875 0.2109375 0.70625 0.21484375 0.70234375 0.23125 0.69140625 0.23125 0.68671875 0.240625 0.68359375 0.234375 0.665625 0.25078125 0.6734375 0.25078125 0.671875 0.26328125 0.67578125 0.2703125 0.6796875 0.26796875 0.67578125 0.28125 0.7046875 0.28359375 0.70625 0.31484375 0.71875 0.31484375 0.7125 0.33046875 0.71875 0.33203125 0.7140625 0.34140625 0.7203125 0.34453125 0.721875 0.36328125 0.734375 0.36328125 0.728125 0.37265625 0.7359375 0.37734375 0.73828125 0.390625 0.7671875 0.39296875 0.765625 0.43515625 0.77734375 0.4421875 0.78203125 0.4390625
4 0.196875 0.93671875 0.2015625 0.92421875 0.1890625 0.88984375 0.1859375 0.83671875 0.2 0.81640625 0.1984375 0.80859375 0.17265625 0.7984375 0.1609375 0.78671875 0.140625 0.68046875 0.140625 0.64609375 0.1546875 0.59609375 0.11171875 0.5546875 0.08671875 0.5515625 0.078125 0.56015625 0.0734375 0.58203125 0.0703125 0.66171875 0.0875 0.77265625 0.1265625 0.88359375 0.1484375 0.90546875 0.16015625 0.928125 0.17265625 0.9359375
4 0.6015625 0.87578125 0.63828125 0.859375 0.67421875 0.8640625 0.70703125 0.859375 0.74140625 0.834375 0.76875 0.79921875 0.7765625 0.76171875 0.771875 0.71796875 0.7515625 0.68046875 0.7421875 0.62578125 0.72421875 0.5875 0.71875 0.60546875 0.7296875 0.67109375 0.72265625 0.6953125 0.68359375 0.6890625 0.63984375 0.7140625 0.62109375 0.703125 0.59765625 0.703125 0.5859375 0.72578125 0.5125 0.78828125 0.5140625 0.80234375 0.540625 0.83984375 0.534375 0.85078125 0.53828125 0.85625 0.56328125 0.8546875 0.58828125 0.8734375
4 0.8671875 0.79140625 0.88671875 0.7625 0.89765625 0.771875 0.9046875 0.76796875 0.903125 0.72734375 0.8953125 0.71640625 0.9 0.63046875 0.8890625 0.50546875 0.8765625 0.43671875 0.8640625 0.40546875 0.85703125 0.3984375 0.84140625 0.3984375 0.8203125 0.41484375 0.79375 0.46015625 0.825 0.50078125 0.8265625 0.53515625 0.84375 0.57734375 0.853125 0.69921875 0.8609375 0.73203125 0.85625 0.77265625
4 0.7890625 0.90546875 0.8125 0.89140625 0.840625 0.83671875 0.8515625 0.74921875 0.846875 0.59609375 0.8296875 0.53984375 0.81640625 0.5234375 0.80703125 0.5375 0.77734375 0.55625 0.75703125 0.5609375 0.7515625 0.57109375 0.771875 0.59140625 0.7859375 0.63671875 0.78125 0.71328125 0.7875 0.77265625 0.778125 0.78828125 0.7828125 0.84765625 0.7765625 0.85703125 0.7796875 0.87734375 0.79375 0.88046875 0.7890625 0.89140625 0.8046875 0.89453125 0.7828125 0.90546875
4 0.51875 0.29453125 0.5296875 0.28515625 0.53984375 0.2625 0.57734375 0.26875 0.59375 0.26484375 0.596875 0.25234375 0.5859375 0.21171875 0.5875 0.19921875 0.5984375 0.18828125 0.5859375 0.16328125 0.56953125 0.1578125 0.51328125 0.10625 0.46015625 0.0734375 0.38984375 0.0609375 0.36328125 0.0703125 0.3421875 0.09921875 0.3375 0.11640625 0.334375 0.14296875 0.340625 0.16484375 0.325 0.22578125 0.3234375 0.26328125 0.3296875 0.26171875 0.3484375 0.20546875 0.37265625 0.1765625 0.38515625 0.171875 0.46015625 0.221875 0.48515625 0.25 0.50234375 0.24375 0.509375 0.25546875 0.5078125 0.28828125
4 0.2421875 0.56953125 0.25 0.49609375 0.27109375 0.4515625 0.29296875 0.4609375 0.32734375 0.4609375 0.41796875 0.48125 0.44296875 0.475 0.44921875 0.4640625 0.46328125 0.4640625 0.48359375 0.475 0.5015625 0.46640625 0.509375 0.43984375 0.4796875 0.38828125 0.4796875 0.33984375 0.47421875 0.328125 0.4625 0.33203125 0.45546875 0.3546875 0.35546875 0.296875 0.32109375 0.284375 0.26484375 0.29375 0.2390625 0.31640625 0.225 0.34765625 0.221875 0.40703125 0.2265625 0.42734375 0.225 0.53515625
4 0.3609375 0.68828125 0.3609375 0.66796875 0.34375 0.64609375 0.33515625 0.61875 0.37421875 0.6234375 0.42265625 0.60625 0.43203125 0.6171875 0.46015625 0.621875 0.49296875 0.5828125 0.5359375 0.55390625 0.5421875 0.53046875 0.51875 0.50859375 0.5109375 0.48984375 0.525 0.46328125 0.52265625 0.4515625 0.49140625 0.484375 0.46328125 0.465625 0.45234375 0.465625 0.44140625 0.478125 0.42734375 0.4828125 0.40703125 0.4828125 0.31953125 0.4609375 0.29609375 0.4625 0.2796875 0.47890625 0.2671875 0.51796875 0.275 0.58046875 0.35 0.68203125
4 0.1390625 0.51015625 0.1453125 0.50234375 0.1484375 0.37734375 0.1578125 0.36171875 0.1484375 0.30390625 0.1484375 0.20078125 0.16796875 0.209375 0.17890625 0.225 0.18671875 0.225 0.190625 0.21640625 0.1421875 0.13828125 0.12578125 0.1234375 0.1125 0.13203125 0.09375 0.17734375 0.084375 0.25546875 0.0921875 0.40390625 0.1078125 0.46640625
4 0.06875 0.52265625 0.07890625 0.5015625 0.08984375 0.503125 0.09921875 0.515625 0.10859375 0.515625 0.1140625 0.50703125 0.090625 0.39765625 0.084375 0.24453125 0.09375 0.17734375 0.08046875 0.16875 0.06796875 0.1734375 0.059375 0.18515625 0.0453125 0.24921875 0.0484375 0.41484375 0.0515625 0.43828125 0.0671875 0.47421875
4 0.471875 0.38828125 0.47890625 0.371875 0.50703125 0.3859375 0.51875 0.37109375 0.5046875 0.32265625 0.5046875 0.24921875 0.48671875 0.25625 0.45546875 0.2203125 0.38671875 0.175 0.37890625 0.175 0.346875 0.21015625 0.33125 0.26484375 0.32265625 0.2734375 0.321875 0.23515625 0.3390625 0.16015625 0.32265625 0.1546875 0.29140625 0.16875 0.271875 0.20859375 0.2703125 0.24609375 0.2765625 0.27265625 0.2703125 0.28671875 0.32421875 0.2796875 0.35234375 0.29375 0.45234375 0.35 0.459375 0.36171875 0.4578125 0.37265625
4 0.778125 0.71171875 0.7828125 0.63203125 0.7703125 0.59453125 0.7515625 0.57890625 0.75 0.56953125 0.75859375 0.5578125 0.78203125 0.5515625 0.80625 0.52890625 0.8015625 0.51015625 0.79765625 0.53125 0.78828125 0.5234375 0.78046875 0.5296875 0.76953125 0.5203125 0.76640625 0.525 0.74921875 0.5234375 0.74609375 0.5125 0.74296875 0.521875 0.73203125 0.5234375 0.73046875 0.5109375 0.72578125 0.525 0.69921875 0.5234375 0.69453125 0.5328125 0.68203125 0.5234375 0.6796875 0.53984375 0.66796875 0.53125 0.66171875 0.546875 0.65546875 0.534375 0.6484375 0.57421875 0.64140625 0.565625 0.6359375 0.57109375 0.63125 0.62421875 0.6359375 0.68046875 0.64375 0.67890625 0.6390625 0.66796875 0.64765625 0.665625 0.65078125 0.7 0.68671875 0.6859375 0.7234375 0.69140625 0.728125 0.65234375 0.715625 0.59921875 0.72265625 0.58125 0.7421875 0.61328125 0.75625 0.68359375