1 0.7578125 0.81640625 0.8515625 0.78359375 0.859375 0.60859375 0.8453125 0.20078125 0.83515625 0.184375 0.75703125 0.15 0.69765625 0.128125 0.64453125 0.121875 0.65 0.18828125 0.6421875 0.22890625 0.653125 0.31953125 0.64765625 0.3375 0.63203125 0.325 0.6296875 0.33359375 0.6125 0.34453125 0.6109375 0.27109375 0.59765625 0.2328125 0.54921875 0.25 0.48828125 0.2265625 0.4734375 0.25703125 0.4671875 0.30234375 0.45546875 0.334375 0.4453125 0.33046875 0.44296875 0.28125 0.4359375 0.28046875 0.434375 0.29140625 0.42421875 0.3015625 0.409375 0.30234375 0.4125 0.32265625 0.40859375 0.3296875 0.4 0.32109375 0.3953125 0.34140625 0.3984375 0.36328125 0.3875 0.41171875 0.3890625 0.42890625 0.3953125 0.43203125 0.3875 0.45859375 0.3921875 0.48046875 0.3859375 0.50390625 0.3890625 0.51796875 0.384375 0.51953125 0.3921875 0.53046875 0.38125 0.53515625 0.384375 0.54609375 0.375 0.56484375 0.375 0.59609375 0.36875 0.59765625 0.375 0.60546875 0.36875 0.61171875 0.375 0.63671875 0.3625 0.64453125 0.39453125 0.65625 0.43828125 0.65625 0.47109375 0.621875 0.48515625 0.628125 0.4921875 0.62421875 0.4984375 0.58828125 0.4796875 0.48046875 0.49296875 0.46875 0.50234375 0.46875 0.51875 0.48203125 0.525 0.53359375 0.54921875 0.5671875 0.56953125 0.5640625 0.59296875 0.55 0.65546875 0.5671875 0.659375 0.53671875 0.6375 0.51953125 0.6359375 0.50234375 0.64296875 0.4953125 0.66328125 0.5015625 0.67890625 0.496875 0.6875 0.50703125 0.703125 0.56640625 0.73828125 0.5796875 0.7609375 0.60390625 0.7609375 0.64765625 0.75 0.66640625 0.746875 0.70390625 0.75625 0.74765625 0.7515625 0.80859375
4 0.6171875 0.33984375 0.625 0.33203125 0.63046875 0.2921875 0.64375 0.33203125 0.65 0.32890625 0.6375 0.22578125 0.6484375 0.18515625 0.6484375 0.16171875 0.6265625 0.10703125 0.59453125 0.084375 0.55546875 0.075 0.52265625 0.0734375 0.47265625 0.08125 0.42109375 0.078125 0.409375 0.05078125 0.40078125 0.0484375 0.3953125 0.06015625 0.403125 0.09453125 0.3734375 0.12734375 0.371875 0.14609375 0.38828125 0.1671875 0.428125 0.19453125 0.415625 0.29296875 0.425 0.29296875 0.4359375 0.25390625 0.44765625 0.2390625 0.45234375 0.3296875 0.4578125 0.32421875 0.4625 0.28046875 0.48671875 0.21875 0.55390625 0.246875 0.59921875 0.2234375 0.6140625 0.26953125
4 0.3078125 0.32890625 0.31015625 0.284375 0.325 0.32734375 0.33125 0.32578125 0.31875 0.23515625 0.3265625 0.18046875 0.3234375 0.12890625 0.315625 0.11015625 0.29140625 0.090625 0.23515625 0.090625 0.20078125 0.1125 0.140625 0.17890625 0.115625 0.22578125 0.109375 0.28046875 0.11796875 0.2875 0.19765625 0.2375 0.22734375 0.2296875 0.25703125 0.234375 0.26796875 0.2234375 0.2921875 0.26484375 0.2984375 0.31953125
4 0.08125 0.46640625 0.090625 0.43671875 0.15703125 0.36875 0.20859375 0.35625 0.234375 0.38046875 0.225 0.39765625 0.225 0.41328125 0.22890625 0.4171875 0.2359375 0.41171875 0.2578125 0.37265625 0.25625 0.34765625 0.271875 0.29921875 0.2671875 0.25859375 0.27265625 0.240625 0.26015625 0.24375 0.23515625 0.2296875 0.19609375 0.2390625 0.15234375 0.2625 0.0953125 0.31015625 0.0828125 0.33515625 0.071875 0.38984375 0.071875 0.45546875 0.075 0.46640625
4 0.0625 0.55546875 0.078125 0.49453125 0.06875 0.45234375 0.071875 0.37890625 0.0859375 0.32265625 0.103125 0.29765625 0.103125 0.22421875 0.125 0.19296875 0.1234375 0.16796875 0.11171875 0.1765625 0.10546875 0.1765625 0.1046875 0.16953125 0.134375 0.12109375 0.13046875 0.1109375 0.10859375 0.1359375 0.08359375 0.15 0.06875 0.16640625 0.0546875 0.21015625 0.04375 0.27578125 0.0359375 0.51484375 0.0546875 0.55234375
4 0.075 0.70703125 0.0984375 0.67734375 0.1390625 0.57890625 0.1421875 0.50234375 0.125 0.47578125 0.125 0.45546875 0.11796875 0.44375 0.09375 0.47734375 0.078125 0.54921875 0.0546875 0.61796875 0.05625 0.70390625
4 0.1140625 0.83046875 0.15 0.76171875 0.1515625 0.74453125 0.175 0.72265625 0.1890625 0.66484375 0.203125 0.53515625 0.1859375 0.49609375 0.17890625 0.4265625 0.171875 0.43203125 0.171875 0.47109375 0.16171875 0.4953125 0.128125 0.45859375 0.1296875 0.47265625 0.1375 0.47265625 0.14375 0.50859375 0.1390625 0.57890625 0.0984375 0.68046875 0.071875 0.71953125 0.075 0.79296875 0.10390625 0.8296875
4 0.2296875 0.85078125 0.2359375 0.84453125 0.2375 0.82265625 0.23125 0.80546875 0.246875 0.73203125 0.2734375 0.67734375 0.2796875 0.64765625 0.284375 0.48359375 0.25390625 0.4390625 0.22734375 0.440625 0.18359375 0.3859375 0.18125 0.39609375 0.203125 0.44453125 0.2125 0.51328125 0.2 0.56953125 0.1890625 0.66796875 0.175 0.72421875 0.1546875 0.74140625 0.15 0.75390625 0.175 0.76953125 0.171875 0.82734375 0.19609375 0.8359375 0.21640625 0.8515625
4 0.2796875 0.92109375 0.2765625 0.85546875 0.29921875 0.8171875 0.34296875 0.825 0.38515625 0.803125 0.40703125 0.8015625 0.434375 0.82734375 0.428125 0.86015625 0.43203125 0.8640625 0.44453125 0.85625 0.45078125 0.859375 0.4578125 0.85234375 0.459375 0.83046875 0.453125 0.81953125 0.45 0.78359375 0.49296875 0.7671875 0.5171875 0.74296875 0.515625 0.72734375 0.496875 0.71171875 0.4875 0.69140625 0.4859375 0.64765625 0.47890625 0.628125 0.47265625 0.6265625 0.4625 0.63671875 0.45078125 0.6578125 0.43671875 0.6609375 0.39765625 0.6609375 0.34921875 0.646875 0.32109375 0.65 0.29609375 0.6625 0.26875 0.68828125 0.253125 0.71796875 0.2453125 0.75078125 0.246875 0.78828125 0.25625 0.81171875 0.25 0.90859375 0.25625 0.91171875 0.26328125 0.8875 0.2703125 0.91484375
4 0.603125 0.74296875 0.69296875 0.709375 0.72421875 0.690625 0.7578125 0.64765625 0.7578125 0.60078125 0.73984375 0.5828125 0.703125 0.57109375 0.6921875 0.55234375 0.68046875 0.5015625 0.67265625 0.5078125 0.65078125 0.4984375 0.640625 0.50390625 0.6453125 0.52109375 0.6625 0.53203125 0.6640625 0.56171875 0.65859375 0.571875 0.60078125 0.553125 0.55078125 0.571875 0.5234375 0.53828125 0.5125 0.48359375 0.50234375 0.4734375 0.48828125 0.475 0.4828125 0.48359375 0.484375 0.50546875 0.503125 0.59140625 0.490625 0.64921875 0.50625 0.71328125 0.54921875 0.740625
4 0.559375 0.90234375 0.56875 0.89296875 0.57109375 0.8796875 0.61484375 0.865625 0.68359375 0.8546875 0.71328125 0.8390625 0.7453125 0.81015625 0.753125 0.74296875 0.7421875 0.71328125 0.74140625 0.6875 0.73203125 0.6875 0.70234375 0.71875 0.66953125 0.71875 0.61484375 0.74375 0.55078125 0.7421875 0.5546875 0.76484375 0.5046875 0.79296875 0.4984375 0.81796875 0.5265625 0.84921875 0.5453125 0.89609375