1 0.7703125 0.81328125 0.8203125 0.79609375 0.7859375 0.71953125 0.7796875 0.68828125 0.753125 0.63828125 0.7375 0.62421875 0.7375 0.61484375 0.759375 0.59140625 0.759375 0.58046875 0.7375 0.56171875 0.7390625 0.54765625 0.79921875 0.546875 0.8046875 0.53828125 0.7953125 0.46015625 0.7984375 0.43671875 0.78203125 0.4328125 0.7765625 0.43984375 0.78125 0.44453125 0.76953125 0.4453125 0.7609375 0.45546875 0.76484375 0.4609375 0.74609375 0.4625 0.74140625 0.4703125 0.73046875 0.4625 0.728125 0.49453125 0.7140625 0.49453125 0.7140625 0.50390625 0.7203125 0.50703125 0.7140625 0.51796875 0.7203125 0.52265625 0.7140625 0.52578125 0.7140625 0.53515625 0.7203125 0.53828125 0.7140625 0.54765625 0.71875 0.60390625 0.7140625 0.60546875 0.7109375 0.63203125 0.70390625 0.6265625 0.7 0.63515625 0.6953125 0.68359375 0.68671875 0.6609375 0.6796875 0.68984375 0.67109375 0.684375 0.66328125 0.7046875 0.6578125 0.70234375 0.65546875 0.675 0.64765625 0.696875 0.6390625 0.69453125 0.63671875 0.6828125 0.628125 0.68984375 0.67734375 0.725 0.68828125 0.7390625 0.7203125 0.75234375 0.7328125 0.77109375 0.73828125 0.8046875 0.74921875 0.8140625 0.75703125 0.8140625 0.75703125 0.8078125
1 0.409375 0.24140625 0.42578125 0.1890625 0.46796875 0.175 0.515625 0.18046875 0.5072115384615384 0.13701923076923073 0.50390625 0.103125 0.36171875 0.103125 0.2828125 0.11796875 0.2890625 0.12578125 0.2859375 0.15390625 0.2953125 0.16640625 0.2890625 0.17734375 0.3 0.18203125 0.2921875 0.18515625 0.296875 0.18828125 0.2921875 0.19296875 0.30234375 0.1953125 0.30078125 0.2015625 0.31875 0.20546875 0.30703125 0.209375 0.33359375 0.2109375 0.3296875 0.21640625 0.33515625 0.21875 0.34609375 0.2125 0.34609375 0.21875 0.36640625 0.21875 0.37578125 0.2265625 0.38203125 0.2234375
4 0.84375 0.63203125 0.86875 0.57890625 0.878125 0.51328125 0.8625 0.28828125 0.8515625 0.24609375 0.84453125 0.2390625 0.8265625 0.24453125 0.8140625 0.31953125 0.8015625 0.32890625 0.803125 0.36484375 0.8171875 0.40859375 0.8125 0.45390625 0.80859375 0.459375 0.80546875 0.4515625 0.7984375 0.45234375 0.803125 0.52734375 0.8140625 0.54453125 0.8140625 0.56484375 0.834375 0.62265625
4 0.846875 0.79921875 0.85703125 0.796875 0.878125 0.77109375 0.8796875 0.74453125 0.8703125 0.70859375 0.85 0.67578125 0.8234375 0.58828125 0.79609375 0.55 0.78671875 0.5453125 0.76953125 0.55 0.74453125 0.546875 0.7390625 0.55859375 0.7640625 0.58046875 0.7640625 0.58671875 0.7390625 0.62109375 0.753125 0.63359375 0.78125 0.68515625 0.7890625 0.72109375 0.8203125 0.78828125 0.83359375 0.7984375
4 0.7140625 0.38203125 0.71875 0.37734375 0.7171875 0.34140625 0.721875 0.32890625 0.73125 0.32578125 0.73125 0.31171875 0.71875 0.28359375 0.7140625 0.22890625 0.7015625 0.19921875 0.6421875 0.12421875 0.61484375 0.0984375 0.59609375 0.084375 0.56328125 0.071875 0.54140625 0.075 0.5109375 0.09921875 0.5203125 0.10390625 0.515625 0.16015625 0.5234375 0.18671875 0.57734375 0.2234375 0.61171875 0.2375 0.6515625 0.28515625 0.678125 0.30390625 0.675 0.33359375 0.7046875 0.38046875
4 0.6015625 0.41953125 0.60859375 0.3703125 0.61953125 0.3671875 0.66015625 0.375 0.6671875 0.36953125 0.6609375 0.33359375 0.6765625 0.31953125 0.6765625 0.30234375 0.65703125 0.2921875 0.61015625 0.2375 0.57734375 0.225 0.52734375 0.1890625 0.49296875 0.178125 0.46484375 0.1765625 0.42734375 0.190625 0.4125 0.24296875 0.4203125 0.30390625 0.4 0.37421875 0.42734375 0.3703125 0.453125 0.32265625 0.46328125 0.3171875 0.50390625 0.3484375 0.55390625 0.35625 0.5578125 0.36171875 0.5453125 0.37734375 0.57421875 0.4 0.58984375 0.3953125
4 0.6015625 0.66328125 0.61328125 0.6375 0.62265625 0.6453125 0.6296875 0.63828125 0.628125 0.59765625 0.64765625 0.5984375 0.653125 0.59296875 0.640625 0.55703125 0.61875 0.54765625 0.61953125 0.5328125 0.64453125 0.5546875 0.6484375 0.53828125 0.609375 0.47890625 0.52421875 0.3953125 0.48828125 0.3734375 0.44765625 0.3671875 0.40390625 0.378125 0.38125 0.40703125 0.371875 0.43671875 0.371875 0.46015625 0.384375 0.50703125 0.4125 0.54453125 0.41875 0.56328125 0.46796875 0.6 0.471875 0.58359375 0.4609375 0.56484375 0.46328125 0.55 0.52265625 0.5515625 0.5453125 0.58984375 0.5796875 0.61171875 0.584375 0.64140625
4 0.7015625 0.88984375 0.740625 0.84140625 0.734375 0.78359375 0.725 0.76171875 0.71171875 0.7484375 0.68203125 0.7390625 0.66796875 0.721875 0.61640625 0.6859375 0.58515625 0.6515625 0.53828125 0.640625 0.5203125 0.61953125 0.5140625 0.59296875 0.48359375 0.5828125 0.4671875 0.60859375 0.4609375 0.64453125 0.478125 0.69140625 0.5 0.72109375 0.5171875 0.76953125 0.53359375 0.7890625 0.60390625 0.84375 0.68046875 0.8890625
4 0.25 0.39453125 0.2546875 0.38046875 0.234375 0.35703125 0.25234375 0.353125 0.2640625 0.34296875 0.2609375 0.30234375 0.24375 0.28671875 0.23984375 0.265625 0.23203125 0.26875 0.196875 0.24296875 0.1828125 0.20078125 0.2 0.19453125 0.19375 0.17734375 0.1984375 0.16171875 0.17421875 0.1375 0.13828125 0.1328125 0.121875 0.14921875 0.1109375 0.19140625 0.1125 0.24921875 0.125 0.29140625 0.1359375 0.31015625 0.18671875 0.359375
4 0.1203125 0.53984375 0.1359375 0.52421875 0.1421875 0.47890625 0.1703125 0.42890625 0.1734375 0.38203125 0.1609375 0.38671875 0.14609375 0.4140625 0.1359375 0.41484375 0.128125 0.35546875 0.1078125 0.29765625 0.115625 0.27109375 0.1125 0.25078125 0.1 0.24453125 0.090625 0.20390625 0.07890625 0.1921875 0.0703125 0.21484375 0.06015625 0.2109375 0.0546875 0.21640625 0.059375 0.40703125 0.084375 0.51640625 0.09921875 0.5390625
4 0.040625 0.68203125 0.0625 0.61484375 0.0875 0.58203125 0.090625 0.55078125 0.090625 0.53359375 0.065625 0.44921875 0.05546875 0.3546875 0.0359375 0.38984375 0.028125 0.45859375 0.0328125 0.64921875
4 0.0609375 0.86640625 0.0734375 0.86015625 0.0859375 0.82265625 0.084375 0.78046875 0.1015625 0.70703125 0.1265625 0.66171875 0.140625 0.64921875 0.140625 0.63984375 0.1296875 0.62890625 0.128125 0.60859375 0.09921875 0.5828125 0.08359375 0.5859375 0.0640625 0.61171875 0.034375 0.72109375 0.03125 0.81484375 0.0484375 0.86015625