1 0.5859375 0.28671875 0.59921875 0.2796875 0.62109375 0.2796875 0.63984375 0.2578125 0.64296875 0.2640625 0.659375 0.26328125 0.6578125 0.23515625 0.671875 0.23203125 0.68046875 0.1984375 0.69765625 0.2015625 0.7125 0.18515625 0.721875 0.14140625 0.60390625 0.1125 0.47109375 0.103125 0.4703125 0.12265625 0.4890625 0.14609375 0.496875 0.17578125 0.50234375 0.1625 0.5109375 0.18515625 0.48828125 0.1875 0.4890625 0.19921875 0.49921875 0.209375 0.50234375 0.190625 0.509375 0.21640625 0.51484375 0.2171875 0.51796875 0.209375 0.534375 0.22578125 0.5453125 0.26640625
4 0.59375 0.71953125 0.63984375 0.7078125 0.67890625 0.6890625 0.6921875 0.67265625 0.70625 0.63046875 0.7015625 0.57890625 0.69375 0.55703125 0.66875 0.50390625 0.62890625 0.4609375 0.55390625 0.434375 0.45078125 0.3828125 0.446875 0.40078125 0.4984375 0.43671875 0.48359375 0.4609375 0.47265625 0.4375 0.44921875 0.4328125 0.44375 0.43828125 0.446875 0.46640625 0.459375 0.48203125 0.44375 0.51640625 0.4515625 0.57265625 0.47265625 0.5828125 0.48984375 0.5640625 0.50546875 0.5734375 0.54609375 0.5703125 0.559375 0.57890625 0.5765625 0.61015625 0.6171875 0.65234375 0.61875 0.67890625 0.5921875 0.69921875 0.5890625 0.71640625
4 0.18125 0.30390625 0.228125 0.26484375 0.2359375 0.18984375 0.246875 0.16484375 0.2625 0.14765625 0.2671875 0.13203125 0.26328125 0.1234375 0.19765625 0.184375 0.18671875 0.184375 0.13828125 0.1453125 0.11796875 0.14375 0.08203125 0.184375 0.07578125 0.1765625 0.0609375 0.19296875 0.059375 0.20546875 0.06875 0.22734375 0.08828125 0.2515625 0.109375 0.26640625 0.13203125 0.3
4 0.2640625 0.43984375 0.26875 0.41640625 0.2875 0.40859375 0.2875 0.39921875 0.2765625 0.39296875 0.275 0.38203125 0.3015625 0.33828125 0.29453125 0.3171875 0.24609375 0.309375 0.2390625 0.29765625 0.2390625 0.27890625 0.23046875 0.2703125 0.21328125 0.278125 0.18984375 0.3046875 0.13359375 0.303125 0.12578125 0.3109375 0.10703125 0.290625 0.0921875 0.30234375 0.08125 0.33359375 0.08125 0.38203125 0.0875 0.41015625 0.10234375 0.425 0.13828125 0.421875 0.16484375 0.43125 0.22109375 0.43125 0.24453125 0.4171875
4 0.0765625 0.68984375 0.10234375 0.6765625 0.1390625 0.67265625 0.115625 0.63046875 0.1421875 0.58515625 0.15390625 0.54375 0.178125 0.55859375 0.20390625 0.6015625 0.2109375 0.59609375 0.209375 0.56015625 0.1796875 0.50390625 0.1734375 0.44765625 0.16015625 0.43125 0.13828125 0.421875 0.11796875 0.4265625 0.0953125 0.44921875 0.075 0.49453125 0.053125 0.62421875 0.059375 0.66796875 0.05234375 0.6640625 0.0515625 0.67109375 0.06015625 0.6890625 0.065625 0.68671875 0.059375 0.67578125 0.06796875 0.6734375 0.06875 0.68515625
4 0.0453125 0.64765625 0.046875 0.62421875 0.0609375 0.59609375 0.078125 0.48046875 0.0890625 0.45546875 0.0796875 0.33828125 0.0921875 0.30078125 0.1125 0.28046875 0.09921875 0.259375 0.06796875 0.2421875 0.0578125 0.25390625 0.04375 0.29453125 0.0359375 0.38046875 0.03125 0.63046875
4 0.146875 0.83046875 0.171875 0.81328125 0.1890625 0.78671875 0.2046875 0.75078125 0.2171875 0.69296875 0.2140625 0.66328125 0.203125 0.65234375 0.196875 0.63359375 0.196875 0.59765625 0.18515625 0.584375 0.1765625 0.59609375 0.1765625 0.64765625 0.15859375 0.65625 0.13671875 0.6796875 0.10234375 0.678125 0.0890625 0.68828125 0.0765625 0.70546875 0.05625 0.76953125 0.05625 0.79140625 0.06640625 0.8109375
4 0.4140625 0.88515625 0.45078125 0.865625 0.4875 0.87265625 0.471875 0.85234375 0.471875 0.83984375 0.4984375 0.82421875 0.490625 0.81015625 0.496875 0.79921875 0.4953125 0.78515625 0.45390625 0.7609375 0.42109375 0.753125 0.41171875 0.728125 0.38828125 0.7296875 0.36640625 0.7421875 0.32734375 0.71875 0.29921875 0.7171875 0.303125 0.69921875 0.325 0.67578125 0.3265625 0.66328125 0.31953125 0.65625 0.2390625 0.73671875 0.225 0.78984375 0.2328125 0.82265625 0.246875 0.84765625 0.28046875 0.875 0.32421875 0.8828125 0.38828125 0.8796875
4 0.80625 0.61328125 0.853125 0.58515625 0.8703125 0.53984375 0.8671875 0.48828125 0.82734375 0.3734375 0.821875 0.37421875 0.821875 0.38515625 0.8328125 0.43046875 0.82890625 0.465625 0.80546875 0.45625 0.76953125 0.459375 0.75078125 0.4390625 0.73203125 0.4328125 0.71875 0.44921875 0.715625 0.47578125 0.6765625 0.51328125 0.70703125 0.5890625 0.72578125 0.596875 0.77734375 0.6
4 0.76875 0.73984375 0.81171875 0.7265625 0.82578125 0.73125 0.84375 0.72421875 0.86875 0.67890625 0.859375 0.63671875 0.83203125 0.60625 0.80234375 0.6171875 0.77734375 0.6015625 0.71796875 0.6 0.7078125 0.61015625 0.7046875 0.64453125 0.684375 0.68515625 0.6875 0.69921875 0.69375 0.71328125 0.71328125 0.7296875 0.74609375 0.740625
4 0.709375 0.85390625 0.73515625 0.85 0.80546875 0.81875 0.82421875 0.7953125 0.83359375 0.8046875 0.85234375 0.7984375 0.8515625 0.78046875 0.8375 0.76640625 0.8359375 0.74296875 0.81796875 0.728125 0.76953125 0.740625 0.74609375 0.740625 0.71796875 0.7328125 0.69453125 0.7171875 0.67734375 0.7203125 0.6515625 0.75703125 0.653125 0.81953125 0.66953125 0.853125