1 0.640625 0.57421875 0.6484375 0.56171875 0.65 0.53828125 0.646875 0.46640625 0.6625 0.44140625 0.6515625 0.38984375 0.66328125 0.36875 0.69296875 0.3796875 0.71015625 0.3984375 0.72109375 0.3859375 0.73671875 0.3890625 0.76171875 0.41875 0.77890625 0.4140625 0.81796875 0.4390625 0.84765625 0.475 0.85625 0.46484375 0.8578125 0.39296875 0.84375 0.19296875 0.83671875 0.1828125 0.78828125 0.1578125 0.74765625 0.146875 0.740625 0.15078125 0.7515625 0.18203125 0.753125 0.22734375 0.7328125 0.30859375 0.7328125 0.35859375 0.72265625 0.3796875 0.709375 0.36015625 0.7125 0.29921875 0.703125 0.26953125 0.69453125 0.2609375 0.66953125 0.26875 0.62109375 0.24375 0.61328125 0.2453125 0.590625 0.29609375 0.5875 0.34140625 0.58046875 0.353125 0.5734375 0.34609375 0.5671875 0.28359375 0.56171875 0.28125 0.5546875 0.29921875 0.5390625 0.30546875 0.5359375 0.33359375 0.54375 0.35703125 0.540625 0.47109375 0.56015625 0.5078125 0.57578125 0.4921875 0.590625 0.49765625 0.615625 0.55859375 0.62421875 0.5671875 0.64140625 0.5640625
4 0.7234375 0.37421875 0.73125 0.35390625 0.7296875 0.31796875 0.7375 0.26015625 0.7515625 0.22421875 0.75 0.18671875 0.7359375 0.14609375 0.72265625 0.13125 0.66796875 0.096875 0.55859375 0.0953125 0.5546875 0.06015625 0.53828125 0.059375 0.5359375 0.09921875 0.521875 0.12734375 0.5 0.14140625 0.4984375 0.16796875 0.55625 0.21015625 0.546875 0.29609375 0.5578125 0.28671875 0.5625 0.26015625 0.57421875 0.246875 0.575 0.33046875 0.58046875 0.35 0.5875 0.32890625 0.5875 0.29921875 0.61171875 0.2359375 0.66953125 0.265625 0.69921875 0.253125 0.715625 0.30234375 0.7109375 0.35078125
4 0.825 0.58359375 0.8375 0.57421875 0.853125 0.54296875 0.8484375 0.47890625 0.8296875 0.45234375 0.77734375 0.4140625 0.7734375 0.42890625 0.76328125 0.4296875 0.753125 0.40703125 0.73359375 0.3890625 0.72109375 0.3890625 0.71015625 0.4015625 0.69140625 0.38125 0.65859375 0.38125 0.6546875 0.40078125 0.6734375 0.44765625 0.6578125 0.45546875 0.66328125 0.4671875 0.6765625 0.47265625 0.7 0.51953125 0.71796875 0.5328125 0.73984375 0.534375 0.76796875 0.5578125 0.80234375 0.5671875
4 0.740625 0.72421875 0.80234375 0.7046875 0.828125 0.68359375 0.8484375 0.64765625 0.84375 0.62109375 0.8484375 0.60390625 0.83984375 0.5921875 0.81796875 0.5859375 0.80078125 0.56875 0.78515625 0.565625 0.77578125 0.5734375 0.73984375 0.5515625 0.71484375 0.5515625 0.70078125 0.525 0.6859375 0.53828125 0.68359375 0.55 0.665625 0.48359375 0.65546875 0.4765625 0.6546875 0.56015625 0.64375 0.60078125 0.65 0.65546875 0.64375 0.67109375 0.65390625 0.671875 0.68515625 0.7046875 0.71796875 0.721875
4 0.68125 0.89140625 0.68828125 0.853125 0.71484375 0.840625 0.77890625 0.8328125 0.825 0.79921875 0.840625 0.75078125 0.8390625 0.69765625 0.83203125 0.684375 0.80390625 0.7109375 0.78359375 0.7109375 0.73671875 0.7265625 0.71796875 0.7234375 0.68671875 0.70625 0.65234375 0.671875 0.6453125 0.67421875 0.675 0.73515625 0.6234375 0.79140625 0.621875 0.81171875 0.6546875 0.84453125 0.6671875 0.88203125
4 0.428125 0.90390625 0.4265625 0.84609375 0.43515625 0.828125 0.47890625 0.8671875 0.49375 0.86484375 0.4640625 0.82265625 0.46171875 0.7875 0.50234375 0.7734375 0.54765625 0.7234375 0.565625 0.73515625 0.60078125 0.790625 0.60625 0.78359375 0.5875 0.72578125 0.60234375 0.7265625 0.61640625 0.746875 0.6265625 0.74609375 0.603125 0.68828125 0.6 0.65859375 0.625 0.61640625 0.6328125 0.58515625 0.6015625 0.54296875 0.596875 0.51484375 0.58515625 0.496875 0.5703125 0.51015625 0.565625 0.54609375 0.54609375 0.575 0.51953125 0.5875 0.47265625 0.5953125 0.4359375 0.62109375 0.40625 0.66171875 0.38125 0.72109375 0.3796875 0.75390625 0.390625 0.78984375 0.4125 0.81640625 0.4078125 0.82734375 0.4109375 0.85390625 0.4203125 0.89765625
4 0.2015625 0.86328125 0.2015625 0.84453125 0.21875 0.81796875 0.265625 0.77734375 0.2890625 0.74453125 0.334375 0.60859375 0.325 0.54609375 0.3 0.51796875 0.2828125 0.43828125 0.27578125 0.4296875 0.2765625 0.49921875 0.2609375 0.56796875 0.2125 0.64921875 0.18203125 0.66875 0.1671875 0.68984375 0.16875 0.74140625 0.1546875 0.77734375 0.1484375 0.81953125 0.175 0.83984375 0.18828125 0.8609375
4 0.1234375 0.77265625 0.1296875 0.74296875 0.14296875 0.7359375 0.1609375 0.71328125 0.16875 0.68203125 0.2125 0.64609375 0.2625 0.55859375 0.275 0.50546875 0.2734375 0.44453125 0.2703125 0.43203125 0.25 0.41796875 0.24453125 0.3453125 0.2265625 0.34609375 0.2234375 0.36953125 0.23125 0.39765625 0.2171875 0.42734375 0.2140625 0.44921875 0.1765625 0.48984375 0.1453125 0.56171875 0.1171875 0.57578125 0.1109375 0.73828125 0.1171875 0.76953125
4 0.33125 0.47734375 0.3390625 0.45859375 0.3359375 0.36953125 0.3484375 0.35234375 0.353125 0.32890625 0.3453125 0.27890625 0.3484375 0.26796875 0.30859375 0.2265625 0.25859375 0.2109375 0.22734375 0.2171875 0.1625 0.26171875 0.1328125 0.33671875 0.13125 0.35703125 0.16875 0.37890625 0.17578125 0.4640625 0.1828125 0.44921875 0.18828125 0.4 0.19375 0.43671875 0.2015625 0.44765625 0.209375 0.38671875 0.225 0.35703125 0.22890625 0.3359375 0.2484375 0.34296875 0.25234375 0.375 0.26796875 0.378125 0.29765625 0.3703125 0.315625 0.41171875 0.321875 0.46953125
4 0.3765625 0.40859375 0.3859375 0.38671875 0.4 0.29609375 0.43125 0.24296875 0.4359375 0.18828125 0.4234375 0.15078125 0.4078125 0.12578125 0.35703125 0.0828125 0.31796875 0.078125 0.24765625 0.090625 0.22421875 0.1046875 0.22421875 0.065625 0.2046875 0.12890625 0.1859375 0.16484375 0.1921875 0.18359375 0.2109375 0.20078125 0.2046875 0.22421875 0.24609375 0.2109375 0.27890625 0.2140625 0.31640625 0.2296875 0.35390625 0.2703125 0.365625 0.27109375 0.36875 0.31953125 0.3625 0.38828125 0.3703125 0.40703125
4 0.1203125 0.49140625 0.109375 0.44609375 0.1109375 0.42890625 0.13671875 0.4421875 0.1515625 0.43984375 0.134375 0.41015625 0.1234375 0.36328125 0.1578125 0.26953125 0.1578125 0.23203125 0.16328125 0.221875 0.18046875 0.2125 0.20625 0.21015625 0.203125 0.19609375 0.175 0.16796875 0.16875 0.14609375 0.15234375 0.128125 0.1265625 0.13984375 0.0921875 0.21796875 0.0671875 0.34765625 0.0484375 0.41328125 0.0546875 0.48359375 0.06328125 0.484375 0.09453125 0.45625 0.1140625 0.48984375