1 0.7890625 0.44609375 0.8125 0.38203125 0.8328125 0.36171875 0.825 0.33984375 0.83984375 0.346875 0.8484375 0.34296875 0.8375 0.18515625 0.80234375 0.165625 0.72265625 0.1375 0.63203125 0.1171875 0.53359375 0.10625 0.540625 0.10859375 0.5390625 0.13046875 0.5484375 0.15078125 0.54375 0.16171875 0.5546875 0.17265625 0.5421875 0.17734375 0.5546875 0.18828125 0.5453125 0.19296875 0.5515625 0.19609375 0.5578125 0.21640625 0.55625 0.25703125 0.5671875 0.25859375 0.5578125 0.26171875 0.553125 0.28671875 0.55859375 0.30625 0.5640625 0.30390625 0.559375 0.29140625 0.5640625 0.28046875 0.5703125 0.28203125 0.5734375 0.33671875 0.5796875 0.33515625 0.578125 0.29140625 0.58515625 0.28125 0.58828125 0.3375 0.5953125 0.33515625 0.5921875 0.30703125 0.60078125 0.303125 0.603125 0.33515625 0.6109375 0.33359375 0.609375 0.32265625 0.61640625 0.3203125 0.61953125 0.3515625 0.6265625 0.35078125 0.621875 0.33828125 0.63203125 0.3359375 0.63671875 0.353125 0.6484375 0.35078125 0.65234375 0.3765625 0.66484375 0.3671875 0.66796875 0.384375 0.68046875 0.384375 0.68359375 0.396875 0.69609375 0.390625 0.696875 0.39765625 0.70625 0.40078125 0.7046875 0.40546875 0.7125 0.40859375 0.70390625 0.409375 0.69921875 0.403125 0.696875 0.41328125 0.7078125 0.41640625 0.703125 0.42109375 0.70703125 0.43125 0.72890625 0.415625 0.74140625 0.41875 0.74921875 0.4328125 0.75390625 0.421875 0.76640625 0.4203125 0.7859375 0.43203125 0.78125 0.43984375
1 0.7125 0.82890625 0.81484375 0.8 0.8484375 0.78046875 0.840625 0.74609375 0.81484375 0.7453125 0.8078125 0.73828125 0.815625 0.66328125 0.8078125 0.63515625 0.8125 0.58828125 0.8078125 0.51015625 0.80078125 0.4984375 0.78828125 0.521875 0.778125 0.51953125 0.77421875 0.46875 0.7640625 0.49140625 0.7609375 0.53671875 0.7453125 0.54609375 0.7453125 0.63984375 0.7234375 0.75703125 0.7 0.82421875 0.70234375 0.8296875
1 0.6140625 0.73046875 0.6359375 0.70234375 0.6546875 0.64609375 0.6625 0.59609375 0.65 0.55234375 0.6578125 0.51796875 0.6484375 0.51328125 0.646875 0.49453125 0.63203125 0.49375 0.628125 0.48828125 0.6453125 0.48203125 0.61953125 0.4796875 0.61640625 0.4875 0.60546875 0.4734375 0.60078125 0.4875 0.5875 0.47890625 0.5859375 0.51953125 0.5765625 0.51796875 0.57421875 0.503125 0.5703125 0.54140625 0.55625 0.54453125 0.5546875 0.64765625 0.55 0.65234375 0.5546875 0.67578125 0.546875 0.67890625 0.553125 0.68359375 0.5484375 0.69453125 0.55703125 0.696875 0.57734375 0.721875
4 0.8484375 0.74140625 0.875 0.62421875 0.875 0.45703125 0.8671875 0.40546875 0.83984375 0.359375 0.83671875 0.3671875 0.8203125 0.37421875 0.8109375 0.39140625 0.7796875 0.51640625 0.7890625 0.51484375 0.8 0.48515625 0.81015625 0.4765625 0.815625 0.58515625 0.809375 0.63984375 0.8171875 0.66328125 0.809375 0.73515625 0.81328125 0.7421875 0.82421875 0.734375
4 0.6671875 0.85546875 0.6921875 0.83515625 0.715625 0.78046875 0.74375 0.64140625 0.7453125 0.54140625 0.75546875 0.540625 0.7609375 0.52890625 0.7609375 0.49296875 0.7671875 0.47421875 0.76015625 0.46875 0.74375 0.48671875 0.74375 0.43046875 0.73359375 0.41875 0.7265625 0.42265625 0.72265625 0.4390625 0.71171875 0.434375 0.7078125 0.43828125 0.6875 0.53359375 0.6765625 0.55859375 0.66796875 0.5609375 0.6625 0.57265625 0.6640625 0.60859375 0.6578125 0.64296875 0.621875 0.73671875 0.61875 0.76796875 0.63125 0.79296875 0.6296875 0.80390625 0.61875 0.81328125 0.6203125 0.82578125 0.63515625 0.846875 0.65390625 0.85625
4 0.45 0.88203125 0.56640625 0.8296875 0.5734375 0.83046875 0.575 0.84140625 0.58828125 0.85625 0.60703125 0.859375 0.609375 0.83828125 0.6015625 0.81171875 0.6265625 0.79765625 0.6265625 0.78046875 0.6171875 0.76953125 0.61875 0.74453125 0.60078125 0.7296875 0.58203125 0.7296875 0.55390625 0.6984375 0.52890625 0.7046875 0.50859375 0.728125 0.49921875 0.728125 0.4375 0.72265625 0.46875 0.69453125 0.46640625 0.678125 0.42890625 0.6953125 0.3734375 0.75703125 0.3609375 0.81640625 0.375 0.84921875 0.38984375 0.865625 0.42109375 0.88125
4 0.2640625 0.86484375 0.28359375 0.8640625 0.31640625 0.8484375 0.3296875 0.81484375 0.3328125 0.77578125 0.321875 0.73828125 0.3390625 0.67109375 0.3390625 0.64453125 0.33359375 0.6421875 0.3109375 0.70078125 0.27578125 0.7390625 0.26015625 0.7390625 0.19609375 0.7125 0.13671875 0.725 0.1265625 0.73515625 0.1265625 0.75703125 0.115625 0.77890625 0.121875 0.79921875 0.1140625 0.81796875 0.11796875 0.84375 0.13515625 0.8328125 0.22890625 0.8640625
4 0.2703125 0.73828125 0.30625 0.70546875 0.325 0.66328125 0.3015625 0.60078125 0.296875 0.56953125 0.25859375 0.5453125 0.2546875 0.55390625 0.2640625 0.57265625 0.25234375 0.5859375 0.23203125 0.575 0.20234375 0.578125 0.1921875 0.56953125 0.1828125 0.53984375 0.15703125 0.5234375 0.14140625 0.5046875 0.1390625 0.51953125 0.1265625 0.52890625 0.1234375 0.53984375 0.128125 0.60546875 0.1390625 0.65078125 0.20234375 0.709375 0.23828125 0.7296875
4 0.2265625 0.55234375 0.23203125 0.546875 0.24453125 0.55 0.246875 0.54140625 0.2171875 0.49140625 0.2140625 0.43203125 0.23125 0.41015625 0.2625 0.33203125 0.28203125 0.325 0.30859375 0.2984375 0.340625 0.28671875 0.33359375 0.2734375 0.3234375 0.27109375 0.325 0.26015625 0.3453125 0.24921875 0.33125 0.21953125 0.3359375 0.19765625 0.31328125 0.178125 0.29609375 0.184375 0.28828125 0.1953125 0.26640625 0.1875 0.2375 0.20390625 0.1875 0.28671875 0.165625 0.34453125 0.1484375 0.44921875 0.1515625 0.48515625 0.18515625 0.5234375
4 0.1578125 0.37578125 0.1609375 0.32890625 0.215625 0.23671875 0.19296875 0.2 0.16953125 0.2 0.14296875 0.215625 0.10078125 0.2265625 0.0625 0.26328125 0.0484375 0.30703125 0.0484375 0.34296875 0.05859375 0.3640625 0.07890625 0.3734375 0.090625 0.34609375 0.10390625 0.3359375 0.11640625 0.3359375 0.13046875 0.3390625 0.15 0.37265625
4 0.0640625 0.25859375 0.08828125 0.2328125 0.10546875 0.2234375 0.13203125 0.21875 0.17890625 0.196875 0.20390625 0.20625 0.21953125 0.196875 0.2484375 0.16015625 0.2328125 0.13046875 0.240625 0.11171875 0.22734375 0.1046875 0.19453125 0.10625 0.15859375 0.1234375 0.11796875 0.1296875 0.08828125 0.1453125 0.06875 0.16953125 0.0609375 0.19453125 0.059375 0.25546875 0.0640625 0.25859375