1 0.5546875 0.85390625 0.58515625 0.853125 0.5921875 0.84765625 0.5796875 0.82734375 0.5765625 0.77734375 0.57109375 0.7671875 0.56328125 0.765625 0.553125 0.76953125 0.546875 0.81015625 0.5453125 0.85234375
1 0.6953125 0.34765625 0.7171875 0.34296875 0.7203125 0.28515625 0.7140625 0.23828125 0.69609375 0.2203125 0.68671875 0.21875 0.6859375 0.25234375 0.6953125 0.28984375 0.6890625 0.34609375
1 0.7390625 0.34609375 0.77734375 0.325 0.82265625 0.3203125 0.825 0.31015625 0.815625 0.28359375 0.78828125 0.2796875 0.75546875 0.2609375 0.7359375 0.29765625 0.734375 0.34140625 0.7296875 0.34609375
1 0.66875 0.70078125 0.6890625 0.66796875 0.690625 0.56953125 0.7046875 0.49140625 0.69921875 0.4703125 0.67734375 0.4546875 0.65703125 0.453125 0.64375 0.43671875 0.64375 0.41171875 0.653125 0.40078125 0.64296875 0.3953125 0.60625 0.40546875 0.6234375 0.48515625 0.64453125 0.4578125 0.65546875 0.45625 0.659375 0.47578125 0.6515625 0.49140625 0.653125 0.50546875 0.68671875 0.509375 0.690625 0.51484375 0.6875 0.52578125 0.66328125 0.5421875 0.646875 0.56484375
1 0.6375 0.24609375 0.65625 0.21484375 0.6625 0.16328125 0.671875 0.15390625 0.659375 0.12265625 0.64609375 0.115625 0.53515625 0.10625 0.5359375 0.12265625 0.55625 0.16328125 0.54453125 0.178125 0.503125 0.19765625 0.4953125 0.22890625 0.50390625 0.2375 0.52109375 0.2375 0.56171875 0.221875 0.59140625 0.2203125
1 0.6875 0.83671875 0.78203125 0.8140625 0.8546875 0.78046875 0.8609375 0.63515625 0.8578125 0.57109375 0.85234375 0.559375 0.8453125 0.56640625 0.8421875 0.60390625 0.8359375 0.61171875 0.83203125 0.6609375 0.8234375 0.64765625 0.81171875 0.6 0.77890625 0.6390625 0.753125 0.64921875 0.73984375 0.7703125 0.7296875 0.75546875 0.72265625 0.6984375 0.7171875 0.70546875 0.703125 0.75703125 0.703125 0.76953125 0.7171875 0.78203125 0.678125 0.82578125 0.6765625 0.83515625
4 0.28125 0.26640625 0.2875 0.26015625 0.2921875 0.22578125 0.33359375 0.2046875 0.36015625 0.2203125 0.38046875 0.2234375 0.43359375 0.203125 0.44765625 0.2171875 0.47109375 0.225 0.49296875 0.196875 0.54765625 0.1734375 0.553125 0.15546875 0.53125 0.11328125 0.5359375 0.08671875 0.5296875 0.06015625 0.5203125 0.06328125 0.51171875 0.084375 0.47734375 0.071875 0.44140625 0.078125 0.39921875 0.06875 0.35390625 0.06875 0.32109375 0.0734375 0.29140625 0.0859375 0.2828125 0.17734375 0.2578125 0.22578125 0.26015625 0.234375 0.27109375 0.228125 0.2765625 0.23203125 0.2734375 0.26171875
4 0.5265625 0.91328125 0.5359375 0.89765625 0.5453125 0.80546875 0.553125 0.76328125 0.565625 0.73828125 0.5671875 0.70078125 0.5609375 0.67265625 0.5640625 0.57109375 0.553125 0.51484375 0.5578125 0.48984375 0.553125 0.45078125 0.559375 0.42265625 0.5484375 0.39609375 0.53515625 0.3828125 0.51953125 0.378125 0.48125 0.40078125 0.4671875 0.43828125 0.45625 0.51796875 0.4546875 0.58203125 0.46875 0.67421875 0.4703125 0.73828125 0.4890625 0.80390625 0.4828125 0.90078125 0.4921875 0.89765625 0.5015625 0.86484375 0.50703125 0.8625 0.5171875 0.90703125
4 0.64375 0.86796875 0.6625 0.85078125 0.690625 0.80234375 0.7109375 0.78515625 0.70859375 0.7765625 0.68515625 0.784375 0.6625 0.76484375 0.6625 0.75390625 0.6859375 0.70390625 0.675 0.69921875 0.66796875 0.728125 0.6625 0.65859375 0.6453125 0.57578125 0.6484375 0.55390625 0.66640625 0.534375 0.67890625 0.5296875 0.6875 0.51484375 0.6484375 0.50859375 0.6484375 0.48984375 0.6578125 0.47421875 0.65234375 0.459375 0.6375 0.46640625 0.6234375 0.49140625 0.603125 0.40078125 0.58515625 0.3828125 0.578125 0.38671875 0.575 0.42109375 0.5546875 0.44765625 0.559375 0.47734375 0.55625 0.52265625 0.565625 0.57734375 0.56875 0.73828125 0.59375 0.83984375 0.61484375 0.8640625
4 0.7390625 0.76953125 0.7515625 0.64921875 0.77421875 0.6390625 0.81171875 0.5921875 0.8203125 0.60859375 0.8265625 0.65546875 0.834375 0.65859375 0.8375 0.58046875 0.8578125 0.53828125 0.8578125 0.50078125 0.8484375 0.46640625 0.83359375 0.45625 0.81640625 0.45625 0.80078125 0.46875 0.75859375 0.4828125 0.71875 0.53359375 0.69375 0.57734375 0.6890625 0.63046875 0.6984375 0.66328125 0.6984375 0.68984375 0.6921875 0.76640625 0.7 0.76796875 0.7078125 0.72265625 0.72421875 0.6859375 0.7296875 0.74921875
4 0.703125 0.55546875 0.7203125 0.51640625 0.75078125 0.471875 0.77890625 0.475 0.79921875 0.4671875 0.82265625 0.434375 0.83515625 0.4359375 0.8421875 0.45078125 0.85 0.45234375 0.853125 0.37109375 0.846875 0.34453125 0.83203125 0.3265625 0.78828125 0.3234375 0.73515625 0.35 0.69765625 0.3484375 0.659375 0.38359375 0.6578125 0.39921875 0.6453125 0.42109375 0.646875 0.43671875 0.65859375 0.446875 0.68203125 0.453125 0.7078125 0.47734375 0.6984375 0.54453125 0.6984375 0.55546875
4 0.725 0.34296875 0.7328125 0.30078125 0.75390625 0.2546875 0.79140625 0.278125 0.81953125 0.2796875 0.8296875 0.32109375 0.84453125 0.33125 0.859375 0.23828125 0.8515625 0.19921875 0.83203125 0.171875 0.78515625 0.1390625 0.71640625 0.121875 0.70234375 0.090625 0.69140625 0.1296875 0.6671875 0.12421875 0.678125 0.15546875 0.6625 0.17734375 0.6625 0.19453125 0.7171875 0.23984375 0.7234375 0.28671875 0.71875 0.33515625
4 0.4484375 0.42890625 0.45859375 0.3984375 0.48046875 0.396875 0.51328125 0.378125 0.53203125 0.3796875 0.56953125 0.4 0.58203125 0.38125 0.59296875 0.38125 0.60859375 0.4 0.65234375 0.3890625 0.6859375 0.35234375 0.69375 0.32109375 0.6953125 0.30078125 0.678125 0.21015625 0.66171875 0.2015625 0.6453125 0.24140625 0.63359375 0.2484375 0.59140625 0.221875 0.56171875 0.2234375 0.50703125 0.240625 0.48046875 0.2265625 0.45390625 0.221875 0.42890625 0.20625 0.4265625 0.21796875 0.45625 0.26171875 0.45625 0.27578125 0.4046875 0.31484375 0.390625 0.34609375 0.4234375 0.37734375 0.43125 0.39140625 0.4328125 0.41640625
4 0.41875 0.87421875 0.4265625 0.85546875 0.43984375 0.8484375 0.46328125 0.8671875 0.4796875 0.86484375 0.4875 0.80390625 0.4703125 0.74140625 0.38359375 0.6125 0.33046875 0.58125 0.28359375 0.575 0.284375 0.58984375 0.2703125 0.61171875 0.2640625 0.63828125 0.26875 0.70078125 0.2546875 0.77734375 0.26484375 0.7875 0.271875 0.78359375 0.2796875 0.74765625 0.30234375 0.721875 0.3390625 0.77890625 0.3875 0.80859375 0.3921875 0.81953125 0.3875 0.85234375 0.40546875 0.8734375
4 0.1828125 0.83046875 0.1921875 0.81328125 0.1921875 0.76484375 0.25078125 0.7421875 0.2578125 0.72890625 0.25625 0.71640625 0.2359375 0.69765625 0.228125 0.68046875 0.23125 0.65390625 0.225 0.62265625 0.21640625 0.6171875 0.2015625 0.64453125 0.18515625 0.6484375 0.165625 0.63359375 0.12578125 0.5859375 0.10859375 0.5796875 0.07890625 0.5828125 0.0578125 0.60703125 0.053125 0.63515625 0.0625 0.76015625 0.0703125 0.78203125 0.0765625 0.76796875 0.0765625 0.73359375 0.08828125 0.7125 0.10859375 0.7359375 0.1515625 0.75703125 0.153125 0.78984375 0.14375 0.80390625 0.1421875 0.81953125 0.15390625 0.821875 0.17265625 0.7953125 0.1734375 0.82734375
4 0.1078125 0.51484375 0.1109375 0.49765625 0.0921875 0.45859375 0.0828125 0.41953125 0.0984375 0.35234375 0.1046875 0.28359375 0.10859375 0.2765625 0.12734375 0.271875 0.13828125 0.2875 0.14765625 0.2875 0.1640625 0.27421875 0.1296875 0.23203125 0.16875 0.15546875 0.16640625 0.140625 0.14921875 0.1421875 0.1375 0.13515625 0.14140625 0.1078125 0.1 0.16015625 0.0703125 0.21328125 0.05 0.26640625 0.0390625 0.32265625 0.034375 0.40703125 0.0421875 0.45703125 0.05390625 0.471875 0.07109375 0.471875 0.0875 0.50078125