4 0.384375 0.54453125 0.41640625 0.45 0.48828125 0.4578125 0.5046875 0.44921875 0.509375 0.43515625 0.490625 0.39765625 0.5046875 0.38515625 0.509375 0.36484375 0.49140625 0.3484375 0.48046875 0.346875 0.45078125 0.3125 0.41640625 0.290625 0.34921875 0.2265625 0.32734375 0.2171875 0.28359375 0.2140625 0.25625 0.22734375 0.234375 0.26796875 0.2375 0.34921875 0.2171875 0.44765625 0.22109375 0.45 0.23046875 0.4390625 0.2328125 0.45546875 0.2421875 0.45546875 0.2515625 0.39765625 0.27109375 0.365625 0.30859375 0.40625 0.36171875 0.41875 0.375 0.43046875 0.3828125 0.48671875 0.365625 0.50859375 0.3640625 0.52265625 0.36953125 0.528125 0.378125 0.52578125 0.378125 0.54140625
4 0.2140625 0.31796875 0.2453125 0.23515625 0.25859375 0.221875 0.28515625 0.2125 0.32421875 0.215625 0.34921875 0.225 0.37265625 0.21875 0.4 0.25234375 0.409375 0.28203125 0.4328125 0.29765625 0.425 0.23203125 0.41875 0.21953125 0.425 0.14765625 0.4171875 0.12421875 0.39921875 0.1015625 0.38046875 0.090625 0.30390625 0.0828125 0.24140625 0.1046875 0.21640625 0.1046875 0.2140625 0.08046875 0.203125 0.08203125 0.190625 0.14609375 0.1765625 0.17265625 0.175 0.18828125 0.2109375 0.21328125 0.203125 0.31640625
4 0.671875 0.42109375 0.678125 0.40546875 0.6796875 0.36171875 0.69140625 0.3265625 0.72421875 0.3375 0.75703125 0.309375 0.78984375 0.303125 0.803125 0.35390625 0.8109375 0.36171875 0.8109375 0.28671875 0.825 0.27578125 0.8296875 0.25390625 0.8171875 0.22421875 0.8171875 0.20703125 0.80859375 0.1953125 0.73046875 0.16875 0.70234375 0.1671875 0.66015625 0.1890625 0.63125 0.22890625 0.6109375 0.24453125 0.61015625 0.25 0.6296875 0.24921875 0.625 0.26328125 0.6296875 0.28828125 0.6703125 0.36484375 0.665625 0.40859375
4 0.66875 0.70703125 0.671875 0.63984375 0.68046875 0.640625 0.70078125 0.66875 0.709375 0.66640625 0.6953125 0.62890625 0.6984375 0.58671875 0.7328125 0.56328125 0.76171875 0.5109375 0.7703125 0.52734375 0.7734375 0.56015625 0.7828125 0.56640625 0.78203125 0.4984375 0.7890625 0.51015625 0.7921875 0.53984375 0.79765625 0.54375 0.8 0.53828125 0.8 0.34609375 0.7953125 0.33046875 0.77421875 0.30625 0.75703125 0.3109375 0.7515625 0.31953125 0.7546875 0.35078125 0.7390625 0.38203125 0.70234375 0.3984375 0.68125 0.41640625 0.640625 0.48984375 0.63125 0.59296875 0.65 0.62421875 0.659375 0.69921875
4 0.5484375 0.73984375 0.575 0.71953125 0.609375 0.66171875 0.6296875 0.58828125 0.6484375 0.40078125 0.65234375 0.390625 0.66328125 0.390625 0.66875 0.38359375 0.665625 0.35703125 0.6390625 0.31796875 0.62109375 0.2703125 0.6078125 0.27578125 0.58203125 0.3375 0.53203125 0.3046875 0.5265625 0.31171875 0.53515625 0.334375 0.509375 0.32109375 0.515625 0.34921875 0.5375 0.37421875 0.5546875 0.43515625 0.5203125 0.51640625 0.5078125 0.59765625 0.48359375 0.5921875 0.45078125 0.5546875 0.4421875 0.55703125 0.44375 0.56953125 0.4375 0.57421875 0.4421875 0.59921875 0.4890625 0.65703125 0.4921875 0.68984375 0.50625 0.71953125 0.52734375 0.7375
4 0.625 0.89921875 0.6296875 0.87890625 0.6234375 0.84296875 0.6296875 0.82265625 0.615625 0.80546875 0.6171875 0.78046875 0.5921875 0.75546875 0.6078125 0.67421875 0.55546875 0.7390625 0.54140625 0.7421875 0.52265625 0.7359375 0.48984375 0.6921875 0.43515625 0.6875 0.428125 0.68203125 0.425 0.62578125 0.4296875 0.57734375 0.42421875 0.5671875 0.41640625 0.575 0.40859375 0.5671875 0.3953125 0.67734375 0.3765625 0.70234375 0.371875 0.72265625 0.3765625 0.78671875 0.384375 0.80234375 0.43828125 0.8609375 0.46484375 0.875 0.51171875 0.8796875 0.57265625 0.8765625 0.60078125 0.86875
4 0.1046875 0.71640625 0.12265625 0.7078125 0.16015625 0.7140625 0.18671875 0.703125 0.2203125 0.67265625 0.2359375 0.63984375 0.2421875 0.60078125 0.2234375 0.55390625 0.15703125 0.4984375 0.1484375 0.50703125 0.165625 0.52890625 0.1609375 0.54921875 0.12578125 0.5796875 0.11484375 0.575 0.10234375 0.578125 0.07890625 0.609375 0.05546875 0.61875 0.046875 0.63046875 0.0640625 0.65703125 0.071875 0.69453125
4 0.0671875 0.56328125 0.0890625 0.46171875 0.11328125 0.46875 0.1265625 0.46328125 0.103125 0.43359375 0.115625 0.40703125 0.0984375 0.38515625 0.096875 0.36328125 0.10625 0.24296875 0.12734375 0.225 0.1546875 0.22421875 0.14609375 0.2078125 0.1203125 0.19609375 0.12578125 0.1875 0.1546875 0.17421875 0.1546875 0.16484375 0.14765625 0.1609375 0.10859375 0.1671875 0.09765625 0.15625 0.08671875 0.1578125 0.0671875 0.18203125 0.0484375 0.25078125 0.0390625 0.32890625 0.0421875 0.44140625 0.0296875 0.46640625 0.053125 0.52890625 0.05625 0.55703125
4 0.271875 0.89453125 0.3 0.85078125 0.31640625 0.8359375 0.32890625 0.8328125 0.3328125 0.82109375 0.3140625 0.78828125 0.2671875 0.74140625 0.2734375 0.65390625 0.26328125 0.665625 0.25625 0.62578125 0.24765625 0.6109375 0.24375 0.63203125 0.2484375 0.65859375 0.225 0.71640625 0.21484375 0.7203125 0.18671875 0.7046875 0.15703125 0.715625 0.13515625 0.7171875 0.12265625 0.7109375 0.10078125 0.71875 0.1 0.77734375 0.12109375 0.83125 0.17109375 0.85 0.24140625 0.853125 0.2640625 0.86640625 0.265625 0.89140625
4 0.6921875 0.84921875 0.70546875 0.8421875 0.75234375 0.8421875 0.78828125 0.8296875 0.8109375 0.80703125 0.8234375 0.77265625 0.825 0.73984375 0.8171875 0.71328125 0.75546875 0.6390625 0.74921875 0.6390625 0.746875 0.64765625 0.7640625 0.67421875 0.76953125 0.6953125 0.75390625 0.69375 0.71796875 0.709375 0.715625 0.69765625 0.7265625 0.68984375 0.7265625 0.67890625 0.69921875 0.671875 0.66796875 0.7203125 0.62890625 0.7296875 0.61015625 0.7390625 0.60625 0.74765625 0.60625 0.75859375 0.625 0.78828125 0.6203125 0.80703125 0.66796875 0.8453125
1 0.6859375 0.41015625 0.70546875 0.39375 0.7359375 0.38203125 0.75 0.35078125 0.74765625 0.325 0.72265625 0.340625 0.69609375 0.33125 0.6890625 0.33671875 0.68125 0.36953125 0.68125 0.41015625
1 0.825 0.79296875 0.84296875 0.7859375 0.846875 0.76953125 0.85234375 0.7734375 0.8578125 0.76328125 0.8625 0.55390625 0.8578125 0.33359375 0.8484375 0.21171875 0.84296875 0.2 0.83125 0.19921875 0.83046875 0.1828125 0.81875 0.18515625 0.825 0.18984375 0.8171875 0.19765625 0.83125 0.26640625 0.8140625 0.29296875 0.8140625 0.35859375 0.803125 0.37265625 0.7984375 0.39453125 0.8015625 0.53984375 0.79609375 0.5328125 0.78515625 0.5640625 0.78125 0.55078125 0.77734375 0.559375 0.775 0.54765625 0.76875 0.54609375 0.76171875 0.5171875 0.734375 0.56484375 0.703125 0.58828125 0.6984375 0.61953125 0.7125 0.66796875 0.72890625 0.675 0.73515625 0.690625 0.7578125 0.68359375 0.740625 0.64921875 0.74609375 0.6359375 0.75703125 0.6359375 0.8125 0.69765625 0.8296875 0.73046875
1 0.596875 0.27734375 0.603125 0.25078125 0.6296875 0.22734375 0.6515625 0.19609375 0.67734375 0.175 0.7046875 0.16328125 0.7015625 0.14296875 0.70625 0.13828125 0.65546875 0.1203125 0.54296875 0.103125 0.47109375 0.1 0.44921875 0.10625 0.4421875 0.13671875 0.4484375 0.15078125 0.4421875 0.16171875 0.4484375 0.18203125 0.4453125 0.19296875 0.4578125 0.20546875 0.4515625 0.20859375 0.4609375 0.21328125 0.4640625 0.22578125 0.4828125 0.23203125 0.46875 0.23984375 0.48828125 0.24375 0.49453125 0.25625 0.50390625 0.25625 0.5015625 0.25078125 0.50703125 0.25 0.51015625 0.2578125 0.55390625 0.2578125