1 0.6375 0.25078125 0.6609375 0.19609375 0.653125 0.16640625 0.675 0.13828125 0.65859375 0.121875 0.64140625 0.115625 0.53984375 0.1046875 0.5359375 0.11015625 0.540625 0.12421875 0.55625 0.14140625 0.559375 0.15859375 0.5 0.19453125 0.49375 0.22109375 0.4984375 0.24921875 0.51796875 0.2484375 0.56328125 0.2296875 0.58671875 0.228125
1 0.5859375 0.85078125 0.60078125 0.85 0.60625 0.83828125 0.5953125 0.81640625 0.58046875 0.74375 0.5671875 0.75859375 0.5671875 0.80546875 0.5703125 0.83671875 0.57734375 0.8515625
1 0.578125 0.66484375 0.59375 0.49140625 0.59375 0.47890625 0.58671875 0.4734375 0.571875 0.48046875 0.565625 0.50234375 0.5703125 0.55546875 0.5671875 0.64921875
1 0.69375 0.76484375 0.7015625 0.75859375 0.7015625 0.71171875 0.7 0.66953125 0.6875 0.63046875 0.6859375 0.57734375 0.696875 0.56484375 0.68984375 0.5609375 0.6765625 0.56484375 0.66875 0.58515625 0.678125 0.65859375 0.6703125 0.75078125 0.68046875 0.7625
1 0.703125 0.54765625 0.75234375 0.4828125 0.83125 0.44296875 0.83125 0.43203125 0.82109375 0.4171875 0.79609375 0.425 0.77890625 0.4234375 0.73203125 0.3765625 0.715625 0.39140625 0.6984375 0.43828125 0.68671875 0.4484375 0.684375 0.42734375 0.671875 0.41328125 0.68125 0.37890625 0.6625 0.38984375 0.6640625 0.48828125 0.66953125 0.496875 0.6921875 0.50390625 0.6984375 0.52109375 0.690625 0.53671875
1 0.68125 0.83828125 0.78515625 0.8140625 0.853125 0.78515625 0.8578125 0.63203125 0.82109375 0.5859375 0.809375 0.58984375 0.78515625 0.6296875 0.753125 0.65234375 0.7421875 0.69609375 0.74375 0.75078125 0.73828125 0.7578125 0.73125 0.75078125 0.7265625 0.71640625 0.7203125 0.70859375 0.715625 0.74765625 0.7265625 0.75703125 0.7171875 0.78046875 0.7203125 0.79765625 0.678125 0.82265625 0.6734375 0.83671875
4 0.740625 0.75390625 0.740625 0.69765625 0.7546875 0.64609375 0.7875 0.62421875 0.81484375 0.58125 0.825 0.58671875 0.84375 0.61796875 0.8515625 0.61953125 0.8453125 0.55390625 0.8609375 0.51796875 0.8625 0.48203125 0.86875 0.47109375 0.86640625 0.44375 0.85234375 0.4546875 0.83671875 0.446875 0.81640625 0.4484375 0.79296875 0.4671875 0.76171875 0.4765625 0.7140625 0.53203125 0.696875 0.57265625 0.6875 0.57734375 0.6921875 0.58828125 0.6890625 0.63203125 0.7015625 0.67109375 0.703125 0.75234375 0.7140625 0.75078125 0.715625 0.71640625 0.72265625 0.6984375 0.7328125 0.74765625
4 0.846875 0.4419270833333334 0.8546875 0.3669270833333333 0.8515625 0.3325520833333333 0.840625 0.3044270833333333 0.79765625 0.2645833333333333 0.74140625 0.2458333333333333 0.7072916666666667 0.2041666666666667 0.6979166666666667 0.16562500000000005 0.6947916666666667 0.2104166666666667 0.68671875 0.2177083333333333 0.6796875 0.2559895833333333 0.6953125 0.3388020833333333 0.66875 0.4028645833333333 0.67109375 0.41145833333333337 0.68125 0.4106770833333334 0.6796875 0.4372395833333334 0.690625 0.43098958333333337 0.70625 0.3856770833333333 0.72734375 0.3630208333333333 0.77265625 0.4145833333333334 0.78984375 0.4161458333333334 0.81796875 0.4067708333333334 0.8328125 0.4372395833333334
4 0.85 0.31015625 0.859375 0.25703125 0.85 0.19296875 0.82578125 0.1640625 0.80234375 0.1484375 0.71484375 0.1171875 0.69921875 0.0828125 0.678125 0.14296875 0.6546875 0.16796875 0.6546875 0.17578125 0.66171875 0.1828125 0.6703125 0.16484375 0.68359375 0.1578125 0.69375 0.18046875 0.6984375 0.22109375 0.70546875 0.228125 0.71484375 0.2109375 0.74765625 0.2515625 0.82734375 0.28125
4 0.465625 0.45546875 0.46875 0.42890625 0.49453125 0.4 0.51796875 0.3890625 0.53984375 0.390625 0.57109375 0.4078125 0.60390625 0.409375 0.61328125 0.4015625 0.65234375 0.396875 0.684375 0.36796875 0.69375 0.30703125 0.684375 0.26171875 0.690625 0.19296875 0.68359375 0.1625 0.67578125 0.1625 0.6671875 0.17265625 0.659375 0.21171875 0.63515625 0.2546875 0.58515625 0.2296875 0.56171875 0.23125 0.51796875 0.25 0.49296875 0.253125 0.44609375 0.228125 0.42890625 0.2046875 0.415625 0.20390625 0.415625 0.21796875 0.4546875 0.28203125 0.4546875 0.29609375 0.40625 0.36484375 0.396875 0.40390625 0.40546875 0.4125 0.43515625 0.4203125 0.45 0.44921875
4 0.2765625 0.30859375 0.2875 0.29140625 0.2984375 0.25234375 0.33046875 0.2078125 0.36484375 0.23125 0.38984375 0.2328125 0.4109375 0.22421875 0.4109375 0.20390625 0.41953125 0.1984375 0.44765625 0.2109375 0.45625 0.22890625 0.46953125 0.2390625 0.490625 0.23984375 0.4953125 0.19609375 0.53359375 0.1765625 0.5578125 0.15546875 0.528125 0.09609375 0.5265625 0.07265625 0.51015625 0.05 0.503125 0.05234375 0.49921875 0.078125 0.44296875 0.0796875 0.38828125 0.0734375 0.296875 0.08515625 0.2984375 0.10390625 0.284375 0.14296875 0.2859375 0.18046875 0.25 0.26328125 0.25546875 0.26875 0.275 0.23828125 0.284375 0.23515625 0.2734375 0.29453125
4 0.51875 0.89921875 0.52265625 0.85625 0.53125 0.86015625 0.53671875 0.8734375 0.54609375 0.875 0.56640625 0.8625 0.571875 0.85234375 0.565625 0.82265625 0.565625 0.75390625 0.5796875 0.72734375 0.5796875 0.69609375 0.5625 0.66484375 0.56875 0.57421875 0.5625 0.49609375 0.56875 0.47890625 0.60625 0.43046875 0.58671875 0.4203125 0.56640625 0.421875 0.5515625 0.39921875 0.53359375 0.3890625 0.51953125 0.3890625 0.49296875 0.4015625 0.4765625 0.42734375 0.4671875 0.45859375 0.45625 0.55546875 0.4765625 0.74140625 0.4890625 0.77734375 0.5015625 0.78515625 0.5109375 0.88984375
4 0.640625 0.86015625 0.65546875 0.8546875 0.68046875 0.81875 0.7171875 0.79453125 0.709375 0.78828125 0.721875 0.76640625 0.71328125 0.7578125 0.68984375 0.7671875 0.66875 0.75078125 0.678125 0.67734375 0.6671875 0.58828125 0.69375 0.52265625 0.69375 0.51015625 0.6625 0.48984375 0.6640625 0.43671875 0.65234375 0.3984375 0.609375 0.40859375 0.6140625 0.42578125 0.5984375 0.44765625 0.5890625 0.52109375 0.5796875 0.65703125 0.5828125 0.73515625 0.5953125 0.80859375 0.6125 0.84921875
4 0.4390625 0.87265625 0.44765625 0.85 0.47734375 0.865625 0.50625 0.86015625 0.50625 0.84140625 0.4984375 0.82734375 0.50625 0.80546875 0.5046875 0.78515625 0.50078125 0.778125 0.4875 0.78046875 0.4703125 0.73046875 0.4390625 0.69453125 0.3921875 0.61953125 0.37265625 0.6015625 0.33046875 0.58125 0.29609375 0.578125 0.28671875 0.546875 0.28125 0.55703125 0.284375 0.59296875 0.2640625 0.63828125 0.2703125 0.69921875 0.2546875 0.77421875 0.271875 0.78203125 0.28125 0.74609375 0.30234375 0.7234375 0.34140625 0.7796875 0.39140625 0.8046875 0.4 0.81640625 0.403125 0.83671875 0.3875 0.84609375 0.384375 0.86328125 0.39609375 0.865625 0.41328125 0.8546875
4 0.209375 0.83515625 0.2140625 0.80859375 0.196875 0.75703125 0.23671875 0.75 0.2578125 0.72890625 0.25625 0.71796875 0.2328125 0.68984375 0.2421875 0.64765625 0.2265625 0.64296875 0.22109375 0.615625 0.20703125 0.640625 0.18515625 0.6421875 0.17109375 0.634375 0.12734375 0.584375 0.10859375 0.5765625 0.07578125 0.5828125 0.0625 0.59609375 0.0546875 0.61953125 0.0625 0.74609375 0.071875 0.78046875 0.078125 0.77578125 0.0796875 0.72890625 0.09140625 0.7109375 0.11484375 0.7375 0.14140625 0.7453125 0.159375 0.75859375 0.1671875 0.80546875 0.1578125 0.82578125 0.16484375 0.83125 0.175 0.82578125 0.18515625 0.7890625 0.2 0.81171875 0.203125 0.83203125
4 0.1109375 0.51015625 0.1109375 0.49453125 0.1 0.47109375 0.11171875 0.4703125 0.1171875 0.45546875 0.0921875 0.43203125 0.084375 0.41171875 0.1015625 0.34296875 0.103125 0.28671875 0.11640625 0.271875 0.13046875 0.275 0.14140625 0.290625 0.1609375 0.28515625 0.1296875 0.23203125 0.165625 0.16484375 0.16875 0.14453125 0.16484375 0.1390625 0.14609375 0.140625 0.1359375 0.13515625 0.1421875 0.10859375 0.13828125 0.103125 0.1203125 0.13828125 0.0921875 0.17109375 0.0578125 0.24140625 0.04375 0.29296875 0.034375 0.38203125 0.04375 0.45703125 0.05546875 0.471875 0.07421875 0.4703125 0.0984375 0.50546875