4 0.290625 0.33359375 0.325 0.28671875 0.3421875 0.25078125 0.3671875 0.22578125 0.3796875 0.18984375 0.384375 0.15078125 0.3984375 0.13828125 0.384375 0.13046875 0.3703125 0.09453125 0.33828125 0.0734375 0.31171875 0.071875 0.28828125 0.078125 0.20703125 0.11875 0.18125 0.15859375 0.1640625 0.16953125 0.15625 0.18828125 0.1609375 0.20234375 0.15625 0.24140625 0.16640625 0.2609375 0.21328125 0.246875 0.23984375 0.2234375 0.27734375 0.2421875 0.3125 0.24296875 0.309375 0.27265625 0.2875 0.31171875 0.2859375 0.33046875
4 0.271875 0.92734375 0.2984375 0.88203125 0.3109375 0.78671875 0.3046875 0.76640625 0.290625 0.75703125 0.284375 0.67265625 0.26875 0.58671875 0.26875 0.56171875 0.28125 0.53828125 0.28125 0.52265625 0.253125 0.46796875 0.23984375 0.4578125 0.21953125 0.45625 0.20703125 0.4484375 0.203125 0.47421875 0.190625 0.49140625 0.184375 0.52890625 0.1953125 0.68671875 0.234375 0.87265625 0.2578125 0.92421875
4 0.334375 0.95546875 0.3546875 0.94609375 0.378125 0.90703125 0.384375 0.84453125 0.4015625 0.76640625 0.4015625 0.73671875 0.4171875 0.69921875 0.4171875 0.61796875 0.409375 0.59609375 0.38671875 0.5765625 0.36953125 0.578125 0.3484375 0.60703125 0.3421875 0.63203125 0.340625 0.69609375 0.2984375 0.88203125 0.303125 0.93828125 0.31328125 0.9546875
4 0.71875 0.75546875 0.7328125 0.67890625 0.721875 0.64921875 0.70625 0.62890625 0.675 0.56171875 0.65 0.54296875 0.6265625 0.50859375 0.6015625 0.45859375 0.578125 0.38046875 0.55859375 0.365625 0.53046875 0.3703125 0.5109375 0.40390625 0.5109375 0.44765625 0.5265625 0.49140625 0.5484375 0.52578125 0.55625 0.56484375 0.615625 0.65546875 0.6265625 0.68359375 0.63984375 0.6984375 0.69609375 0.7140625 0.6984375 0.74921875
4 0.6984375 0.80078125 0.6984375 0.77109375 0.71015625 0.7765625 0.7140625 0.77265625 0.70625 0.76796875 0.7109375 0.76171875 0.6984375 0.74609375 0.6984375 0.71796875 0.67109375 0.703125 0.63671875 0.6953125 0.634375 0.73515625 0.65390625 0.7609375 0.6765625 0.76953125 0.6890625 0.79765625
4 0.7390625 0.67578125 0.7484375 0.66171875 0.74375 0.63515625 0.7546875 0.58984375 0.7859375 0.56171875 0.7859375 0.45859375 0.7953125 0.40859375 0.78984375 0.378125 0.77265625 0.403125 0.7640625 0.40078125 0.7609375 0.37421875 0.75390625 0.3640625 0.746875 0.38828125 0.7484375 0.42265625 0.70625 0.50703125 0.6703125 0.55390625 0.7265625 0.66484375
4 0.8734375 0.81171875 0.878125 0.77734375 0.8921875 0.75234375 0.890625 0.68984375 0.884375 0.66484375 0.85078125 0.634375 0.76796875 0.625 0.7484375 0.64140625 0.7546875 0.67109375 0.7359375 0.68203125 0.7375 0.69140625 0.7546875 0.71796875 0.78046875 0.740625 0.83359375 0.73125 0.8421875 0.74609375 0.8625 0.76171875 0.8625 0.79765625
4 0.771875 0.28046875 0.7859375 0.24921875 0.81796875 0.2296875 0.83125 0.21015625 0.8125 0.16171875 0.78046875 0.13125 0.76171875 0.1296875 0.72265625 0.1078125 0.69453125 0.1 0.66953125 0.1 0.64921875 0.1078125 0.634375 0.13203125 0.7265625 0.18828125 0.7515625 0.24140625 0.746875 0.26640625 0.76171875 0.28125
4 0.70625 0.31015625 0.728125 0.29765625 0.740625 0.25703125 0.75 0.24609375 0.728125 0.19140625 0.67109375 0.1515625 0.61015625 0.128125 0.58359375 0.1109375 0.55859375 0.10625 0.53828125 0.1203125 0.52890625 0.1140625 0.51640625 0.115625 0.5078125 0.13828125 0.4921875 0.14921875 0.4890625 0.16484375 0.5 0.19296875 0.51328125 0.1921875 0.565625 0.25234375 0.5703125 0.26171875 0.5671875 0.28671875 0.58046875 0.2890625 0.5890625 0.26796875 0.60078125 0.2609375 0.63515625 0.2859375 0.67109375 0.2875 0.66796875 0.3109375
4 0.06875 0.38515625 0.0875 0.31640625 0.1015625 0.30703125 0.09375 0.25390625 0.1109375 0.22421875 0.1296875 0.16953125 0.1625 0.15859375 0.159375 0.08984375 0.146875 0.06796875 0.1484375 0.04609375 0.14140625 0.0359375 0.134375 0.03984375 0.13359375 0.0546875 0.12109375 0.053125 0.1046875 0.06796875 0.0734375 0.11640625 0.053125 0.16953125 0.0375 0.23671875 0.034375 0.28359375 0.04375 0.34140625 0.0515625 0.36640625
4 0.184375 0.57890625 0.1859375 0.50859375 0.209375 0.44609375 0.2046875 0.43671875 0.15390625 0.4 0.07890625 0.409375 0.04453125 0.403125 0.0484375 0.46328125 0.0359375 0.48671875 0.0359375 0.50390625 0.04765625 0.5109375 0.06796875 0.4984375 0.0765625 0.50859375 0.0765625 0.52265625 0.08515625 0.5265625 0.10234375 0.525 0.11484375 0.5140625 0.14140625 0.5359375 0.16171875 0.540625 0.1765625 0.57421875
1 0.5203125 0.86015625 0.65234375 0.8453125 0.7455357142857143 0.8247767857142858 0.7544642857142858 0.7924107142857144 0.7622767857142858 0.7734375000000002 0.7812500000000001 0.7566964285714286 0.76328125 0.7359375 0.73828125 0.70625 0.734375 0.75078125 0.721875 0.76328125 0.7234375 0.78203125 0.70078125 0.8125 0.690625 0.80859375 0.66640625 0.771875 0.63671875 0.7609375 0.621875 0.77265625 0.6296875 0.73671875 0.628125 0.69296875 0.609375 0.65078125 0.55625 0.57109375 0.546875 0.52734375 0.5109375 0.46171875 0.5078125 0.40703125 0.52578125 0.3625 0.57109375 0.36875 0.5921875 0.40390625 0.603125 0.45390625 0.6328125 0.51484375 0.65859375 0.546875 0.66953125 0.546875 0.703125 0.50703125 0.74375 0.42421875 0.7421875 0.38984375 0.7484375 0.36484375 0.75859375 0.3625 0.77578125 0.3828125 0.79453125 0.3765625 0.7984375 0.41796875 0.790625 0.44609375 0.7875 0.51328125 0.796875 0.52265625 0.8 0.54140625 0.7921875 0.54921875 0.78125 0.59296875 0.7609375 0.60234375 0.75625 0.61953125 0.76171875 0.625 0.78671875 0.61875 0.81484375 0.6265625 0.85546875 0.6265625 0.8609375 0.59296875 0.859375 0.51171875 0.84375 0.21796875 0.83671875 0.20625 0.81953125 0.2328125 0.7921875 0.24921875 0.784375 0.27265625 0.77421875 0.2828125 0.76171875 0.284375 0.74609375 0.2734375 0.71796875 0.309375 0.65546875 0.31875 0.6515625 0.29453125 0.60546875 0.2671875 0.5953125 0.26796875 0.58203125 0.29375 0.56484375 0.29375 0.5609375 0.28359375 0.5671875 0.26171875 0.559375 0.24765625 0.51328125 0.1984375 0.4953125 0.19140625 0.4875 0.16796875 0.490625 0.14921875 0.5046875 0.13671875 0.51484375 0.1140625 0.54140625 0.1125 0.54296875 0.10625 0.48828125 0.0984375 0.38203125 0.1015625 0.384375 0.11953125 0.4015625 0.12890625 0.3984375 0.15078125 0.384375 0.16640625 0.36875 0.22734375 0.29609375 0.334375 0.2828125 0.33515625 0.275 0.30234375 0.2796875 0.29765625 0.265625 0.29609375 0.26328125 0.25625 0.25625 0.26171875 0.2609375 0.29140625 0.2515625 0.29453125 0.2515625 0.25078125 0.26328125 0.2515625 0.26328125 0.24375 0.24453125 0.2375 0.16640625 0.2671875 0.1515625 0.25078125 0.15 0.21015625 0.14609375 0.225 0.13359375 0.2109375 0.13203125 0.2171875 0.12265625 0.2109375 0.109375 0.24453125 0.1125 0.31484375 0.09375 0.33828125 0.078125 0.37734375 0.078125 0.40078125 0.13671875 0.39375 0.16328125 0.3984375 0.19765625 0.4234375 0.21953125 0.4234375 0.2328125 0.44765625 0.2625 0.47421875 0.303125 0.54296875 0.29921875 0.5515625 0.2796875 0.55703125 0.275 0.57734375 0.290625 0.72421875 0.29921875 0.75 0.32109375 0.746875 0.3265625 0.73984375 0.3359375 0.69765625 0.3390625 0.62890625 0.353125 0.58984375 0.37734375 0.571875 0.39453125 0.5765625 0.4109375 0.59296875 0.421875 0.62734375 0.4234375 0.66328125 0.41875 0.70390625 0.4046875 0.73828125 0.3921875 0.85234375 0.40859375 0.8609375