1 0.6796875 0.83671875 0.70625 0.83046875 0.6953125 0.78046875 0.70703125 0.7390625 0.75078125 0.7328125 0.77734375 0.7453125 0.8078125 0.73671875 0.8015625 0.71796875 0.80546875 0.7015625 0.82265625 0.7140625 0.853125 0.70703125 0.8578125 0.63359375 0.85234375 0.60625 0.81328125 0.615625 0.76953125 0.590625 0.74296875 0.5875 0.71171875 0.575 0.6828125 0.60078125 0.68125 0.63046875 0.665625 0.66328125 0.6546875 0.67265625 0.6546875 0.68671875 0.6453125 0.69921875 0.65 0.71015625 0.63984375 0.709375 0.6296875 0.72109375 0.65859375 0.734375 0.68125 0.75703125 0.6890625 0.78203125 0.67109375 0.8046875 0.6609375 0.80859375 0.6578125 0.82265625 0.66484375 0.8375
4 0.6875 0.32421875 0.71796875 0.3046875 0.734375 0.27890625 0.7609375 0.26015625 0.7703125 0.23359375 0.7640625 0.17734375 0.740625 0.13828125 0.69765625 0.103125 0.65390625 0.1 0.62265625 0.0890625 0.60234375 0.090625 0.59140625 0.0671875 0.578125 0.08203125 0.575 0.09921875 0.5515625 0.10703125 0.559375 0.13515625 0.540625 0.16015625 0.5421875 0.17421875 0.59375 0.20390625 0.59609375 0.2546875 0.61171875 0.2171875 0.6171875 0.22265625 0.6125 0.25546875 0.62421875 0.2671875 0.646875 0.26328125 0.6453125 0.24921875 0.65234375 0.2375 0.709375 0.26171875 0.7078125 0.28203125 0.6859375 0.31640625
4 0.821875 0.43203125 0.84921875 0.41875 0.8640625 0.40078125 0.875 0.35234375 0.871875 0.31796875 0.83203125 0.2390625 0.83046875 0.2953125 0.80859375 0.2859375 0.77421875 0.2921875 0.74296875 0.278125 0.734375 0.28671875 0.7359375 0.30078125 0.69765625 0.3171875 0.6734375 0.34140625 0.6703125 0.35234375 0.6734375 0.36953125 0.68828125 0.378125 0.70625 0.40078125 0.69921875 0.41875 0.72578125 0.415625 0.75078125 0.428125 0.77734375 0.421875
4 0.821875 0.61328125 0.84296875 0.6078125 0.8609375 0.59453125 0.878125 0.55390625 0.878125 0.50390625 0.85625 0.43203125 0.84765625 0.43125 0.84765625 0.440625 0.83984375 0.4375 0.82734375 0.459375 0.81484375 0.45 0.78515625 0.453125 0.76484375 0.428125 0.75390625 0.4328125 0.74453125 0.4484375 0.72578125 0.4234375 0.725 0.45859375 0.68515625 0.4765625 0.6671875 0.49765625 0.6671875 0.51015625 0.6890625 0.52890625 0.6828125 0.55546875 0.69375 0.56953125 0.6828125 0.59453125 0.68671875 0.596875 0.70859375 0.5703125 0.71484375 0.5703125 0.74609375 0.5859375 0.77265625 0.5890625 0.80703125 0.6125
4 0.7578125 0.85390625 0.81484375 0.84375 0.8578125 0.81171875 0.8828125 0.75703125 0.878125 0.73671875 0.86171875 0.715625 0.84765625 0.7109375 0.81953125 0.715625 0.80546875 0.7046875 0.8046875 0.72109375 0.8125 0.73515625 0.80859375 0.740625 0.79140625 0.740625 0.77578125 0.7484375 0.75859375 0.7359375 0.73203125 0.734375 0.70625 0.74453125 0.7125 0.77109375 0.7015625 0.77734375 0.7015625 0.79453125 0.7109375 0.82890625 0.72890625 0.8484375
4 0.4734375 0.88984375 0.52421875 0.884375 0.57265625 0.859375 0.59609375 0.8578125 0.63671875 0.8328125 0.65625 0.84140625 0.6546875 0.81015625 0.68125 0.78828125 0.684375 0.77265625 0.6765625 0.75390625 0.65859375 0.7390625 0.6171875 0.71953125 0.6078125 0.70703125 0.60625 0.67890625 0.59765625 0.6640625 0.5640625 0.66796875 0.5671875 0.70703125 0.55859375 0.7171875 0.50703125 0.7078125 0.47109375 0.7140625 0.4703125 0.70703125 0.4875 0.68671875 0.4875 0.67421875 0.48046875 0.6703125 0.4359375 0.70234375 0.43125 0.71953125 0.4078125 0.74921875 0.3890625 0.81640625 0.3921875 0.83515625 0.409375 0.86328125 0.42734375 0.8796875
4 0.315625 0.87890625 0.3453125 0.86015625 0.3640625 0.82421875 0.365625 0.80859375 0.35625 0.79453125 0.3515625 0.75859375 0.3390625 0.73203125 0.32734375 0.7234375 0.29453125 0.728125 0.25078125 0.725 0.21953125 0.7359375 0.21171875 0.7234375 0.18984375 0.7125 0.16484375 0.715625 0.140625 0.75390625 0.1390625 0.77734375 0.171875 0.83984375 0.25078125 0.8703125
4 0.146875 0.73671875 0.17421875 0.7 0.19140625 0.6921875 0.22109375 0.6578125 0.26484375 0.6375 0.29140625 0.60625 0.3015625 0.61171875 0.3015625 0.66640625 0.3078125 0.66328125 0.3140625 0.61328125 0.32265625 0.6078125 0.325 0.64609375 0.3375 0.65859375 0.3421875 0.57265625 0.3375 0.51328125 0.3265625 0.47109375 0.33125 0.43203125 0.32578125 0.4234375 0.321875 0.42265625 0.325 0.44296875 0.31953125 0.453125 0.28046875 0.459375 0.24609375 0.475 0.22734375 0.490625 0.1546875 0.58515625 0.13125 0.66015625 0.1375 0.72734375
4 0.1265625 0.78359375 0.134375 0.77109375 0.1359375 0.74765625 0.1296875 0.66328125 0.1515625 0.58984375 0.1640625 0.56953125 0.175 0.48515625 0.1859375 0.48359375 0.20078125 0.515625 0.203125 0.48359375 0.225 0.48359375 0.203125 0.41953125 0.19609375 0.4109375 0.18125 0.40859375 0.1640625 0.35703125 0.15703125 0.3515625 0.1453125 0.35703125 0.1140625 0.42109375 0.0765625 0.62421875 0.0859375 0.73828125
4 0.0796875 0.76796875 0.084375 0.76328125 0.084375 0.71015625 0.075 0.63515625 0.0921875 0.53671875 0.090625 0.40234375 0.0828125 0.38359375 0.06171875 0.3609375 0.04375 0.39296875 0.034375 0.44765625 0.034375 0.66171875 0.05 0.73671875 0.065625 0.76171875
4 0.2140625 0.41328125 0.221875 0.36484375 0.2203125 0.31953125 0.2015625 0.27578125 0.2015625 0.15234375 0.1953125 0.13203125 0.18203125 0.11875 0.17421875 0.11875 0.14453125 0.1296875 0.125 0.15703125 0.121875 0.21328125 0.146875 0.31328125 0.16875 0.33359375 0.1671875 0.37109375 0.1796875 0.40546875 0.1859375 0.40234375 0.18828125 0.3765625 0.2140625 0.41328125