1 0.1609375 0.70390625 0.17109375 0.678125 0.19296875 0.6921875 0.2078125 0.69140625 0.2171875 0.64609375 0.17265625 0.6234375 0.1546875 0.60703125 0.1359375 0.58046875 0.13125 0.54609375 0.12265625 0.54375 0.1125 0.58515625 0.075 0.66796875 0.11015625 0.6984375
1 0.8421875 0.32578125 0.8484375 0.32265625 0.85 0.31015625 0.840625 0.18515625 0.76640625 0.153125 0.68359375 0.1328125 0.68125 0.13671875 0.7046875 0.15703125 0.7265625 0.21171875 0.7046875 0.29765625 0.74609375 0.3 0.78515625 0.3140625 0.82109375 0.315625
1 0.0609375 0.48515625 0.0875 0.44140625 0.1109375 0.32890625 0.1328125 0.30859375 0.1421875 0.28671875 0.1546875 0.27578125 0.1671875 0.24140625 0.2109375 0.18203125 0.22890625 0.140625 0.24609375 0.140625 0.2484375 0.15234375 0.225 0.20703125 0.225 0.23515625 0.26328125 0.2546875 0.29140625 0.2890625 0.30546875 0.2828125 0.3234375 0.26328125 0.3421875 0.21796875 0.37734375 0.1953125 0.42109375 0.15 0.428125 0.15390625 0.4234375 0.18203125 0.42734375 0.196875 0.48359375 0.203125 0.496875 0.21484375 0.5 0.23359375 0.4921875 0.23671875 0.4859375 0.27890625 0.47109375 0.2828125 0.46796875 0.2953125 0.4421875 0.29765625 0.4484375 0.30234375 0.446875 0.31640625 0.478125 0.41015625 0.48984375 0.428125 0.534375 0.34453125 0.5140625 0.26328125 0.5046875 0.25546875 0.5046875 0.22734375 0.51953125 0.2234375 0.54609375 0.253125 0.57734375 0.2609375 0.590625 0.24765625 0.6109375 0.20234375 0.6328125 0.17734375 0.628125 0.16015625 0.5984375 0.13359375 0.5921875 0.11328125 0.57578125 0.10625 0.37421875 0.1015625 0.19921875 0.13125 0.12890625 0.153125 0.07265625 0.178125 0.0625 0.22734375 0.05 0.42421875 0.0546875 0.47421875
1 0.55625 0.85546875 0.64765625 0.846875 0.73984375 0.8234375 0.76796875 0.8109375 0.778125 0.78515625 0.771875 0.75078125 0.7734375 0.64453125 0.815625 0.44453125 0.81015625 0.4359375 0.79296875 0.4359375 0.76484375 0.459375 0.75234375 0.4625 0.7453125 0.46953125 0.75 0.49609375 0.73984375 0.5046875 0.70625 0.48203125 0.6671875 0.40546875 0.6453125 0.38828125 0.6453125 0.38203125 0.6578125 0.37421875 0.65546875 0.365625 0.63125 0.38828125 0.6140625 0.41796875 0.5609375 0.46640625 0.553125 0.48203125 0.509375 0.51328125 0.50625 0.53046875 0.5171875 0.61953125 0.5140625 0.65078125 0.50546875 0.6640625 0.4671875 0.68515625 0.465625 0.71015625 0.45625 0.72890625 0.46328125 0.7421875 0.525 0.76640625 0.528125 0.81328125 0.5140625 0.83203125 0.51875 0.85234375
4 0.35 0.51640625 0.34609375 0.490625 0.36796875 0.5015625 0.38515625 0.49375 0.390625 0.48046875 0.3625 0.43359375 0.334375 0.36171875 0.3203125 0.29453125 0.30703125 0.2921875 0.29140625 0.2984375 0.25859375 0.2546875 0.221875 0.23984375 0.2234375 0.20234375 0.2453125 0.15390625 0.2453125 0.14609375 0.23515625 0.1421875 0.2203125 0.16015625 0.215625 0.18203125 0.1765625 0.23203125 0.1640625 0.25859375 0.1578125 0.30078125 0.1625 0.33828125 0.1796875 0.37890625 0.21328125 0.4234375 0.26015625 0.4453125 0.30390625 0.4828125 0.33828125 0.5015625 0.3421875 0.51328125
4 0.221875 0.63046875 0.26484375 0.6015625 0.30390625 0.5890625 0.32578125 0.575 0.33671875 0.5796875 0.353125 0.54921875 0.353125 0.53671875 0.32890625 0.4984375 0.26796875 0.45625 0.24453125 0.4625 0.21640625 0.4546875 0.18515625 0.4734375 0.18515625 0.403125 0.1390625 0.51171875 0.1390625 0.58046875 0.16796875 0.615625 0.19609375 0.628125
4 0.246875 0.77890625 0.27578125 0.7609375 0.29609375 0.759375 0.32421875 0.7453125 0.3546875 0.70859375 0.36953125 0.7 0.40859375 0.7078125 0.42734375 0.696875 0.44140625 0.7109375 0.459375 0.71484375 0.4640625 0.66171875 0.459375 0.61796875 0.4421875 0.59921875 0.4296875 0.56328125 0.41015625 0.54375 0.38515625 0.54375 0.34609375 0.571875 0.33359375 0.590625 0.32109375 0.58125 0.25703125 0.6078125 0.2359375 0.62734375 0.215625 0.66171875 0.209375 0.72421875 0.225 0.76640625 0.23671875 0.778125
4 0.328125 0.89296875 0.36484375 0.8921875 0.41015625 0.8796875 0.44296875 0.8828125 0.47734375 0.85625 0.50859375 0.8484375 0.5109375 0.84296875 0.5 0.83828125 0.5 0.83046875 0.5234375 0.81015625 0.515625 0.79609375 0.5265625 0.78046875 0.5234375 0.76953125 0.44453125 0.7390625 0.4390625 0.71796875 0.43203125 0.7125 0.41171875 0.721875 0.38984375 0.753125 0.33359375 0.7453125 0.30234375 0.7625 0.28359375 0.7609375 0.26328125 0.76875 0.2484375 0.78203125 0.24375 0.80390625 0.246875 0.84765625 0.25625 0.86640625 0.27890625 0.8890625
4 0.4796875 0.67421875 0.49140625 0.65625 0.49921875 0.6640625 0.5125 0.64609375 0.5109375 0.56484375 0.503125 0.51953125 0.528125 0.49140625 0.528125 0.44765625 0.4828125 0.43046875 0.4484375 0.32578125 0.4078125 0.27109375 0.4234375 0.23671875 0.4515625 0.20859375 0.45078125 0.203125 0.43828125 0.2015625 0.40625 0.21640625 0.40625 0.20390625 0.425 0.16796875 0.41953125 0.1546875 0.37578125 0.2015625 0.35078125 0.2125 0.3375 0.23046875 0.3234375 0.27421875 0.3265625 0.33203125 0.365625 0.43671875 0.41875 0.52734375 0.4375 0.58828125 0.459375 0.61484375 0.4640625 0.67265625
4 0.5375 0.48515625 0.57109375 0.446875 0.609375 0.41953125 0.6359375 0.37734375 0.66875 0.34765625 0.7 0.29921875 0.715625 0.25078125 0.71875 0.20234375 0.7046875 0.16171875 0.68984375 0.146875 0.66953125 0.1390625 0.65546875 0.121875 0.61328125 0.103125 0.60546875 0.1140625 0.596875 0.11484375 0.596875 0.12265625 0.6296875 0.15546875 0.6375 0.18046875 0.609375 0.21015625 0.5875 0.26171875 0.57734375 0.2671875 0.54765625 0.259375 0.509375 0.22890625 0.5421875 0.33984375 0.5140625 0.38359375 0.5015625 0.42578125 0.50703125 0.434375 0.53125 0.43671875 0.5296875 0.47890625
4 0.7421875 0.49921875 0.74375 0.48671875 0.728125 0.46796875 0.73359375 0.459375 0.75546875 0.4578125 0.79453125 0.4296875 0.82265625 0.43125 0.8671875 0.39921875 0.86875 0.38828125 0.859375 0.37109375 0.8671875 0.33828125 0.85859375 0.328125 0.84453125 0.3296875 0.83984375 0.340625 0.82109375 0.31875 0.78828125 0.31875 0.73671875 0.3015625 0.70546875 0.3046875 0.6828125 0.32734375 0.66875 0.35078125 0.665625 0.37734375 0.6515625 0.38984375 0.66875 0.39453125 0.678125 0.42734375 0.7015625 0.45703125 0.7046875 0.47421875
4 0.778125 0.80234375 0.80234375 0.7984375 0.82421875 0.7828125 0.84375 0.77734375 0.834375 0.77421875 0.840625 0.75390625 0.834375 0.69296875 0.84375 0.65234375 0.84375 0.58828125 0.859375 0.55703125 0.8609375 0.53203125 0.853125 0.43828125 0.83828125 0.4203125 0.825 0.42890625 0.8078125 0.48046875 0.7984375 0.55078125 0.7765625 0.63515625 0.7734375 0.74140625 0.78125 0.77890625
4 0.19375 0.85078125 0.20859375 0.846875 0.2234375 0.83359375 0.2375 0.79296875 0.2125 0.73984375 0.20625 0.70703125 0.18046875 0.6859375 0.171875 0.69765625 0.178125 0.71015625 0.16953125 0.715625 0.10546875 0.7015625 0.07421875 0.6734375 0.06015625 0.6703125 0.04765625 0.653125 0.0453125 0.69609375 0.03125 0.70546875 0.0375 0.72734375 0.059375 0.74609375 0.075 0.78671875 0.15234375 0.84375 0.16953125 0.8515625
4 0.071875 0.65703125 0.1078125 0.58828125 0.115625 0.54921875 0.1375 0.51953125 0.1796875 0.41015625 0.18125 0.38359375 0.15390625 0.3125 0.13515625 0.3140625 0.115625 0.33046875 0.0890625 0.44453125 0.059375 0.49921875 0.0578125 0.56484375 0.0484375 0.59453125 0.0484375 0.61640625 0.05625 0.64609375