1 0.7875 0.81015625 0.82578125 0.8015625 0.8515625 0.78515625 0.84375 0.77109375 0.834375 0.76796875 0.82421875 0.734375 0.796875 0.75546875 0.78125 0.78046875 0.7734375 0.80078125
1 0.6765625 0.71328125 0.678125 0.69140625 0.70390625 0.6359375 0.7140625 0.63984375 0.71015625 0.6921875 0.73359375 0.671875 0.759375 0.66015625 0.7640625 0.64140625 0.78203125 0.6140625 0.80859375 0.621875 0.81875 0.61171875 0.809375 0.57578125 0.8046875 0.47578125 0.79140625 0.46875 0.77109375 0.4796875 0.759375 0.47890625 0.759375 0.46484375 0.7765625 0.44453125 0.7765625 0.42421875 0.75390625 0.409375 0.753125 0.42265625 0.76484375 0.4234375 0.765625 0.43046875 0.753125 0.42734375 0.7515625 0.43671875 0.7578125 0.44140625 0.74921875 0.4515625 0.73828125 0.4546875 0.73359375 0.446875 0.72109375 0.45625 0.71640625 0.45 0.70703125 0.4625 0.69921875 0.4484375 0.696875 0.46171875 0.68359375 0.4609375 0.67578125 0.4796875 0.671875 0.46484375 0.6671875 0.46640625 0.6609375 0.48203125 0.6640625 0.49296875 0.65546875 0.4890625 0.6515625 0.49765625 0.665625 0.50234375 0.6609375 0.52109375 0.653125 0.51484375 0.65546875 0.509375 0.65 0.53828125 0.634375 0.54453125 0.6390625 0.54921875 0.6328125 0.56015625 0.6359375 0.58203125 0.63125 0.59296875 0.6359375 0.59765625 0.6296875 0.60859375 0.634375 0.61328125 0.62890625 0.6234375 0.6234375 0.61484375 0.6203125 0.64765625 0.62421875 0.6625 0.6296875 0.64921875 0.6265625 0.67890625 0.63984375 0.696875 0.64453125 0.6875 0.65 0.69140625 0.65390625 0.7140625 0.66015625 0.6953125 0.6671875 0.69921875 0.6640625 0.71015625
1 0.50625 0.85859375 0.63671875 0.84375 0.64375 0.83671875 0.646875 0.81796875 0.6625 0.80234375 0.665625 0.76328125 0.6796875 0.71796875 0.678125 0.68984375 0.6734375 0.68984375 0.67109375 0.70625 0.6640625 0.70234375 0.66015625 0.6875 0.65546875 0.703125 0.64609375 0.690625 0.62265625 0.6828125 0.61015625 0.6828125 0.60859375 0.6875 0.60546875 0.6828125 0.60078125 0.6953125 0.58828125 0.6875 0.58515625 0.696875 0.57421875 0.6875 0.56953125 0.7046875 0.559375 0.70234375 0.55859375 0.690625 0.55390625 0.70625 0.54375 0.70234375 0.54296875 0.69375 0.53828125 0.7125 0.52578125 0.703125 0.52265625 0.7140625 0.51171875 0.70625 0.50703125 0.721875 0.49765625 0.71875 0.4921875 0.74296875 0.48203125 0.7375 0.4765625 0.74609375 0.4765625 0.77421875 0.471875 0.77734375 0.4765625 0.78828125 0.4703125 0.80078125 0.4703125 0.82421875 0.4640625 0.82734375 0.46875 0.84921875 0.4609375 0.85546875
4 0.4 0.30703125 0.4171875 0.29609375 0.44375 0.23203125 0.46875 0.21015625 0.48828125 0.178125 0.51015625 0.1765625 0.53515625 0.1453125 0.54921875 0.1640625 0.5671875 0.15859375 0.5640625 0.13671875 0.553125 0.12109375 0.5546875 0.09609375 0.5625 0.08984375 0.565625 0.07421875 0.55078125 0.0625 0.54609375 0.0765625 0.51640625 0.046875 0.48984375 0.04375 0.4453125 0.07890625 0.3796875 0.17109375 0.3609375 0.21328125 0.359375 0.26796875 0.38046875 0.303125
4 0.271875 0.37421875 0.278125 0.35546875 0.2796875 0.26953125 0.2984375 0.22421875 0.3 0.18671875 0.31484375 0.203125 0.3171875 0.19921875 0.296875 0.15546875 0.26796875 0.1203125 0.22734375 0.103125 0.19296875 0.1046875 0.14453125 0.11875 0.11796875 0.1375 0.11484375 0.1109375 0.10625 0.12265625 0.0984375 0.21328125 0.13671875 0.2390625 0.18515625 0.246875 0.21796875 0.2625 0.24140625 0.259375 0.259375 0.29921875 0.2640625 0.36328125
4 0.2609375 0.47578125 0.2640625 0.46171875 0.25625 0.40859375 0.2625 0.37109375 0.259375 0.30234375 0.23359375 0.2734375 0.21171875 0.259375 0.18828125 0.2484375 0.13671875 0.240625 0.11484375 0.2234375 0.09140625 0.2171875 0.090625 0.27421875 0.1046875 0.32421875 0.1125 0.39140625 0.1234375 0.38984375 0.128125 0.36953125 0.13515625 0.365625 0.16640625 0.3953125 0.17890625 0.4 0.20703125 0.396875 0.2515625 0.47265625
4 0.0609375 0.57265625 0.096875 0.41328125 0.0890625 0.21328125 0.07109375 0.153125 0.0640625 0.15703125 0.05 0.19296875 0.0296875 0.40234375 0.034375 0.51484375 0.0453125 0.55078125
4 0.0828125 0.79765625 0.10234375 0.7703125 0.1203125 0.76171875 0.11875 0.68359375 0.140625 0.56640625 0.1421875 0.52578125 0.1890625 0.46015625 0.15859375 0.446875 0.12578125 0.403125 0.10859375 0.4078125 0.0953125 0.43203125 0.065625 0.57421875 0.05625 0.74296875 0.0734375 0.79609375
4 0.203125 0.81328125 0.2109375 0.80234375 0.2109375 0.78828125 0.1890625 0.74140625 0.1890625 0.69921875 0.221875 0.64296875 0.2453125 0.53515625 0.2609375 0.52109375 0.2515625 0.47578125 0.22421875 0.4390625 0.21171875 0.4421875 0.1890625 0.46171875 0.1515625 0.53046875 0.1390625 0.57109375 0.11875 0.69765625 0.121875 0.75859375 0.1359375 0.81015625 0.14140625 0.8140625 0.1546875 0.79765625 0.16953125 0.7578125
4 0.409375 0.93515625 0.42109375 0.925 0.44453125 0.9265625 0.4515625 0.89609375 0.421875 0.84140625 0.403125 0.82109375 0.3859375 0.77890625 0.3546875 0.75390625 0.3453125 0.69765625 0.315625 0.62109375 0.315625 0.58984375 0.3046875 0.54140625 0.28671875 0.521875 0.25859375 0.525 0.246875 0.53515625 0.2375 0.57265625 0.2375 0.60546875 0.2546875 0.70859375 0.2734375 0.77578125 0.2953125 0.82421875 0.340625 0.89609375 0.37265625 0.921875 0.39765625 0.9359375
4 0.7046875 0.85390625 0.72109375 0.8484375 0.7484375 0.82421875 0.821875 0.72734375 0.8453125 0.66015625 0.8515625 0.60859375 0.84765625 0.6 0.82734375 0.6046875 0.80859375 0.6234375 0.78203125 0.615625 0.7671875 0.63828125 0.7609375 0.66171875 0.73046875 0.6765625 0.71171875 0.696875 0.7015625 0.68984375 0.7125 0.64609375 0.71015625 0.6390625 0.7046875 0.63984375 0.6796875 0.69453125 0.68125 0.72265625 0.66875 0.75703125 0.6625 0.81171875 0.6484375 0.82109375 0.65078125 0.8296875 0.66328125 0.8296875 0.68203125 0.8515625
4 0.840625 0.76640625 0.8515625 0.73671875 0.8796875 0.70390625 0.878125 0.68203125 0.86875 0.67578125 0.871875 0.49609375 0.8546875 0.40078125 0.8390625 0.37265625 0.82109375 0.365625 0.80234375 0.3890625 0.76640625 0.3890625 0.7546875 0.40546875 0.7890625 0.42421875 0.7640625 0.46015625 0.7609375 0.47734375 0.78828125 0.465625 0.80625 0.47265625 0.8109375 0.57265625 0.81875 0.60390625 0.82421875 0.6078125 0.84453125 0.5984375 0.8484375 0.60546875 0.8453125 0.66015625 0.8265625 0.71328125 0.8328125 0.76171875
4 0.7671875 0.37421875 0.77421875 0.359375 0.78046875 0.371875 0.7859375 0.36484375 0.7984375 0.28828125 0.8109375 0.25234375 0.8078125 0.20078125 0.7921875 0.16640625 0.75859375 0.128125 0.74296875 0.11875 0.72734375 0.1140625 0.63203125 0.1140625 0.60078125 0.0984375 0.615625 0.13359375 0.5875 0.17109375 0.590625 0.18828125 0.653125 0.22890625 0.653125 0.30703125 0.65546875 0.3109375 0.6671875 0.29453125 0.6703125 0.34296875 0.6765625 0.33828125 0.6796875 0.29609375 0.69609375 0.2546875 0.73046875 0.2796875 0.7609375 0.29140625 0.7609375 0.36953125