4 0.4375 0.33828125 0.4578125 0.32421875 0.4609375 0.30703125 0.47890625 0.296875 0.53515625 0.3140625 0.57734375 0.309375 0.60078125 0.334375 0.62578125 0.3359375 0.6515625 0.29296875 0.65625 0.24921875 0.6453125 0.21953125 0.62734375 0.1953125 0.60234375 0.1828125 0.44296875 0.18125 0.390625 0.23671875 0.371875 0.29609375 0.371875 0.31953125 0.38203125 0.3328125 0.40234375 0.321875 0.42109375 0.3203125
4 0.6546875 0.23046875 0.6734375 0.20546875 0.68125 0.16171875 0.66875 0.12421875 0.64453125 0.0953125 0.61171875 0.078125 0.57578125 0.0703125 0.51015625 0.0734375 0.47890625 0.0640625 0.45078125 0.08125 0.4453125 0.05390625 0.43203125 0.0375 0.4265625 0.03984375 0.428125 0.08984375 0.396875 0.12734375 0.4 0.14140625 0.42578125 0.1671875 0.43984375 0.178125 0.61328125 0.184375 0.6296875 0.19609375
4 0.271875 0.61015625 0.2765625 0.59296875 0.284375 0.58671875 0.284375 0.57265625 0.2578125 0.51953125 0.2515625 0.46328125 0.27265625 0.45 0.2921875 0.42578125 0.309375 0.38203125 0.325 0.30546875 0.34609375 0.3015625 0.38125 0.26015625 0.3796875 0.24296875 0.3640625 0.23046875 0.384375 0.19296875 0.3921875 0.14609375 0.38671875 0.140625 0.36640625 0.1453125 0.3609375 0.12109375 0.34609375 0.10625 0.3390625 0.11328125 0.33125 0.14453125 0.2890625 0.18515625 0.2421875 0.26796875 0.2125 0.32890625 0.1859375 0.41953125 0.1859375 0.46328125 0.2 0.50859375 0.2390625 0.55703125 0.265625 0.60859375
4 0.071875 0.34921875 0.08125 0.33359375 0.090625 0.27421875 0.12109375 0.2765625 0.14921875 0.25625 0.165625 0.26015625 0.178125 0.28828125 0.18125 0.33359375 0.190625 0.33671875 0.19375 0.23671875 0.2234375 0.20859375 0.2515625 0.16328125 0.2515625 0.15078125 0.2234375 0.13359375 0.2375 0.12109375 0.23515625 0.1140625 0.22109375 0.1125 0.17109375 0.134375 0.11796875 0.1390625 0.078125 0.17109375 0.0640625 0.19765625 0.0578125 0.22734375 0.0609375 0.33046875 0.0640625 0.34609375
4 0.0484375 0.61328125 0.053125 0.58671875 0.0625 0.58046875 0.078125 0.53671875 0.078125 0.52109375 0.1015625 0.48359375 0.1234375 0.42578125 0.15390625 0.396875 0.1703125 0.38984375 0.16875 0.37890625 0.1515625 0.36796875 0.1453125 0.33671875 0.12265625 0.3046875 0.10234375 0.309375 0.0859375 0.33203125 0.05 0.40078125 0.0265625 0.46640625 0.025 0.54765625 0.0390625 0.60859375
4 0.19375 0.85546875 0.20546875 0.8546875 0.221875 0.84296875 0.2328125 0.81484375 0.2484375 0.79921875 0.25 0.78359375 0.24765625 0.7734375 0.2421875 0.79609375 0.23671875 0.7984375 0.2265625 0.73671875 0.203125 0.69609375 0.1984375 0.65703125 0.184375 0.61640625 0.17421875 0.6046875 0.1703125 0.61640625 0.1828125 0.66796875 0.1734375 0.69609375 0.14609375 0.6921875 0.12578125 0.7 0.11640625 0.696875 0.10625 0.64453125 0.09453125 0.6375 0.084375 0.64765625 0.0828125 0.67421875 0.053125 0.68046875 0.05 0.72890625 0.0625 0.76640625 0.08984375 0.809375 0.14921875 0.8484375
4 0.615625 0.51328125 0.66953125 0.496875 0.6984375 0.45859375 0.690625 0.38984375 0.65859375 0.340625 0.64765625 0.3375 0.63671875 0.3515625 0.59453125 0.334375 0.56953125 0.346875 0.54921875 0.3375 0.52734375 0.3125 0.49765625 0.3046875 0.48359375 0.3234375 0.46171875 0.3234375 0.4328125 0.34296875 0.43125 0.36171875 0.4390625 0.37109375 0.434375 0.39765625 0.46796875 0.4125 0.475 0.42421875 0.43046875 0.43125 0.42734375 0.45 0.47109375 0.453125 0.49453125 0.4671875 0.52578125 0.4515625 0.57890625 0.503125 0.59609375 0.5125
4 0.6203125 0.86953125 0.64140625 0.8625 0.6765625 0.83046875 0.696875 0.78515625 0.690625 0.73515625 0.64609375 0.6796875 0.60390625 0.6703125 0.6015625 0.68828125 0.625 0.71015625 0.58671875 0.7171875 0.55234375 0.7359375 0.51640625 0.7171875 0.49453125 0.721875 0.47109375 0.7109375 0.45859375 0.7140625 0.44609375 0.7078125 0.434375 0.71328125 0.43125 0.72578125 0.45 0.76015625 0.4515625 0.77890625 0.41953125 0.7828125 0.415625 0.79765625 0.42265625 0.80625 0.45859375 0.81875 0.51015625 0.8640625
4 0.7578125 0.83515625 0.80078125 0.81875 0.82890625 0.8171875 0.853125 0.79921875 0.8578125 0.78828125 0.853125 0.73046875 0.84609375 0.7125 0.81171875 0.7171875 0.78984375 0.696875 0.76171875 0.6953125 0.7625 0.67421875 0.75703125 0.66875 0.73046875 0.6703125 0.7234375 0.67890625 0.725 0.69296875 0.703125 0.73359375 0.696875 0.79453125 0.70625 0.81796875 0.72109375 0.83125
4 0.875 0.80859375 0.8765625 0.79609375 0.86875 0.78046875 0.878125 0.71953125 0.8734375 0.69453125 0.878125 0.67109375 0.8921875 0.64765625 0.8921875 0.62890625 0.87890625 0.625 0.8703125 0.63046875 0.8578125 0.58671875 0.8171875 0.51484375 0.78125 0.46953125 0.76015625 0.45625 0.73359375 0.4609375 0.7203125 0.52265625 0.7203125 0.57734375 0.77578125 0.6359375 0.80546875 0.646875 0.8203125 0.68046875 0.8421875 0.69921875 0.853125 0.72421875 0.853125 0.75703125 0.8609375 0.76953125 0.859375 0.79921875 0.87109375 0.8 0.8625 0.80390625
1 0.4203125 0.75078125 0.428125 0.73671875 0.4296875 0.71328125 0.43828125 0.70625 0.47265625 0.709375 0.48984375 0.7171875 0.51796875 0.715625 0.54921875 0.7296875 0.60078125 0.7109375 0.6046875 0.70078125 0.5953125 0.67109375 0.60234375 0.665625 0.63984375 0.671875 0.69140625 0.728125 0.703125 0.72578125 0.7203125 0.69296875 0.721875 0.67578125 0.73984375 0.6671875 0.76015625 0.665625 0.76953125 0.6921875 0.78984375 0.69375 0.80546875 0.7078125 0.81796875 0.7109375 0.8328125 0.70546875 0.8046875 0.65234375 0.77109375 0.6359375 0.721875 0.58515625 0.7171875 0.53671875 0.71875 0.49296875 0.728125 0.46328125 0.74453125 0.4546875 0.76171875 0.4546875 0.77421875 0.459375 0.7984375 0.48671875 0.828125 0.52734375 0.846875 0.56640625 0.85625 0.57265625 0.85625 0.32578125 0.8453125 0.20234375 0.83515625 0.1828125 0.76328125 0.1515625 0.70078125 0.1328125 0.678125 0.13359375 0.6859375 0.16171875 0.6828125 0.19140625 0.6578125 0.23515625 0.6578125 0.27109375 0.6421875 0.32265625 0.6703125 0.35078125 0.6953125 0.39921875 0.703125 0.46171875 0.68203125 0.49375 0.60390625 0.5171875 0.58359375 0.509375 0.52890625 0.459375 0.48984375 0.471875 0.45703125 0.4546875 0.42578125 0.4546875 0.415625 0.44765625 0.4234375 0.45390625 0.4203125 0.46640625 0.43125 0.48984375 0.4234375 0.51484375 0.4296875 0.51796875 0.4328125 0.53203125 0.425 0.54765625 0.4296875 0.59921875 0.4140625 0.64140625 0.4 0.64453125 0.3984375 0.67265625 0.4046875 0.71015625 0.41875 0.72734375 0.415625 0.73046875 0.421875 0.73203125 0.4140625 0.73828125 0.4140625 0.74765625