4 0.090625 0.53984375 0.10078125 0.521875 0.12578125 0.534375 0.1359375 0.53046875 0.15 0.47109375 0.1859375 0.42421875 0.2078125 0.38203125 0.2328125 0.35390625 0.2421875 0.32734375 0.24375 0.27734375 0.2359375 0.24453125 0.21640625 0.23125 0.19140625 0.2375 0.178125 0.25390625 0.1484375 0.34609375 0.1015625 0.42578125 0.08125 0.48984375 0.0828125 0.53203125
4 0.459375 0.27421875 0.4578125 0.25078125 0.434375 0.23046875 0.43984375 0.2109375 0.47265625 0.215625 0.49921875 0.209375 0.52578125 0.1921875 0.53984375 0.1921875 0.56328125 0.209375 0.60234375 0.20625 0.61953125 0.2140625 0.6296875 0.21171875 0.6328125 0.18046875 0.6203125 0.14609375 0.6328125 0.14140625 0.6328125 0.13203125 0.61640625 0.1109375 0.60078125 0.10625 0.56796875 0.071875 0.43203125 0.071875 0.39453125 0.09375 0.37265625 0.1265625 0.3578125 0.12734375 0.3578125 0.13828125 0.3703125 0.15546875 0.3765625 0.19296875 0.40625 0.22734375 0.4109375 0.24765625 0.45234375 0.275
4 0.0734375 0.49296875 0.109375 0.40390625 0.1484375 0.34453125 0.1796875 0.25078125 0.18125 0.18984375 0.16171875 0.1625 0.1203125 0.16328125 0.128125 0.18359375 0.1265625 0.20234375 0.1078125 0.21171875 0.1234375 0.22265625 0.1234375 0.23046875 0.1 0.27421875 0.084375 0.32890625 0.07734375 0.334375 0.0625 0.32734375 0.05625 0.48203125 0.06328125 0.4921875
4 0.0765625 0.88984375 0.0765625 0.87578125 0.128125 0.80234375 0.1296875 0.77734375 0.1 0.71640625 0.0859375 0.70390625 0.065625 0.62890625 0.059375 0.60078125 0.0734375 0.56484375 0.059375 0.53984375 0.059375 0.49296875 0.04921875 0.4578125 0.0390625 0.48828125 0.025 0.50546875 0.0109375 0.54921875 0.0078125 0.60703125 0.0328125 0.81171875 0.046875 0.85078125 0.0703125 0.88828125
4 0.2203125 0.84609375 0.2375 0.83359375 0.2453125 0.81953125 0.25625 0.75390625 0.271875 0.74140625 0.271875 0.73046875 0.21171875 0.7078125 0.1859375 0.67265625 0.1578125 0.65234375 0.1625 0.62578125 0.1421875 0.60859375 0.1328125 0.57421875 0.134375 0.55546875 0.12265625 0.5375 0.096875 0.57734375 0.0890625 0.64296875 0.0921875 0.69140625 0.1234375 0.76015625 0.146875 0.79296875 0.20234375 0.8421875
4 0.66875 0.86171875 0.76953125 0.8296875 0.7921875 0.80546875 0.7984375 0.75703125 0.784375 0.73671875 0.7546875 0.71171875 0.71484375 0.6296875 0.71015625 0.628125 0.70625 0.63828125 0.71875 0.67265625 0.72109375 0.7109375 0.66015625 0.68125 0.61953125 0.7 0.6 0.66953125 0.59765625 0.621875 0.5859375 0.62578125 0.5828125 0.68203125 0.57734375 0.684375 0.5625 0.63046875 0.55234375 0.61875 0.5484375 0.64453125 0.5578125 0.67109375 0.5640625 0.72734375 0.5578125 0.78515625 0.5625 0.80859375 0.5734375 0.82578125 0.571875 0.83671875 0.60859375 0.85625
4 0.8515625 0.79609375 0.86640625 0.778125 0.88515625 0.7796875 0.890625 0.76640625 0.85625 0.68359375 0.81875 0.64453125 0.790625 0.60234375 0.784375 0.56015625 0.77734375 0.55 0.728125 0.57734375 0.721875 0.59296875 0.7234375 0.64453125 0.7609375 0.71796875 0.84140625 0.76875 0.84375 0.79296875
4 0.59375 0.61796875 0.60390625 0.603125 0.62265625 0.5890625 0.64765625 0.58125 0.67109375 0.55625 0.69609375 0.5640625 0.74921875 0.5640625 0.7765625 0.54765625 0.790625 0.52265625 0.790625 0.46796875 0.7875 0.45078125 0.76640625 0.4171875 0.73359375 0.4015625 0.71171875 0.3984375 0.65703125 0.4328125 0.59453125 0.453125 0.58046875 0.465625 0.5453125 0.47890625 0.54921875 0.4953125 0.5921875 0.48671875 0.5765625 0.51015625 0.575 0.53984375 0.5609375 0.58828125 0.56953125 0.6 0.58984375 0.5875
4 0.821875 0.45078125 0.8375 0.44140625 0.84375 0.42421875 0.846875 0.38046875 0.840625 0.32109375 0.81328125 0.29375 0.78515625 0.3015625 0.759375 0.26328125 0.74921875 0.234375 0.7375 0.25859375 0.740625 0.30703125 0.69140625 0.3328125 0.6859375 0.35078125 0.72109375 0.3953125 0.76171875 0.4125 0.80703125 0.4484375
4 0.8875 0.56953125 0.896875 0.52265625 0.90078125 0.51875 0.90859375 0.525 0.9109375 0.51171875 0.8984375 0.50390625 0.896875 0.47734375 0.9046875 0.26796875 0.89375 0.20546875 0.88125 0.18359375 0.88125 0.16171875 0.87265625 0.1546875 0.85 0.18203125 0.8328125 0.22890625 0.8203125 0.23984375 0.815625 0.27734375 0.8265625 0.28359375 0.8265625 0.29609375 0.8421875 0.32265625 0.8484375 0.39609375 0.840625 0.44765625 0.8640625 0.50390625 0.8703125 0.54140625
1 0.7953125 0.29296875 0.809375 0.28046875 0.815625 0.22734375 0.8296875 0.21796875 0.840625 0.18515625 0.75703125 0.1484375 0.69296875 0.1296875 0.63515625 0.121875 0.6375 0.13828125 0.6265625 0.15390625 0.6359375 0.18046875 0.6359375 0.20078125 0.66796875 0.19375 0.67734375 0.2171875 0.70390625 0.21875 0.71015625 0.2328125 0.73828125 0.2359375 0.75234375 0.2265625 0.775 0.27734375
1 0.3859375 0.29140625 0.39296875 0.28125 0.4515625 0.27890625 0.409375 0.24921875 0.4015625 0.22578125 0.375 0.19453125 0.35625 0.12421875 0.36171875 0.1171875 0.3734375 0.11953125 0.3796875 0.10703125 0.37578125 0.103125 0.33359375 0.1046875 0.23203125 0.121875 0.1359375 0.15390625 0.1703125 0.16015625 0.1859375 0.18515625 0.190625 0.23046875 0.2046875 0.22734375 0.20546875 0.2109375 0.21484375 0.2125 0.2203125 0.21640625 0.2171875 0.22734375 0.240625 0.24453125 0.24765625 0.2671875 0.25 0.25390625 0.26328125 0.25 0.2671875 0.23828125 0.25234375 0.2328125 0.2515625 0.22265625 0.26015625 0.228125 0.27734375 0.221875 0.28359375 0.20625 0.296875 0.22421875 0.296875 0.23359375 0.2875 0.23671875 0.296875 0.24296875 0.30078125 0.271875 0.31796875 0.275 0.32578125 0.2828125 0.328125 0.26796875 0.34140625 0.2671875 0.35859375 0.284375