1 0.7578125 0.25234375 0.8 0.21171875 0.8203125 0.17890625 0.81640625 0.1734375 0.68828125 0.128125 0.5484375 0.10546875 0.5390625 0.13203125 0.54375 0.18515625 0.5375 0.21015625 0.54453125 0.215625 0.55078125 0.2015625 0.55703125 0.209375 0.56796875 0.203125 0.57265625 0.209375 0.58515625 0.2046875 0.58671875 0.209375 0.60078125 0.20625 0.60546875 0.2125 0.61640625 0.2046875 0.62109375 0.2109375 0.62421875 0.20625 0.62734375 0.2109375 0.690625 0.21484375 0.66171875 0.21875 0.65859375 0.225 0.70078125 0.225 0.6953125 0.21640625 0.70234375 0.2109375 0.703125 0.22265625 0.71640625 0.225 0.71796875 0.2125 0.7203125 0.22578125 0.73359375 0.221875 0.7359375 0.23984375 0.74609375 0.24375 0.74921875 0.2375 0.75 0.25078125
4 0.21875 0.48671875 0.234375 0.47421875 0.25625 0.43203125 0.25625 0.40859375 0.2453125 0.37578125 0.21640625 0.34375 0.18984375 0.33125 0.15546875 0.3015625 0.12578125 0.2828125 0.10078125 0.284375 0.0890625 0.30234375 0.08125 0.34921875 0.0828125 0.37421875 0.096875 0.41171875 0.11484375 0.428125 0.13359375 0.4265625 0.16171875 0.44375 0.19609375 0.4859375
4 0.0703125 0.56640625 0.0875 0.53359375 0.0921875 0.49609375 0.10625 0.46484375 0.1046875 0.43984375 0.08125 0.36796875 0.0828125 0.32734375 0.0984375 0.27109375 0.090625 0.22265625 0.0921875 0.18984375 0.08359375 0.1765625 0.071875 0.18515625 0.0578125 0.21484375 0.0421875 0.27421875 0.034375 0.39609375 0.034375 0.47734375 0.040625 0.51796875 0.0578125 0.56171875
4 0.3625 0.38671875 0.3703125 0.36171875 0.365625 0.33828125 0.3875 0.30078125 0.359375 0.26796875 0.3453125 0.21015625 0.3296875 0.18359375 0.27109375 0.15 0.20703125 0.1296875 0.18828125 0.1328125 0.17421875 0.1484375 0.16484375 0.1453125 0.1578125 0.16953125 0.165625 0.18671875 0.165625 0.21953125 0.175 0.24140625 0.19140625 0.2546875 0.21640625 0.25 0.26640625 0.278125 0.28984375 0.309375 0.31953125 0.3203125 0.3328125 0.33203125 0.3421875 0.34609375 0.3484375 0.37578125
4 0.4046875 0.26015625 0.45 0.16171875 0.40390625 0.1203125 0.33359375 0.0921875 0.28671875 0.084375 0.25859375 0.0953125 0.2359375 0.13515625 0.32578125 0.178125 0.3515625 0.22421875 0.36953125 0.228125 0.39453125 0.2578125
4 0.4 0.54296875 0.4125 0.51328125 0.4125 0.48984375 0.4046875 0.47265625 0.415625 0.43984375 0.4453125 0.39453125 0.459375 0.33671875 0.4953125 0.25234375 0.5265625 0.22421875 0.5375 0.19765625 0.5421875 0.15859375 0.5359375 0.12890625 0.5453125 0.10703125 0.53203125 0.09375 0.51796875 0.09375 0.51484375 0.103125 0.49765625 0.0984375 0.475 0.11953125 0.434375 0.19453125 0.371875 0.35390625 0.36875 0.43046875 0.3640625 0.44296875 0.340625 0.46640625 0.3375 0.49609375 0.34609375 0.5015625 0.36484375 0.4828125 0.36953125 0.484375 0.3828125 0.49609375 0.3890625 0.53359375
4 0.7 0.43828125 0.7125 0.43203125 0.72734375 0.4046875 0.75859375 0.4 0.7765625 0.38671875 0.796875 0.35078125 0.859375 0.27265625 0.8640625 0.25546875 0.8609375 0.21953125 0.8671875 0.20703125 0.86328125 0.2 0.85234375 0.1984375 0.84609375 0.1859375 0.82734375 0.1796875 0.8140625 0.18828125 0.803125 0.21328125 0.75859375 0.25625 0.740625 0.26328125 0.703125 0.34453125 0.678125 0.35546875 0.66875 0.38515625 0.6859375 0.43203125
4 0.734375 0.83828125 0.79921875 0.8171875 0.83046875 0.8140625 0.85234375 0.8 0.86484375 0.8109375 0.87578125 0.809375 0.86875 0.77734375 0.8890625 0.75390625 0.8859375 0.73828125 0.85390625 0.728125 0.83515625 0.7125 0.81015625 0.7234375 0.78046875 0.7078125 0.76015625 0.70625 0.7546875 0.69453125 0.7734375 0.67734375 0.77265625 0.6625 0.74296875 0.6765625 0.6953125 0.73828125 0.7078125 0.82890625 0.71796875 0.8375
4 0.646875 0.94921875 0.67578125 0.946875 0.684375 0.93828125 0.684375 0.90859375 0.7015625 0.86640625 0.70625 0.80703125 0.684375 0.70078125 0.665625 0.66640625 0.6609375 0.62265625 0.6484375 0.58515625 0.63671875 0.5671875 0.61484375 0.55625 0.590625 0.57578125 0.56875 0.62421875 0.5671875 0.64921875 0.6015625 0.72578125 0.6078125 0.76484375 0.6265625 0.81484375 0.6265625 0.84765625 0.6390625 0.89296875 0.6375 0.91015625 0.628125 0.92265625 0.6328125 0.93828125
4 0.4453125 0.86015625 0.49765625 0.846875 0.54453125 0.8203125 0.56875 0.79609375 0.5796875 0.77265625 0.584375 0.74140625 0.5953125 0.72578125 0.56953125 0.65625 0.54765625 0.653125 0.52734375 0.6578125 0.47890625 0.6875 0.43984375 0.6828125 0.41640625 0.6890625 0.40546875 0.675 0.38359375 0.678125 0.36640625 0.684375 0.3546875 0.69765625 0.3421875 0.77109375 0.35625 0.82890625 0.39296875 0.853125
4 0.3828125 0.88203125 0.41953125 0.8734375 0.421875 0.86796875 0.3578125 0.83359375 0.3390625 0.77109375 0.3390625 0.74609375 0.29765625 0.71875 0.26328125 0.715625 0.2703125 0.70234375 0.26953125 0.6859375 0.23515625 0.703125 0.209375 0.74140625 0.2 0.77421875 0.2 0.81015625 0.215625 0.84453125 0.25703125 0.875