1 0.5328125 0.66328125 0.546875 0.61796875 0.54375 0.60546875 0.53671875 0.6015625 0.5234375 0.60859375 0.5171875 0.62421875 0.5171875 0.65546875 0.52109375 0.6625
1 0.4484375 0.61796875 0.46171875 0.6125 0.475 0.59296875 0.4734375 0.56953125 0.46484375 0.5609375 0.440625 0.60234375 0.4390625 0.61328125
1 0.8296875 0.29140625 0.8390625 0.28671875 0.8484375 0.26484375 0.8421875 0.18828125 0.80078125 0.1640625 0.76484375 0.1546875 0.765625 0.18203125 0.7859375 0.24140625
1 0.6734375 0.22578125 0.68203125 0.1984375 0.71171875 0.196875 0.7390625 0.20390625 0.74375 0.14921875 0.72265625 0.1375 0.65859375 0.11875 0.61640625 0.1140625 0.6140625 0.16640625 0.625 0.19296875 0.63515625 0.196875 0.6375 0.18359375 0.64921875 0.178125 0.6640625 0.21796875
4 0.45 0.47265625 0.4515625 0.45546875 0.46015625 0.4609375 0.4640625 0.44453125 0.4453125 0.39453125 0.4484375 0.34140625 0.4921875 0.32578125 0.54140625 0.2453125 0.54921875 0.2453125 0.565625 0.26171875 0.58125 0.28046875 0.5890625 0.31015625 0.59609375 0.3171875 0.6015625 0.31484375 0.5921875 0.25546875 0.60390625 0.259375 0.60625 0.24921875 0.58125 0.19921875 0.60625 0.16796875 0.615625 0.13046875 0.58515625 0.0859375 0.54921875 0.0921875 0.45859375 0.1484375 0.428125 0.17734375 0.390625 0.23671875 0.378125 0.27734375 0.378125 0.33515625 0.3890625 0.35859375 0.415625 0.37890625 0.4359375 0.45703125
4 0.31875 0.52421875 0.325 0.52109375 0.34375 0.46953125 0.3546875 0.33671875 0.371875 0.30390625 0.390625 0.23203125 0.434375 0.16484375 0.43125 0.11015625 0.41171875 0.0671875 0.37734375 0.0828125 0.346875 0.11796875 0.325 0.16484375 0.3109375 0.21640625 0.2890625 0.33671875 0.284375 0.49140625 0.28671875 0.4984375 0.2921875 0.49609375 0.29921875 0.4578125 0.3078125 0.51796875
4 0.2453125 0.28671875 0.246875 0.27421875 0.2546875 0.27109375 0.2546875 0.25078125 0.2390625 0.19140625 0.2390625 0.12265625 0.253125 0.12890625 0.24453125 0.115625 0.21953125 0.10625 0.16171875 0.1140625 0.12265625 0.14375 0.10234375 0.14375 0.065625 0.18984375 0.0609375 0.21171875 0.0671875 0.23203125 0.090625 0.25546875 0.09921875 0.275 0.11015625 0.275 0.12578125 0.2515625 0.16015625 0.25625 0.20078125 0.23125 0.225 0.24609375 0.228125 0.27421875
4 0.2296875 0.70078125 0.240625 0.68671875 0.2375 0.64296875 0.2421875 0.61171875 0.21875 0.39140625 0.1953125 0.30546875 0.16953125 0.271875 0.14921875 0.2765625 0.140625 0.28828125 0.1125 0.37109375 0.11953125 0.384375 0.13359375 0.38125 0.1453125 0.38984375 0.146875 0.44453125 0.1625 0.51640625 0.1609375 0.59453125 0.178125 0.60390625 0.2234375 0.70078125
4 0.0375 0.65390625 0.0546875 0.63515625 0.078125 0.47734375 0.1015625 0.42109375 0.1015625 0.29453125 0.09375 0.27265625 0.08046875 0.2640625 0.06953125 0.2671875 0.0546875 0.28359375 0.040625 0.33828125 0.0390625 0.47109375 0.0328125 0.55859375 0.0234375 0.58203125 0.0234375 0.59765625 0.03125 0.60234375 0.03125 0.65078125
4 0.0609375 0.74921875 0.0671875 0.71484375 0.1015625 0.68203125 0.109375 0.64453125 0.134375 0.58203125 0.14296875 0.59375 0.146875 0.58984375 0.140625 0.44921875 0.125 0.41796875 0.13359375 0.4078125 0.11953125 0.409375 0.1 0.42578125 0.0796875 0.47734375 0.0671875 0.57890625 0.0484375 0.67734375 0.040625 0.68671875 0.0515625 0.71171875 0.05 0.74609375
4 0.2015625 0.85546875 0.22421875 0.8375 0.24609375 0.8484375 0.259375 0.84765625 0.240625 0.82421875 0.246875 0.81015625 0.2703125 0.78984375 0.26875 0.77109375 0.25078125 0.7625 0.22890625 0.740625 0.20078125 0.7328125 0.19453125 0.7140625 0.17421875 0.7125 0.15703125 0.721875 0.14296875 0.703125 0.12265625 0.6953125 0.1203125 0.68671875 0.1359375 0.66640625 0.1359375 0.66015625 0.12734375 0.65625 0.109375 0.66796875 0.096875 0.69296875 0.06875 0.71796875 0.065625 0.76328125 0.075 0.79140625 0.0875 0.81328125 0.10546875 0.828125
4 0.653125 0.84296875 0.69921875 0.815625 0.74375 0.76796875 0.803125 0.63984375 0.825 0.53671875 0.8109375 0.52265625 0.8125 0.49140625 0.80546875 0.4796875 0.7921875 0.49140625 0.7859375 0.50859375 0.7578125 0.53046875 0.7359375 0.59140625 0.703125 0.61796875 0.67109375 0.671875 0.66015625 0.671875 0.65 0.66171875 0.64765625 0.6171875 0.60625 0.67109375 0.6296875 0.73671875 0.6296875 0.80078125 0.65 0.82734375
4 0.6140625 0.65546875 0.64375 0.62265625 0.6578125 0.58046875 0.6890625 0.34296875 0.678125 0.26640625 0.69375 0.23515625 0.68671875 0.2265625 0.67421875 0.2328125 0.6625 0.21953125 0.64765625 0.1796875 0.6390625 0.18671875 0.6296875 0.23515625 0.6203125 0.35546875 0.59375 0.43828125 0.5875 0.49765625 0.5671875 0.56015625 0.5671875 0.58359375 0.5765625 0.61484375 0.5921875 0.64140625
4 0.8375 0.43515625 0.8546875 0.42734375 0.8625 0.39921875 0.853125 0.27578125 0.84765625 0.2703125 0.84375 0.27421875 0.8375 0.30703125 0.83203125 0.3078125 0.8171875 0.27578125 0.7875 0.24609375 0.765625 0.18671875 0.7609375 0.15234375 0.74921875 0.1484375 0.74140625 0.2078125 0.71953125 0.2 0.68671875 0.1984375 0.6765625 0.20859375 0.6796875 0.22109375 0.6953125 0.22890625 0.684375 0.26328125 0.6921875 0.27109375 0.6875 0.29765625 0.69765625 0.303125 0.71328125 0.290625 0.7515625 0.33359375 0.7890625 0.41015625 0.80234375 0.4234375 0.8375 0.43515625