4 0.0296875 0.42265625 0.0734375 0.34765625 0.06875 0.32578125 0.0921875 0.22421875 0.10078125 0.215625 0.12734375 0.21875 0.13125 0.21328125 0.1109375 0.13828125 0.096875 0.11953125 0.09453125 0.096875 0.084375 0.10078125 0.0796875 0.12265625 0.0578125 0.15390625 0.0265625 0.24765625 0.015625 0.35546875 0.021875 0.41796875
4 0.028125 0.69921875 0.05859375 0.6890625 0.1015625 0.62734375 0.09609375 0.6203125 0.07578125 0.61875 0.06875 0.60078125 0.084375 0.48984375 0.121875 0.44453125 0.1 0.42890625 0.1 0.37109375 0.1078125 0.35859375 0.10390625 0.3265625 0.09375 0.33046875 0.08515625 0.346875 0.071875 0.35234375 0.0453125 0.39453125 0.0328125 0.42734375 0.0140625 0.56484375 0.0140625 0.63515625 0.0234375 0.67265625 0.021875 0.69296875
4 0.1125 0.90859375 0.16640625 0.8734375 0.17890625 0.85625 0.19453125 0.8515625 0.2125 0.83359375 0.23125 0.76484375 0.2203125 0.74921875 0.221875 0.73984375 0.234375 0.72890625 0.22890625 0.7109375 0.21328125 0.71875 0.18515625 0.71875 0.14765625 0.7640625 0.0875 0.81484375 0.0796875 0.83359375 0.0859375 0.88984375 0.09453125 0.9046875
4 0.5015625 0.97265625 0.5234375 0.94921875 0.53125 0.91796875 0.528125 0.88203125 0.5171875 0.85234375 0.4640625 0.78828125 0.4390625 0.74453125 0.409375 0.71484375 0.378125 0.65078125 0.36015625 0.6375 0.34453125 0.6359375 0.2953125 0.68671875 0.296875 0.70234375 0.3078125 0.71484375 0.315625 0.75703125 0.4109375 0.90078125 0.46953125 0.9625 0.48828125 0.9734375
4 0.6078125 0.95078125 0.61875 0.94453125 0.6390625 0.89921875 0.628125 0.84609375 0.615625 0.82421875 0.590625 0.80234375 0.5640625 0.75390625 0.540625 0.72578125 0.5171875 0.65859375 0.50078125 0.6375 0.48359375 0.6296875 0.465625 0.64453125 0.45 0.66953125 0.446875 0.70078125 0.4546875 0.73828125 0.4703125 0.76953125 0.4921875 0.79453125 0.528125 0.86953125 0.56875 0.93359375 0.58515625 0.946875
4 0.528125 0.65859375 0.53125 0.61171875 0.528125 0.58828125 0.52265625 0.584375 0.521875 0.60859375 0.51796875 0.6140625 0.5015625 0.61171875 0.5 0.63671875 0.51953125 0.659375
4 0.603125 0.80546875 0.64375 0.75859375 0.703125 0.65859375 0.709375 0.63359375 0.7078125 0.58984375 0.7171875 0.57265625 0.721875 0.54296875 0.71875 0.52578125 0.7109375 0.52421875 0.7109375 0.48359375 0.70390625 0.46875 0.68125 0.49296875 0.6609375 0.52734375 0.640625 0.58515625 0.625 0.60703125 0.56640625 0.6390625 0.54921875 0.659375 0.521875 0.66171875 0.540625 0.72578125 0.565625 0.75546875 0.5859375 0.79453125 0.59609375 0.80625
4 0.659375 0.92578125 0.67265625 0.9171875 0.6919642857142858 0.9453125 0.7087053571428573 0.9363839285714286 0.7120535714285715 0.9006696428571429 0.73671875 0.8828125 0.7625 0.83203125 0.7890625 0.74296875 0.803125 0.66484375 0.8078125 0.56484375 0.8015625 0.54296875 0.8046875 0.52578125 0.79609375 0.5140625 0.75234375 0.525 0.7234375 0.56328125 0.7375 0.61484375 0.721875 0.66640625 0.7109375 0.75546875 0.684375 0.77265625 0.6859375 0.82578125 0.65 0.88828125 0.646875 0.92265625
4 0.7703125 0.82265625 0.7859375 0.81171875 0.80625 0.78359375 0.853125 0.69765625 0.8421875 0.68359375 0.8484375 0.59921875 0.84140625 0.5859375 0.815625 0.60390625 0.8078125 0.62265625 0.79375 0.72421875 0.7671875 0.81171875
4 0.8578125 0.68984375 0.86796875 0.6890625 0.884375 0.66328125 0.8859375 0.63515625 0.9078125 0.56015625 0.9171875 0.48203125 0.915625 0.34140625 0.89765625 0.2765625 0.86796875 0.290625 0.859375 0.30078125 0.8578125 0.31953125 0.86875 0.34609375 0.871875 0.38203125 0.8578125 0.43203125 0.8578125 0.50859375 0.8390625 0.53046875 0.8296875 0.55703125 0.83203125 0.5625 0.84453125 0.5640625 0.85 0.57421875 0.840625 0.68515625
4 0.8171875 0.44453125 0.84296875 0.440625 0.8625 0.42109375 0.86875 0.39609375 0.865625 0.34140625 0.796875 0.24921875 0.7734375 0.20859375 0.76015625 0.1953125 0.73046875 0.1875 0.71171875 0.16875 0.69765625 0.165625 0.69453125 0.18125 0.68203125 0.178125 0.6703125 0.18671875 0.678125 0.21796875 0.6984375 0.25703125 0.7171875 0.27890625 0.7140625 0.29921875 0.753125 0.32734375 0.7828125 0.38515625 0.8140625 0.40703125 0.815625 0.42109375 0.80625 0.44296875