4 0.40625 0.22734375 0.4140625 0.21640625 0.41328125 0.1921875 0.46015625 0.190625 0.4875 0.17890625 0.4875 0.16484375 0.46875 0.14140625 0.459375 0.11796875 0.471875 0.09765625 0.47265625 0.0796875 0.43828125 0.1015625 0.41484375 0.0765625 0.40234375 0.071875 0.37734375 0.0765625 0.29296875 0.0734375 0.25859375 0.0859375 0.246875 0.09765625 0.23125 0.12578125 0.228125 0.16796875 0.23515625 0.1859375 0.27265625 0.2046875 0.28515625 0.196875 0.31328125 0.2125 0.36796875 0.209375 0.38671875 0.2265625
4 0.2078125 0.31640625 0.2203125 0.28671875 0.2234375 0.26015625 0.21875 0.18828125 0.20234375 0.1703125 0.1734375 0.16953125 0.165625 0.15078125 0.171875 0.13828125 0.14296875 0.1046875 0.09140625 0.1015625 0.08125 0.11796875 0.0796875 0.17734375 0.1140625 0.24921875 0.1453125 0.27734375 0.15703125 0.296875 0.17578125 0.296875
4 0.35625 0.37734375 0.36171875 0.3671875 0.37265625 0.3671875 0.3796875 0.35390625 0.3609375 0.30703125 0.37421875 0.303125 0.384375 0.28671875 0.36328125 0.26875 0.34609375 0.2765625 0.340625 0.25859375 0.38203125 0.25625 0.3890625 0.23984375 0.37890625 0.234375 0.35390625 0.2390625 0.33046875 0.2328125 0.27421875 0.2078125 0.25078125 0.190625 0.22421875 0.1890625 0.2203125 0.19296875 0.225 0.25234375 0.221875 0.28515625 0.209375 0.32109375 0.2125 0.32890625 0.23046875 0.3421875 0.26328125 0.3390625 0.28046875 0.359375 0.29609375 0.365625 0.32265625 0.3484375 0.33984375 0.375
4 0.0734375 0.48828125 0.084375 0.48046875 0.09296875 0.4609375 0.13046875 0.440625 0.15078125 0.41875 0.18671875 0.4296875 0.203125 0.41640625 0.2109375 0.37734375 0.22421875 0.375 0.225 0.36484375 0.2125 0.35234375 0.209375 0.32890625 0.18984375 0.3046875 0.17109375 0.296875 0.12421875 0.3 0.11015625 0.3078125 0.07421875 0.35 0.03671875 0.371875 0.0296875 0.36953125 0.0296875 0.34609375 0.015625 0.34453125 0.0171875 0.38671875 0.009375 0.42109375 0.021875 0.46171875 0.05078125 0.4859375
4 0.0640625 0.35390625 0.07421875 0.35 0.1046875 0.31171875 0.121875 0.29921875 0.1171875 0.28671875 0.1203125 0.26328125 0.11640625 0.259375 0.1140625 0.26796875 0.1140625 0.25234375 0.08359375 0.190625 0.071875 0.21796875 0.0625 0.21640625 0.0578125 0.24140625 0.0640625 0.25859375 0.059375 0.32890625
4 0.246875 0.59140625 0.26953125 0.58125 0.284375 0.55859375 0.2875 0.47578125 0.27421875 0.453125 0.23828125 0.4515625 0.21015625 0.4671875 0.18046875 0.4671875 0.16953125 0.465625 0.15390625 0.45 0.13828125 0.45 0.0890625 0.47421875 0.0859375 0.49765625 0.12265625 0.5640625 0.16015625 0.5796875 0.21171875 0.5796875 0.23203125 0.590625
4 0.159375 0.76015625 0.17734375 0.753125 0.19375 0.72734375 0.196875 0.68828125 0.184375 0.63515625 0.16640625 0.615625 0.13828125 0.6125 0.13125 0.60546875 0.1015625 0.56796875 0.096875 0.54609375 0.0734375 0.53203125 0.071875 0.51015625 0.04453125 0.48125 0.02421875 0.4703125 0.028125 0.56171875 0.0421875 0.61640625 0.071875 0.69140625 0.10703125 0.734375 0.13984375 0.7578125
4 0.0203125 0.68671875 0.021875 0.67578125 0.040625 0.65390625 0.0453125 0.62890625 0.025 0.55234375 0.021875 0.46796875 0.0078125 0.41796875 0.0203125 0.35703125 0.02421875 0.3734375 0.04453125 0.3671875 0.0515625 0.35859375 0.0578125 0.29453125 0.05234375 0.2578125 0.0421875 0.26796875 0.0375 0.28515625 0.0234375 0.29765625 0.0203125 0.33671875 0 0.40390625 0 0.65078125 0.015625 0.68671875
4 0.240625 0.85703125 0.25546875 0.8453125 0.27109375 0.853125 0.29140625 0.8515625 0.29375 0.84765625 0.278125 0.83515625 0.3046875 0.79453125 0.303125 0.77890625 0.24375 0.72578125 0.275 0.68671875 0.27265625 0.6671875 0.20859375 0.7125 0.19765625 0.7109375 0.1890625 0.74140625 0.17109375 0.7578125 0.13828125 0.7578125 0.10078125 0.7296875 0.0921875 0.73046875 0.0953125 0.77578125 0.12265625 0.8171875 0.16171875 0.8359375 0.19609375 0.834375 0.21640625 0.8546875
4 0.8515625 0.80859375 0.871875 0.74921875 0.88125 0.50703125 0.8703125 0.42734375 0.84296875 0.378125 0.846875 0.39453125 0.83359375 0.3984375 0.81875 0.41953125 0.7890625 0.52578125 0.7875 0.54296875 0.79296875 0.55 0.8015625 0.53828125 0.8078125 0.51015625 0.8140625 0.51015625 0.81875 0.64140625 0.80625 0.68046875 0.8015625 0.74296875 0.790625 0.78515625 0.79609375 0.7890625 0.8015625 0.78359375 0.81953125 0.734375 0.84375 0.80390625
1 0.4296875 0.86328125 0.64921875 0.8453125 0.77265625 0.815625 0.83125 0.78828125 0.825 0.76015625 0.81953125 0.7578125 0.80078125 0.7953125 0.79296875 0.79375 0.7875 0.78203125 0.8171875 0.62421875 0.8109375 0.54921875 0.80859375 0.54375 0.78984375 0.5546875 0.7859375 0.52734375 0.796875 0.47265625 0.8265625 0.40078125 0.825 0.37734375 0.83203125 0.3703125 0.84453125 0.3703125 0.8484375 0.36328125 0.8390625 0.18984375 0.83203125 0.1796875 0.74140625 0.14375 0.64765625 0.1171875 0.58203125 0.1046875 0.47421875 0.1015625 0.465625 0.11171875 0.4671875 0.12734375 0.490625 0.16484375 0.490625 0.18203125 0.48203125 0.190625 0.46015625 0.1953125 0.42109375 0.196875 0.4109375 0.23046875 0.39765625 0.2359375 0.39375 0.24921875 0.3703125 0.26484375 0.3859375 0.28515625 0.371875 0.31171875 0.38125 0.34765625 0.3796875 0.36484375 0.34921875 0.38125 0.33359375 0.375 0.31953125 0.359375 0.29140625 0.36875 0.26328125 0.3515625 0.22421875 0.35 0.2390625 0.38515625 0.2375 0.39453125 0.21640625 0.396875 0.2046875 0.42421875 0.19296875 0.434375 0.1484375 0.43203125 0.1453125 0.44296875 0.17578125 0.4640625 0.20859375 0.4640625 0.23203125 0.45 0.25390625 0.4484375 0.2546875 0.43046875 0.26328125 0.41875 0.271875 0.42578125 0.290625 0.48046875 0.2828125 0.57734375 0.27578125 0.5890625 0.26796875 0.5875 0.26484375 0.59375 0.23046875 0.5953125 0.20859375 0.5890625 0.1984375 0.59765625 0.1921875 0.64765625 0.2 0.69765625 0.22265625 0.6953125 0.23203125 0.6828125 0.27265625 0.6609375 0.27578125 0.6515625 0.2796875 0.68359375 0.253125 0.72578125 0.30625 0.77890625 0.309375 0.79609375 0.2890625 0.83203125 0.2953125 0.84453125 0.30234375 0.853125 0.31796875 0.85625