4 0.8765625 0.79140625 0.8921875 0.69921875 0.87578125 0.696875 0.86015625 0.6734375 0.84140625 0.665625 0.78359375 0.6125 0.75546875 0.609375 0.73203125 0.6203125 0.725 0.63203125 0.734375 0.63984375 0.7375 0.65390625 0.73359375 0.6609375 0.72265625 0.6609375 0.71875 0.67109375 0.746875 0.71640625 0.76640625 0.7328125 0.79609375 0.740625 0.82734375 0.775 0.85390625 0.7765625 0.86328125 0.7875
4 0.040625 0.65859375 0.0578125 0.64921875 0.0734375 0.55859375 0.090625 0.52109375 0.090625 0.49921875 0.0828125 0.47890625 0.09375 0.35859375 0.10234375 0.3453125 0.1265625 0.32890625 0.125 0.31171875 0.103125 0.26015625 0.07734375 0.234375 0.0484375 0.29609375 0.0296875 0.39765625 0.025 0.59921875
4 0.659375 0.84140625 0.69921875 0.8296875 0.7109375 0.81796875 0.725 0.78671875 0.7203125 0.72734375 0.70625 0.70078125 0.7 0.66640625 0.6765625 0.62890625 0.66796875 0.6265625 0.665625 0.63671875 0.6796875 0.67734375 0.675 0.69453125 0.66484375 0.6984375 0.62109375 0.6953125 0.58828125 0.7046875 0.55390625 0.6765625 0.52734375 0.675 0.51015625 0.65625 0.49921875 0.653125 0.49375 0.67109375 0.5015625 0.69453125 0.47734375 0.7 0.46875 0.70859375 0.4765625 0.73359375 0.4734375 0.75078125 0.48125 0.76328125 0.49453125 0.775 0.51171875 0.7765625 0.534375 0.81640625 0.54609375 0.825 0.58828125 0.8234375
1 0.73125 0.82578125 0.81328125 0.796875 0.8296875 0.78203125 0.79453125 0.74375 0.75546875 0.728125 0.7140625 0.67109375 0.70703125 0.66875 0.7109375 0.67578125 0.70625 0.68828125 0.721875 0.72265625 0.7296875 0.77265625 0.7171875 0.82265625
1 0.85 0.66328125 0.85625 0.63671875 0.8546875 0.41484375 0.8390625 0.18828125 0.76015625 0.1515625 0.65234375 0.121875 0.61171875 0.1171875 0.6203125 0.12890625 0.6171875 0.15703125 0.6125 0.15859375 0.615625 0.16953125 0.609375 0.17421875 0.6140625 0.17890625 0.6109375 0.19765625 0.628125 0.23203125 0.61875 0.23828125 0.6140625 0.25703125 0.640625 0.28359375 0.671875 0.34140625 0.71796875 0.3703125 0.7234375 0.36640625 0.7234375 0.34765625 0.715625 0.31015625 0.72265625 0.2984375 0.7265625 0.30078125 0.74375 0.37265625 0.771875 0.45078125 0.76875 0.51484375 0.73984375 0.5421875 0.68359375 0.5359375 0.68125 0.54609375 0.69609375 0.5484375 0.6984375 0.56171875 0.7109375 0.56640625 0.7109375 0.57734375 0.71875 0.58203125 0.72109375 0.61875 0.76171875 0.60625 0.78203125 0.609375
4 0.3984375 0.96953125 0.41015625 0.959375 0.42734375 0.9625 0.43125 0.95234375 0.4234375 0.86484375 0.4046875 0.81640625 0.39296875 0.828125 0.37890625 0.8234375 0.315625 0.74296875 0.3046875 0.69921875 0.284375 0.66796875 0.2828125 0.57578125 0.2734375 0.55234375 0.26796875 0.5515625 0.2390625 0.60078125 0.2328125 0.65546875 0.2328125 0.73671875 0.2390625 0.77265625 0.278125 0.86171875 0.321875 0.92265625 0.36640625 0.9625 0.38359375 0.9703125
4 0.4015625 0.62109375 0.440625 0.59921875 0.4890625 0.51796875 0.5171875 0.41796875 0.5609375 0.33046875 0.565625 0.28359375 0.5765625 0.26015625 0.5765625 0.24453125 0.56171875 0.2265625 0.53984375 0.23125 0.50703125 0.25 0.48671875 0.1921875 0.47890625 0.209375 0.465625 0.20390625 0.459375 0.31796875 0.4140625 0.38359375 0.39375 0.46328125 0.38828125 0.465625 0.3734375 0.45078125 0.35390625 0.4046875 0.353125 0.44140625 0.3375 0.44453125 0.3625 0.53046875 0.3703125 0.58203125
4 0.7375 0.53984375 0.765625 0.50703125 0.7703125 0.44765625 0.7421875 0.37109375 0.7265625 0.30234375 0.7171875 0.31015625 0.7265625 0.36171875 0.72265625 0.3765625 0.69296875 0.353125 0.671875 0.34453125 0.6375 0.28359375 0.6125 0.26171875 0.59609375 0.2359375 0.57734375 0.225 0.58125 0.24921875 0.5671875 0.27890625 0.5671875 0.31484375 0.5484375 0.36796875 0.57421875 0.4015625 0.6109375 0.42265625 0.66640625 0.5125 0.69765625 0.534375
4 0.2765625 0.46171875 0.2953125 0.42265625 0.3 0.35859375 0.309375 0.35078125 0.33125 0.28203125 0.31953125 0.2828125 0.30390625 0.3078125 0.29921875 0.303125 0.28984375 0.309375 0.265625 0.30546875 0.225 0.23984375 0.19296875 0.1 0.18125 0.12578125 0.16953125 0.1359375 0.1609375 0.11953125 0.15078125 0.1171875 0.146875 0.14140625 0.15 0.16484375 0.1609375 0.17109375 0.15625 0.24765625 0.178125 0.34765625 0.19375 0.39765625 0.2109375 0.42421875 0.24296875 0.45 0.27109375 0.4546875
4 0.175 0.83203125 0.17265625 0.75 0.1796875 0.75703125 0.2015625 0.82421875 0.20859375 0.83125 0.2109375 0.82734375 0.2109375 0.80390625 0.1984375 0.77265625 0.196875 0.71640625 0.209375 0.69296875 0.2328125 0.67421875 0.2390625 0.59921875 0.2515625 0.58671875 0.2625 0.56015625 0.2796875 0.56640625 0.2828125 0.62421875 0.31484375 0.6796875 0.31875 0.66015625 0.3 0.60234375 0.30703125 0.603125 0.33515625 0.634375 0.3421875 0.63203125 0.334375 0.60546875 0.2984375 0.55234375 0.2921875 0.48203125 0.28203125 0.46875 0.26796875 0.4703125 0.265625 0.46171875 0.25390625 0.4546875 0.22734375 0.459375 0.178125 0.51328125 0.1375 0.62109375 0.115625 0.66015625 0.0953125 0.67578125 0.0984375 0.69765625 0.1125 0.70390625 0.115625 0.73359375 0.1453125 0.74765625 0.159375 0.78046875 0.16875 0.83203125
4 0.0828125 0.72578125 0.09921875 0.7046875 0.1140625 0.69921875 0.115625 0.66015625 0.140625 0.61171875 0.171875 0.52265625 0.178125 0.47109375 0.18359375 0.465625 0.21796875 0.4640625 0.225 0.45546875 0.190625 0.42421875 0.1859375 0.38515625 0.16953125 0.371875 0.14921875 0.3703125 0.1234375 0.41796875 0.1 0.48359375 0.075 0.58359375 0.0609375 0.66796875 0.0734375 0.72109375