1 0.8484375 0.32578125 0.8484375 0.23046875 0.840625 0.18515625 0.80703125 0.1671875 0.74609375 0.1484375 0.7375 0.16953125 0.7421875 0.17265625 0.734375 0.17734375 0.7359375 0.18984375 0.7296875 0.19296875 0.7359375 0.19609375 0.7359375 0.20546875 0.7296875 0.20859375 0.7375 0.21171875 0.734375 0.21640625 0.7421875 0.22734375 0.74375 0.25546875 0.75 0.26015625 0.7453125 0.26328125 0.759375 0.26796875 0.746875 0.27109375 0.75703125 0.271875 0.76171875 0.28125 0.775 0.28203125 0.76171875 0.284375 0.76171875 0.2890625 0.77265625 0.2875 0.77734375 0.2953125 0.78828125 0.2890625 0.79296875 0.3046875 0.80390625 0.2953125 0.80859375 0.3046875 0.83359375 0.30625 0.8359375 0.31640625 0.83125 0.31796875
4 0.2859375 0.41484375 0.2953125 0.40078125 0.3015625 0.35546875 0.31796875 0.35625 0.37421875 0.3265625 0.39296875 0.3 0.4015625 0.31484375 0.3984375 0.37421875 0.40390625 0.3859375 0.4078125 0.38046875 0.421875 0.31171875 0.4203125 0.27421875 0.43125 0.23046875 0.428125 0.17890625 0.4234375 0.15859375 0.41328125 0.1515625 0.38515625 0.1453125 0.35703125 0.159375 0.26796875 0.2484375 0.24609375 0.259375 0.1859375 0.36484375 0.19296875 0.3765625 0.20625 0.37890625 0.2125 0.40390625 0.22109375 0.4140625 0.23203125 0.415625 0.26796875 0.3984375 0.27578125 0.4140625
4 0.221875 0.25234375 0.24765625 0.25 0.27890625 0.2328125 0.3328125 0.17734375 0.3375 0.13046875 0.33125 0.10703125 0.3421875 0.09296875 0.34140625 0.084375 0.33046875 0.0953125 0.30390625 0.08125 0.26171875 0.0828125 0.20234375 0.109375 0.16796875 0.109375 0.13125 0.13671875 0.1328125 0.14765625 0.1203125 0.16015625 0.115625 0.17734375 0.1203125 0.19296875 0.1328125 0.20078125 0.15546875 0.2359375 0.18203125 0.23125
4 0.0453125 0.46484375 0.07109375 0.4234375 0.10234375 0.415625 0.14609375 0.390625 0.16328125 0.3703125 0.18515625 0.3609375 0.203125 0.33671875 0.2125 0.31171875 0.2109375 0.27421875 0.2171875 0.26328125 0.18984375 0.2359375 0.16953125 0.2328125 0.16015625 0.2375 0.09609375 0.309375 0.07890625 0.3140625 0.0640625 0.32890625 0.059375 0.37578125 0.0484375 0.39609375 0.0484375 0.41640625 0.05625 0.42734375 0.0421875 0.45546875 0.040625 0.46328125
4 0.15625 0.53359375 0.17890625 0.5140625 0.2078125 0.50234375 0.2203125 0.46328125 0.2265625 0.46015625 0.215625 0.43984375 0.2078125 0.39140625 0.18203125 0.365625 0.16328125 0.371875 0.14921875 0.390625 0.13203125 0.396875 0.11171875 0.415625 0.07421875 0.421875 0.0453125 0.46796875 0.040625 0.49609375 0.0453125 0.51015625 0.07421875 0.534375 0.09921875 0.525
4 0.2109375 0.64765625 0.25078125 0.625 0.3078125 0.54609375 0.396875 0.46640625 0.39296875 0.4546875 0.38359375 0.4546875 0.3421875 0.48203125 0.3421875 0.46015625 0.3578125 0.44765625 0.3625 0.43046875 0.3625 0.41640625 0.3515625 0.40859375 0.353125 0.35390625 0.34609375 0.346875 0.31796875 0.3890625 0.3078125 0.36171875 0.3 0.36171875 0.2984375 0.40859375 0.278125 0.42890625 0.2625 0.46640625 0.20078125 0.5109375 0.17734375 0.515625 0.1640625 0.53203125 0.1578125 0.56171875 0.1625 0.61640625 0.18828125 0.6453125
4 0.2671875 0.88046875 0.271875 0.86484375 0.265625 0.82890625 0.2734375 0.82109375 0.275 0.79453125 0.265625 0.77890625 0.265625 0.76171875 0.26953125 0.759375 0.29453125 0.778125 0.2984375 0.76640625 0.20625 0.67265625 0.14765625 0.5921875 0.11484375 0.584375 0.09765625 0.5890625 0.0859375 0.60078125 0.08125 0.62890625 0.0828125 0.67578125 0.0953125 0.72734375 0.10234375 0.7328125 0.11953125 0.7265625 0.15078125 0.7578125 0.17421875 0.765625 0.1859375 0.77734375 0.2125 0.81484375 0.21484375 0.8671875 0.225 0.86328125 0.23671875 0.840625 0.259375 0.87890625
4 0.428125 0.88203125 0.51015625 0.8625 0.59375 0.80859375 0.590625 0.79765625 0.5765625 0.78828125 0.5765625 0.77734375 0.5921875 0.75234375 0.590625 0.74140625 0.56640625 0.73125 0.52578125 0.7328125 0.5203125 0.72578125 0.525 0.64765625 0.51484375 0.628125 0.5078125 0.63359375 0.509375 0.66796875 0.50234375 0.6765625 0.49453125 0.665625 0.4890625 0.66796875 0.490625 0.70390625 0.47265625 0.7296875 0.43671875 0.709375 0.40546875 0.70625 0.35546875 0.7359375 0.3375 0.69921875 0.33125 0.65703125 0.3234375 0.64296875 0.309375 0.65546875 0.31875 0.74609375 0.309375 0.78203125 0.309375 0.81015625 0.321875 0.85546875 0.36796875 0.8796875
4 0.6125 0.34296875 0.646875 0.31953125 0.6515625 0.28359375 0.6453125 0.22734375 0.6046875 0.11171875 0.5765625 0.06640625 0.53203125 0.0171875 0.51171875 0.0109375 0.46953125 0.015625 0.46640625 0 0.45234375 0 0.4390625 0.04296875 0.42421875 0.0484375 0.4125 0.06328125 0.4140625 0.07734375 0.42890625 0.096875 0.44140625 0.0984375 0.4796875 0.12109375 0.4890625 0.14140625 0.48828125 0.1859375 0.5 0.18046875 0.503125 0.16484375 0.51171875 0.15625 0.5234375 0.15703125 0.5375 0.20078125 0.56875 0.25546875 0.5796875 0.32578125 0.58671875 0.3390625
4 0.875 0.78984375 0.8890625 0.74765625 0.9140625 0.72734375 0.90625 0.70546875 0.8921875 0.69921875 0.88125 0.63984375 0.84609375 0.60625 0.79765625 0.5796875 0.76953125 0.5765625 0.75234375 0.590625 0.73046875 0.5953125 0.728125 0.61171875 0.75078125 0.61875 0.7546875 0.63203125 0.7515625 0.64765625 0.72890625 0.65 0.725 0.66484375 0.76796875 0.69375 0.81640625 0.7 0.83828125 0.7328125 0.8578125 0.73984375 0.8640625 0.77890625
4 0.746875 0.83671875 0.80546875 0.8171875 0.82578125 0.8171875 0.8515625 0.78828125 0.8578125 0.74453125 0.83984375 0.734375 0.81171875 0.7 0.79296875 0.7140625 0.73515625 0.671875 0.7265625 0.68984375 0.696875 0.71796875 0.6828125 0.75390625 0.665625 0.75390625 0.6828125 0.77734375 0.6984375 0.81796875 0.71328125 0.83125
1 0.8578125 0.60703125 0.859375 0.47109375 0.85078125 0.396875 0.84375 0.40078125 0.8421875 0.41328125 0.82421875 0.415625 0.821875 0.43046875 0.81484375 0.4296875 0.8078125 0.43984375 0.803125 0.56640625 0.7953125 0.57578125