4 0.5859375 0.26796875 0.59375 0.26015625 0.59375 0.24453125 0.5828125 0.20234375 0.59296875 0.2015625 0.596875 0.18828125 0.58203125 0.1640625 0.57109375 0.1625 0.54765625 0.134375 0.50390625 0.0984375 0.46171875 0.0734375 0.38828125 0.059375 0.36953125 0.0609375 0.3421875 0.08046875 0.3203125 0.14765625 0.32109375 0.1625 0.37890625 0.171875 0.47109375 0.2234375 0.4703125 0.23203125 0.49609375 0.265625 0.50703125 0.2640625 0.52265625 0.246875 0.54296875 0.2625
4 0.5078125 0.36640625 0.5171875 0.35078125 0.5046875 0.31640625 0.5234375 0.28671875 0.515625 0.27890625 0.5234375 0.26796875 0.49921875 0.2703125 0.45546875 0.215625 0.37734375 0.1734375 0.33203125 0.1640625 0.30546875 0.1671875 0.278125 0.19453125 0.2671875 0.24140625 0.2734375 0.27265625 0.28359375 0.2859375 0.32890625 0.2875 0.37578125 0.309375 0.40859375 0.3140625 0.45234375 0.3578125 0.48828125 0.3515625 0.49296875 0.3640625
4 0.265625 0.54765625 0.2734375 0.46796875 0.29140625 0.4546875 0.34921875 0.45 0.41484375 0.4765625 0.42265625 0.475 0.42734375 0.465625 0.48515625 0.4640625 0.4921875 0.45546875 0.4921875 0.44296875 0.4796875 0.42109375 0.471875 0.38046875 0.4875 0.36171875 0.4875 0.35390625 0.45546875 0.3609375 0.41015625 0.315625 0.37734375 0.3109375 0.33046875 0.290625 0.28046875 0.2890625 0.24921875 0.3015625 0.2234375 0.33515625 0.2171875 0.38203125 0.2359375 0.42734375 0.240625 0.47265625 0.2578125 0.53984375
4 0.3421875 0.67421875 0.3453125 0.66015625 0.3265625 0.62265625 0.32890625 0.5984375 0.36484375 0.609375 0.41015625 0.6125 0.43984375 0.6375 0.45234375 0.6390625 0.4625 0.63203125 0.47109375 0.6125 0.484375 0.60859375 0.5015625 0.57734375 0.528125 0.56015625 0.5375 0.54609375 0.5390625 0.52265625 0.51796875 0.509375 0.50625 0.49140625 0.521875 0.46328125 0.51953125 0.4515625 0.49375 0.46796875 0.48671875 0.4859375 0.45234375 0.46875 0.41484375 0.478125 0.36640625 0.45625 0.33359375 0.4484375 0.29140625 0.45625 0.28125 0.46484375 0.26875 0.50390625 0.26875 0.55078125 0.275 0.57265625 0.3078125 0.61640625 0.3296875 0.66484375
4 0.8140625 0.89296875 0.8296875 0.87109375 0.840625 0.78984375 0.8203125 0.60234375 0.809375 0.56953125 0.78203125 0.5421875 0.77578125 0.559375 0.728125 0.58828125 0.728125 0.59921875 0.740625 0.60859375 0.7609375 0.66015625 0.759375 0.70703125 0.7734375 0.77890625 0.7703125 0.80546875 0.7765625 0.83671875 0.803125 0.88046875 0.8 0.89140625
4 0.6109375 0.87578125 0.63671875 0.859375 0.67265625 0.8640625 0.70234375 0.859375 0.74296875 0.834375 0.76875 0.79765625 0.771875 0.77734375 0.7609375 0.73671875 0.759375 0.70234375 0.7484375 0.68203125 0.740625 0.61953125 0.73515625 0.6171875 0.73046875 0.6265625 0.71640625 0.603125 0.7109375 0.60546875 0.709375 0.62265625 0.7265625 0.66328125 0.72265625 0.6984375 0.68046875 0.6921875 0.63671875 0.721875 0.61171875 0.70625 0.58515625 0.709375 0.5765625 0.71953125 0.5765625 0.73359375 0.5125 0.80078125 0.5125 0.81640625 0.53515625 0.8265625 0.5453125 0.83984375 0.54375 0.84921875 0.53125 0.85546875 0.53671875 0.8609375 0.55859375 0.8625 0.56953125 0.85625 0.59296875 0.8765625
4 0.19375 0.49296875 0.21796875 0.4875 0.2375 0.47109375 0.2375 0.44296875 0.2140625 0.37421875 0.209375 0.31171875 0.1984375 0.26953125 0.1984375 0.22578125 0.190625 0.19765625 0.1984375 0.12578125 0.19140625 0.11875 0.153125 0.14609375 0.1328125 0.22578125 0.13125 0.26953125 0.1546875 0.44453125 0.1703125 0.48046875
4 0.0734375 0.51796875 0.08671875 0.4984375 0.103125 0.49140625 0.1078125 0.48046875 0.1109375 0.43828125 0.1 0.36796875 0.0984375 0.28984375 0.1171875 0.26015625 0.1109375 0.21640625 0.08359375 0.184375 0.07109375 0.184375 0.059375 0.20234375 0.04375 0.27578125 0.0484375 0.40234375 0.05625 0.44921875 0.0765625 0.47578125 0.0671875 0.49921875 0.0671875 0.51484375
4 0.109375 0.78359375 0.121875 0.77421875 0.1609375 0.71484375 0.15546875 0.7046875 0.13828125 0.7046875 0.1359375 0.69296875 0.1515625 0.60546875 0.16875 0.56953125 0.1828125 0.50234375 0.15078125 0.434375 0.13125 0.44453125 0.1109375 0.48515625 0.071875 0.65390625 0.0734375 0.74765625 0.0859375 0.77734375
4 0.146875 0.91328125 0.153125 0.91015625 0.146875 0.87265625 0.125 0.82890625 0.0921875 0.78984375 0.0734375 0.74921875 0.06875 0.70234375 0.0515625 0.66015625 0.0625 0.62734375 0.03359375 0.596875 0.01953125 0.59375 0.0015625 0.62109375 0 0.67265625 0.028125 0.78515625 0.0734375 0.87734375 0.12109375 0.9109375 0.13359375 0.90625
1 0.821875 0.57109375 0.8348214285714286 0.6796875000000001 0.8381696428571429 0.7299107142857144 0.8470982142857144 0.7712053571428573 0.8470982142857144 0.6964285714285714 0.84765625 0.5390625 0.8484375 0.55078125 0.8546875 0.54765625 0.8453125 0.26171875 0.8375 0.18828125 0.79609375 0.1671875 0.78046875 0.1640625 0.76953125 0.16875 0.77265625 0.1609375 0.76484375 0.15625 0.75390625 0.1609375 0.74921875 0.15 0.740625 0.15390625 0.7484375 0.15703125 0.7484375 0.16640625 0.740625 0.16953125 0.75078125 0.171875 0.75390625 0.1625 0.7625 0.16484375 0.7546875 0.16953125 0.75859375 0.171875 0.77734375 0.171875 0.7640625 0.17890625 0.778125 0.17890625 0.7703125 0.18671875 0.77734375 0.1875 0.7796875 0.19609375 0.76953125 0.2 0.76875 0.18359375 0.75703125 0.1828125 0.765625 0.18984375 0.7640625 0.19765625 0.7390625 0.21796875 0.76171875 0.2203125 0.7625 0.22890625 0.76015625 0.221875 0.75234375 0.221875 0.74609375 0.2296875 0.74140625 0.2234375 0.73125 0.23046875 0.740625 0.23671875 0.7421875 0.25234375 0.73125 0.26328125 0.746875 0.26953125 0.740625 0.27109375 0.746875 0.29453125 0.74296875 0.2859375 0.7390625 0.28828125 0.746875 0.30546875 0.74296875 0.3 0.7375 0.30234375 0.73515625 0.2890625 0.73046875 0.3453125 0.728125 0.32109375 0.7234375 0.32265625 0.725 0.37578125 0.73125 0.38046875 0.7234375 0.38515625 0.73125 0.38828125 0.73125 0.41328125 0.725 0.41484375 0.73125 0.43671875 0.7234375 0.45390625 0.7328125 0.47265625 0.7484375 0.48359375 0.74921875 0.5203125 0.75390625 0.4859375 0.7625 0.49765625 0.759375 0.55859375 0.7703125 0.55546875 0.77578125 0.540625 0.78046875 0.5453125 0.78828125 0.5421875 0.81328125 0.5703125