1 0.7984375 0.80546875 0.853125 0.78046875 0.84765625 0.7078125 0.834375 0.72265625 0.8109375 0.77734375 0.7921875 0.80390625
1 0.5171875 0.86015625 0.62421875 0.85 0.69296875 0.8359375 0.696875 0.83203125 0.68515625 0.8125 0.66171875 0.8140625 0.6609375 0.80859375 0.6953125 0.78203125 0.7078125 0.71015625 0.73046875 0.6953125 0.7546875 0.66171875 0.7859375 0.63671875 0.815625 0.57734375 0.8078125 0.55234375 0.809375 0.45703125 0.79375 0.40546875 0.80625 0.34609375 0.7984375 0.31015625 0.78984375 0.3171875 0.7796875 0.31328125 0.7875 0.24921875 0.809375 0.17265625 0.76640625 0.15 0.74609375 0.14375 0.734375 0.14921875 0.7578125 0.20390625 0.7625 0.25703125 0.7546875 0.28046875 0.7359375 0.30234375 0.70703125 0.4046875 0.6921875 0.38046875 0.6953125 0.34609375 0.7046875 0.32734375 0.7 0.27890625 0.6359375 0.24296875 0.64375 0.26328125 0.65546875 0.2671875 0.659375 0.27890625 0.6703125 0.28515625 0.6609375 0.30546875 0.671875 0.31484375 0.6796875 0.33828125 0.665625 0.34921875 0.66015625 0.3765625 0.63359375 0.3765625 0.6328125 0.38359375 0.6265625 0.38359375 0.6390625 0.39296875 0.6359375 0.40546875 0.6484375 0.41015625 0.634375 0.45078125 0.625 0.45546875 0.625 0.46796875 0.61875 0.47109375 0.6203125 0.49609375 0.6109375 0.50390625 0.6234375 0.51796875 0.6171875 0.54609375 0.6109375 0.54453125 0.60859375 0.5234375 0.60078125 0.5328125 0.5875 0.53359375 0.5875 0.56171875 0.5703125 0.56484375 0.56953125 0.584375 0.56875 0.56640625 0.56328125 0.5625 0.540625 0.56484375 0.53828125 0.590625 0.53203125 0.5796875 0.525 0.58046875 0.525 0.59453125 0.5390625 0.59609375 0.534375 0.61953125 0.54296875 0.6265625 0.58203125 0.6265625 0.5859375 0.64453125 0.5296875 0.68671875 0.5328125 0.80234375 0.52578125 0.815625 0.51171875 0.8109375 0.50625 0.81484375 0.509375 0.84609375 0.5015625 0.85546875
4 0.65625 0.37578125 0.6625 0.36796875 0.659375 0.35078125 0.6765625 0.33828125 0.65625 0.30703125 0.665625 0.28671875 0.6453125 0.27109375 0.6171875 0.21796875 0.590625 0.19765625 0.553125 0.13828125 0.52421875 0.1046875 0.48359375 0.0796875 0.45546875 0.078125 0.4515625 0.08359375 0.4578125 0.10390625 0.4515625 0.12890625 0.43984375 0.1421875 0.4203125 0.15078125 0.4234375 0.18984375 0.415625 0.21796875 0.4109375 0.29453125 0.4203125 0.28828125 0.43125 0.23671875 0.45234375 0.21875 0.50703125 0.284375 0.5421875 0.30546875 0.56328125 0.3578125 0.57578125 0.3625 0.58984375 0.3515625
4 0.3578125 0.23515625 0.365625 0.23046875 0.3625 0.19765625 0.3765625 0.17734375 0.41015625 0.1453125 0.42421875 0.1359375 0.43671875 0.1421875 0.4515625 0.12734375 0.453125 0.08828125 0.434375 0.06015625 0.44375 0.02265625 0.43984375 0.003125 0.4203125 0.01328125 0.41015625 0.059375 0.34296875 0.053125 0.22265625 0.075 0.2 0.09140625 0.18671875 0.1171875 0.1703125 0.12109375 0.1703125 0.13203125 0.184375 0.14296875 0.1875 0.17421875 0.20078125 0.196875 0.23046875 0.2046875 0.23984375 0.2046875 0.24765625 0.1921875 0.29609375 0.2 0.33046875 0.1859375 0.3515625 0.23203125
4 0.18125 0.61328125 0.19375 0.58203125 0.190625 0.55390625 0.221875 0.53984375 0.240625 0.49140625 0.271875 0.46328125 0.3046875 0.40234375 0.33125 0.37734375 0.3390625 0.28671875 0.3296875 0.25546875 0.3453125 0.24765625 0.33828125 0.2390625 0.32109375 0.246875 0.28828125 0.25 0.2671875 0.26328125 0.225 0.32578125 0.16875 0.44296875 0.1609375 0.46796875 0.1609375 0.50078125 0.1453125 0.51640625 0.134375 0.54296875 0.13984375 0.5515625 0.1515625 0.55078125 0.1515625 0.58359375 0.16484375 0.5875
4 0.5 0.81484375 0.50390625 0.796875 0.52265625 0.8109375 0.53125 0.80078125 0.525 0.68671875 0.5828125 0.64140625 0.56953125 0.628125 0.54609375 0.6328125 0.52578125 0.6234375 0.5140625 0.61171875 0.5046875 0.58515625 0.4984375 0.48203125 0.4765625 0.40078125 0.4921875 0.37265625 0.5328125 0.34140625 0.52109375 0.309375 0.46796875 0.3328125 0.43984375 0.3171875 0.41484375 0.3234375 0.390625 0.36015625 0.38125 0.42109375 0.3859375 0.52578125 0.4015625 0.59296875 0.453125 0.75234375 0.484375 0.80546875
4 0.7078125 0.40078125 0.734375 0.30078125 0.7546875 0.27734375 0.7609375 0.25859375 0.759375 0.21796875 0.75 0.18671875 0.7109375 0.12578125 0.68046875 0.103125 0.60234375 0.08125 0.57265625 0.0796875 0.56015625 0.06875 0.54140625 0.0640625 0.546875 0.09609375 0.534375 0.11171875 0.5859375 0.18984375 0.60078125 0.2046875 0.62734375 0.2171875 0.66484375 0.2578125 0.7015625 0.27421875 0.7078125 0.32578125 0.6953125 0.35859375 0.6953125 0.38046875
4 0.8203125 0.56015625 0.83203125 0.5484375 0.84140625 0.5484375 0.853125 0.52890625 0.871875 0.44453125 0.86875 0.25546875 0.85625 0.20078125 0.83671875 0.1703125 0.81640625 0.1734375 0.80625 0.18828125 0.7796875 0.30703125 0.78203125 0.3140625 0.790625 0.31328125 0.80078125 0.2796875 0.809375 0.36796875 0.796875 0.38828125 0.7953125 0.40546875 0.8125 0.45546875 0.809375 0.54609375
4 0.7328125 0.84609375 0.76640625 0.8265625 0.7984375 0.78984375 0.8546875 0.68203125 0.8609375 0.63203125 0.8875 0.59140625 0.88359375 0.5796875 0.8671875 0.58046875 0.85703125 0.53125 0.815625 0.58203125 0.7890625 0.63671875 0.7546875 0.66484375 0.73828125 0.6921875 0.709375 0.71171875 0.6953125 0.79765625 0.68046875 0.7953125 0.665625 0.80546875 0.68203125 0.8015625 0.71328125 0.84375
4 0.4328125 0.89765625 0.48203125 0.853125 0.50078125 0.85 0.5046875 0.82890625 0.440625 0.74765625 0.440625 0.71328125 0.4328125 0.68671875 0.4234375 0.68203125 0.41875 0.64453125 0.41015625 0.63125 0.4078125 0.66015625 0.3921875 0.70859375 0.38203125 0.721875 0.33671875 0.6875 0.29375 0.68359375 0.290625 0.64296875 0.3015625 0.56953125 0.29765625 0.565625 0.29140625 0.5734375 0.28359375 0.5546875 0.271875 0.59453125 0.265625 0.66640625 0.246875 0.69453125 0.2421875 0.71796875 0.2421875 0.77109375 0.2515625 0.79921875 0.30703125 0.8640625 0.33359375 0.875 0.41796875 0.8671875 0.4234375 0.87109375 0.4234375 0.89140625
4 0.1890625 0.79609375 0.2375 0.76796875 0.246875 0.69140625 0.2453125 0.66328125 0.225 0.63046875 0.21875 0.60234375 0.20859375 0.5875 0.19765625 0.5828125 0.1828125 0.62890625 0.16328125 0.634375 0.14140625 0.65 0.11015625 0.615625 0.09609375 0.615625 0.0953125 0.63515625 0.075 0.65703125 0.0703125 0.67109375 0.0703125 0.69921875 0.0984375 0.75234375
4 0.0765625 0.65703125 0.0875 0.64453125 0.09375 0.61328125 0.128125 0.57578125 0.12421875 0.5640625 0.10390625 0.575 0.090625 0.55859375 0.0953125 0.51015625 0.090625 0.40078125 0.09765625 0.390625 0.12421875 0.390625 0.128125 0.38046875 0.0921875 0.33671875 0.0953125 0.29140625 0.08984375 0.2359375 0.07265625 0.2546875 0.06484375 0.2515625 0.0578125 0.26015625 0.034375 0.43515625 0.0390625 0.59453125 0.053125 0.63828125