1 0.8015625 0.38828125 0.834375 0.34765625 0.83828125 0.33125 0.85625 0.33828125 0.8484375 0.20078125 0.83515625 0.18125 0.825 0.20078125 0.8078125 0.21640625 0.8046875 0.27578125 0.7796875 0.33828125 0.7796875 0.35859375 0.7612847222222223 0.4331597222222222 0.7664930555555557 0.4756944444444445 0.7196180555555556 0.506076388888889 0.7100694444444446 0.6848958333333334 0.75 0.6657986111111112 0.7560763888888887 0.6909722222222222 0.8194444444444443 0.7022569444444444 0.8203125 0.5902777777777778 0.8046875 0.4678819444444445 0.7890625000000002 0.4496527777777778
1 0.684375 0.39296875 0.703125 0.30390625 0.7453125 0.23359375 0.75078125 0.20625 0.70234375 0.2125 0.69453125 0.2296875 0.68359375 0.225 0.67578125 0.2125 0.62421875 0.2703125 0.5984375 0.28671875 0.63046875 0.284375 0.6625 0.30546875 0.68125 0.34140625 0.678125 0.38984375
4 0.5890625 0.28828125 0.62578125 0.265625 0.675 0.21015625 0.671875 0.12578125 0.659375 0.10546875 0.62578125 0.084375 0.57421875 0.0828125 0.47421875 0.09375 0.45625 0.10390625 0.44765625 0.1234375 0.43359375 0.109375 0.41796875 0.1078125 0.4125 0.11796875 0.428125 0.14140625 0.40625 0.17109375 0.4 0.19765625 0.41953125 0.2015625 0.425 0.21796875 0.45078125 0.234375 0.48359375 0.2375 0.50703125 0.2203125 0.52109375 0.2203125 0.56953125 0.24375 0.60859375 0.2453125 0.5765625 0.28046875 0.57734375 0.2875
4 0.6921875 0.22578125 0.69453125 0.2125 0.75390625 0.203125 0.78203125 0.184375 0.80234375 0.18125 0.815625 0.16796875 0.828125 0.14609375 0.8328125 0.12109375 0.828125 0.10234375 0.80703125 0.0703125 0.78828125 0.0671875 0.75703125 0.08125 0.70234375 0.084375 0.6859375 0.09296875 0.6734375 0.12109375 0.675 0.17734375 0.6828125 0.22109375
4 0.7265625 0.50390625 0.73828125 0.5 0.759375 0.47109375 0.7609375 0.42421875 0.7765625 0.34609375 0.8046875 0.27265625 0.8078125 0.21484375 0.825 0.19296875 0.82734375 0.1640625 0.80234375 0.1828125 0.78046875 0.1859375 0.75625 0.20546875 0.7375 0.25234375 0.7 0.31640625 0.684375 0.41015625 0.6890625 0.49609375 0.69453125 0.5046875 0.70546875 0.4984375
4 0.43125 0.49453125 0.47109375 0.4734375 0.48203125 0.4734375 0.484375 0.48671875 0.49296875 0.49375 0.50703125 0.49375 0.521875 0.48359375 0.53671875 0.459375 0.58359375 0.4671875 0.62109375 0.440625 0.64921875 0.4421875 0.6625 0.42734375 0.675 0.39453125 0.678125 0.34140625 0.6609375 0.30546875 0.64921875 0.29375 0.62265625 0.284375 0.60390625 0.2921875 0.57265625 0.29375 0.51328125 0.325 0.49453125 0.3203125 0.46953125 0.325 0.446875 0.35546875 0.421875 0.37265625 0.425 0.38046875 0.41875 0.39453125 0.43125 0.41171875 0.43125 0.42109375 0.4203125 0.48046875 0.421875 0.49296875
4 0.19375 0.58203125 0.203125 0.56796875 0.203125 0.51484375 0.2171875 0.46953125 0.22421875 0.465625 0.24296875 0.475 0.27578125 0.4734375 0.33984375 0.421875 0.35 0.42578125 0.378125 0.47734375 0.3890625 0.51328125 0.3984375 0.51796875 0.378125 0.39453125 0.4171875 0.39296875 0.415625 0.36953125 0.3875 0.33515625 0.4109375 0.27578125 0.4140625 0.22734375 0.40859375 0.2203125 0.38828125 0.2296875 0.37421875 0.2109375 0.36328125 0.2109375 0.35625 0.22890625 0.31484375 0.2828125 0.28828125 0.3 0.23203125 0.31875 0.20234375 0.3375 0.1859375 0.35703125 0.171875 0.39609375 0.1703125 0.42890625 0.1828125 0.48359375 0.184375 0.57734375
4 0.159375 0.45390625 0.1640625 0.44921875 0.16875 0.33984375 0.17265625 0.3328125 0.18515625 0.346875 0.1890625 0.32890625 0.178125 0.30546875 0.11953125 0.2328125 0.07578125 0.2234375 0.059375 0.23515625 0.0453125 0.26328125 0.0421875 0.29296875 0.046875 0.32109375 0.065625 0.36328125 0.08671875 0.3890625 0.0921875 0.38828125 0.090625 0.37265625 0.08125 0.35078125 0.1140625 0.35703125 0.121875 0.37421875 0.128125 0.43203125 0.13203125 0.4359375 0.13828125 0.4234375 0.15 0.45078125
4 0.1921875 0.86171875 0.20390625 0.8609375 0.221875 0.84765625 0.240625 0.80546875 0.240625 0.78828125 0.209375 0.68671875 0.1953125 0.67265625 0.1890625 0.65546875 0.18046875 0.6515625 0.17265625 0.703125 0.14296875 0.6984375 0.11796875 0.7046875 0.0984375 0.66796875 0.08984375 0.665625 0.0734375 0.71953125 0.0609375 0.73984375 0.053125 0.77265625 0.05625 0.79609375 0.08828125 0.8203125 0.11640625 0.8265625 0.17265625 0.8609375
4 0.7375 0.83828125 0.75703125 0.8375 0.79765625 0.81875 0.83671875 0.8125 0.8625 0.79453125 0.8703125 0.77265625 0.8640625 0.74296875 0.8421875 0.72421875 0.83203125 0.70625 0.81953125 0.7046875 0.80234375 0.715625 0.78203125 0.696875 0.75546875 0.6984375 0.74921875 0.6734375 0.715625 0.68203125 0.715625 0.69921875 0.703125 0.72109375 0.690625 0.76796875 0.69375 0.80078125 0.703125 0.82109375 0.72109375 0.8359375
4 0.8765625 0.76640625 0.8859375 0.75859375 0.884375 0.71953125 0.89375 0.66796875 0.884375 0.65390625 0.884375 0.61484375 0.875 0.57265625 0.8703125 0.41640625 0.853125 0.34921875 0.84296875 0.3375 0.8046875 0.39140625 0.7984375 0.45078125 0.80390625 0.4546875 0.8171875 0.44140625 0.8140625 0.49921875 0.8265625 0.62265625 0.8234375 0.66796875 0.834375 0.70546875 0.85625 0.72421875