4 0.6046875 0.43203125 0.61875 0.42109375 0.6171875 0.36015625 0.62734375 0.3203125 0.66015625 0.3328125 0.69921875 0.30625 0.70625 0.31953125 0.70546875 0.3484375 0.72421875 0.340625 0.73828125 0.346875 0.74375 0.34296875 0.7546875 0.29921875 0.77734375 0.2875 0.7859375 0.27265625 0.7703125 0.22109375 0.7765625 0.20703125 0.76953125 0.1953125 0.66640625 0.153125 0.63359375 0.1546875 0.59765625 0.1734375 0.584375 0.18828125 0.5625 0.22421875 0.5578125 0.26015625 0.5703125 0.29296875 0.6078125 0.34609375 0.6078125 0.36640625 0.5953125 0.37421875 0.5921875 0.38828125 0.5953125 0.42265625
4 0.378125 0.31015625 0.425 0.29453125 0.42109375 0.2796875 0.38984375 0.278125 0.3859375 0.26796875 0.409375 0.24921875 0.43046875 0.2171875 0.44296875 0.2109375 0.45546875 0.24375 0.48515625 0.2484375 0.49375 0.22890625 0.4921875 0.20234375 0.5546875 0.14140625 0.5578125 0.12890625 0.525 0.08515625 0.5296875 0.06328125 0.52578125 0.0421875 0.5078125 0.05546875 0.50234375 0.0734375 0.46328125 0.06875 0.44609375 0.08125 0.37265625 0.10625 0.31875 0.16953125 0.3 0.21484375 0.2953125 0.23984375 0.2984375 0.27421875 0.30625 0.28984375 0.32265625 0.303125 0.36171875 0.3
4 0.1546875 0.35078125 0.171875 0.30859375 0.1765625 0.25703125 0.21953125 0.2609375 0.23671875 0.253125 0.26328125 0.228125 0.271875 0.23203125 0.2859375 0.27265625 0.2875 0.31796875 0.296875 0.33203125 0.3 0.28984375 0.2921875 0.24609375 0.3015625 0.20234375 0.31875 0.16640625 0.359375 0.11484375 0.32421875 0.0515625 0.3171875 0.05859375 0.31171875 0.0828125 0.28359375 0.0953125 0.21015625 0.1046875 0.17109375 0.1328125 0.153125 0.15546875 0.140625 0.21328125 0.153125 0.26328125
4 0.0453125 0.50703125 0.0578125 0.46015625 0.09375 0.39296875 0.090625 0.36015625 0.1109375 0.22890625 0.1375 0.20859375 0.1421875 0.19140625 0.1421875 0.17890625 0.10390625 0.1421875 0.09296875 0.1453125 0.071875 0.17421875 0.04375 0.28828125 0.028125 0.46328125
4 0.21875 0.88671875 0.234375 0.83203125 0.2640625 0.80078125 0.2609375 0.78515625 0.2484375 0.76953125 0.21640625 0.7484375 0.1953125 0.71640625 0.2 0.63984375 0.19296875 0.6203125 0.1796875 0.64140625 0.178125 0.68203125 0.16484375 0.7046875 0.15546875 0.7078125 0.12578125 0.6890625 0.11640625 0.6890625 0.08828125 0.7109375 0.07109375 0.703125 0.0578125 0.73828125 0.06875 0.80078125 0.08828125 0.8203125 0.11640625 0.8328125 0.17578125 0.8359375 0.20234375 0.846875 0.2125 0.88359375
4 0.05625 0.72734375 0.07109375 0.7 0.0890625 0.70390625 0.0859375 0.67578125 0.090625 0.66953125 0.0828125 0.65859375 0.0828125 0.63203125 0.1046875 0.58671875 0.11875 0.51953125 0.14296875 0.515625 0.165625 0.52421875 0.146875 0.48359375 0.1546875 0.47578125 0.1546875 0.46484375 0.134375 0.44140625 0.121875 0.40234375 0.11015625 0.396875 0.09296875 0.396875 0.0828125 0.40703125 0.0578125 0.45859375 0.0453125 0.50234375 0.03125 0.68671875 0.046875 0.72265625
4 0.290625 0.73359375 0.2921875 0.70234375 0.30859375 0.7046875 0.32265625 0.69375 0.33515625 0.69375 0.3390625 0.66796875 0.290625 0.54453125 0.3015625 0.51015625 0.3 0.46640625 0.29453125 0.45625 0.28828125 0.45625 0.2859375 0.48203125 0.2671875 0.48671875 0.2546875 0.41328125 0.2390625 0.38828125 0.2296875 0.35703125 0.2453125 0.31640625 0.2734375 0.27890625 0.26484375 0.2734375 0.2421875 0.28671875 0.2546875 0.26015625 0.25078125 0.2484375 0.20390625 0.296875 0.18359375 0.3015625 0.1703125 0.31484375 0.1515625 0.37265625 0.153125 0.42578125 0.1625 0.48828125 0.178125 0.53984375 0.228125 0.64609375 0.2734375 0.68671875
4 0.4796875 0.74765625 0.5109375 0.72109375 0.54375 0.65234375 0.5640625 0.55078125 0.584375 0.37265625 0.59140625 0.3640625 0.60234375 0.3640625 0.60625 0.35234375 0.6015625 0.33515625 0.575 0.30390625 0.55390625 0.2578125 0.540625 0.26484375 0.51015625 0.34375 0.49296875 0.3375 0.46484375 0.309375 0.46015625 0.31875 0.446875 0.32265625 0.4515625 0.33984375 0.471875 0.35546875 0.490625 0.41328125 0.4515625 0.51328125 0.4390625 0.60859375 0.40859375 0.60625 0.38046875 0.5765625 0.371875 0.57734375 0.371875 0.59453125 0.3640625 0.59921875 0.3734375 0.62421875 0.40546875 0.6609375 0.4203125 0.66796875 0.428125 0.71015625 0.440625 0.73359375 0.45546875 0.7453125
4 0.6328125 0.73046875 0.63515625 0.7234375 0.64765625 0.7234375 0.6515625 0.71796875 0.6328125 0.67109375 0.6328125 0.61640625 0.671875 0.57734375 0.69375 0.51953125 0.71015625 0.534375 0.7265625 0.51640625 0.725 0.48203125 0.7328125 0.43515625 0.7578125 0.36796875 0.74765625 0.3484375 0.73671875 0.3515625 0.72109375 0.3453125 0.68359375 0.3546875 0.6578125 0.39921875 0.6046875 0.43984375 0.5703125 0.51796875 0.55625 0.63046875 0.5625 0.64453125 0.596875 0.67109375 0.6140625 0.71640625
4 0.553125 0.89921875 0.5546875 0.88046875 0.546875 0.85234375 0.5671875 0.83359375 0.56875 0.82421875 0.546875 0.78828125 0.51875 0.76171875 0.55 0.68359375 0.54609375 0.675 0.5328125 0.68359375 0.50625 0.72890625 0.47890625 0.75 0.45078125 0.746875 0.41953125 0.7140625 0.38203125 0.7140625 0.35703125 0.7265625 0.34453125 0.7265625 0.33359375 0.6984375 0.32421875 0.6984375 0.3015625 0.71328125 0.2890625 0.76640625 0.290625 0.80390625 0.3046875 0.84296875 0.32421875 0.8640625 0.36796875 0.8859375 0.41640625 0.8859375 0.45234375 0.8765625 0.53046875 0.8796875 0.54765625 0.9
1 0.71875 0.82578125 0.74921875 0.821875 0.81796875 0.7984375 0.84765625 0.784375 0.853125 0.77265625 0.8578125 0.40703125 0.84375 0.19296875 0.81171875 0.1734375 0.78515625 0.171875 0.78046875 0.1609375 0.771875 0.16796875 0.76875 0.18828125 0.7796875 0.21015625 0.775 0.22734375 0.7890625 0.27109375 0.7828125 0.28515625 0.7578125 0.30390625 0.7515625 0.34609375 0.7609375 0.36171875 0.7609375 0.38046875 0.7453125 0.41640625 0.74921875 0.4328125 0.75390625 0.4046875 0.759375 0.42421875 0.75625 0.63203125 0.75390625 0.6359375 0.74921875 0.59375 0.7390625 0.69765625 0.73515625 0.6875 0.728125 0.69140625 0.7265625 0.71953125 0.7328125 0.74296875 0.73125 0.75234375 0.725 0.75390625 0.7234375 0.79140625 0.71796875 0.765625 0.7125 0.76953125 0.7171875 0.78046875 0.709375 0.78515625 0.7078125 0.82421875