4 0.4921875 0.42109375 0.5015625 0.39765625 0.5125 0.30703125 0.5359375 0.26796875 0.540625 0.24765625 0.5421875 0.19609375 0.5328125 0.16171875 0.521875 0.14140625 0.46640625 0.0921875 0.43515625 0.0828125 0.40859375 0.0828125 0.35234375 0.09375 0.3390625 0.08828125 0.340625 0.06640625 0.33046875 0.0625 0.2984375 0.10859375 0.275 0.12890625 0.2796875 0.16171875 0.309375 0.20078125 0.2953125 0.30390625 0.29921875 0.30625 0.30625 0.29609375 0.315625 0.26171875 0.33359375 0.2328125 0.3390625 0.24140625 0.33125 0.31015625 0.33359375 0.3484375 0.34375 0.33671875 0.353125 0.28515625 0.37734375 0.246875 0.38984375 0.25 0.42265625 0.275 0.47265625 0.275 0.4796875 0.30234375 0.4734375 0.38828125 0.475 0.39921875 0.484375 0.40234375
1 0.7078125 0.55390625 0.7203125 0.49609375 0.721875 0.39609375 0.734375 0.36171875 0.69921875 0.315625 0.69375 0.36640625 0.68359375 0.3734375 0.6796875 0.36953125 0.675 0.33203125 0.6625 0.32265625 0.6640625 0.24765625 0.61171875 0.20625 0.6 0.21640625 0.6109375 0.22109375 0.6046875 0.22421875 0.6125 0.22890625 0.60625 0.23203125 0.61875 0.23515625 0.6171875 0.25390625 0.6046875 0.25546875 0.6171875 0.25859375 0.6171875 0.26796875 0.6046875 0.27109375 0.6171875 0.27421875 0.6171875 0.28515625 0.6046875 0.28828125 0.6171875 0.28828125 0.6171875 0.29921875 0.60625 0.30234375 0.61640625 0.3046875 0.61875 0.31484375 0.60625 0.31796875 0.61875 0.32265625 0.6140625 0.36484375 0.6234375 0.38515625 0.61875 0.39609375 0.6328125 0.39921875 0.63046875 0.4078125 0.621875 0.40390625 0.6203125 0.41328125 0.6328125 0.41484375 0.6328125 0.42421875 0.625 0.42890625 0.634375 0.43203125 0.6359375 0.47578125 0.646875 0.47890625 0.6421875 0.48359375 0.6453125 0.50390625 0.66640625 0.509375 0.665625 0.52265625 0.678125 0.52578125 0.6734375 0.53828125 0.67890625 0.54375 0.70234375 0.5390625
1 0.6328125000000002 0.8325892857142858 0.6395089285714287 0.8448660714285715 0.7015625 0.82890625 0.675 0.76015625 0.6828125 0.75703125 0.6984375 0.71484375 0.7296875 0.68671875 0.73671875 0.66875 0.77265625 0.6484375 0.778125 0.66328125 0.7640625 0.69140625 0.77734375 0.6984375 0.79375 0.69765625 0.79375 0.68046875 0.8046875 0.66796875 0.790625 0.63671875 0.7953125 0.61640625 0.790625 0.60078125 0.75703125 0.5609375 0.74921875 0.5578125 0.7375 0.56953125 0.7265625 0.61484375 0.71796875 0.628125 0.703125 0.61328125 0.696875 0.57578125 0.69140625 0.571875 0.68671875 0.590625 0.6640625 0.59296875 0.67890625 0.5953125 0.67890625 0.6 0.65234375 0.60625 0.64921875 0.621875 0.634375 0.62265625 0.6390625 0.62734375 0.6296875 0.63984375 0.64921875 0.6421875 0.6484375 0.64921875 0.63671875 0.6453125 0.62890625 0.6546875 0.62421875 0.6453125 0.615625 0.65546875 0.61875 0.66328125 0.61015625 0.6671875 0.60703125 0.6625 0.5984375 0.67109375 0.60078125 0.6828125 0.5890625 0.67578125 0.5890625 0.69921875 0.5828125 0.70234375 0.5658482142857143 0.7109375000000001 0.5680803571428572 0.7455357142857144 0.5937500000000001 0.7589285714285715 0.6183035714285715 0.728794642857143 0.6015625000000001 0.7879464285714286 0.6294642857142858 0.7901785714285715 0.6294642857142858 0.8058035714285715 0.6294642857142858 0.8247767857142858
4 0.0984375 0.27734375 0.12265625 0.246875 0.14765625 0.2546875 0.18984375 0.225 0.20859375 0.225 0.234375 0.21015625 0.2421875 0.14140625 0.22578125 0.1046875 0.19296875 0.103125 0.13828125 0.125 0.10078125 0.1484375 0.0625 0.18828125 0.0609375 0.20546875 0.0671875 0.21015625 0.0640625 0.24921875 0.07421875 0.2578125 0.08671875 0.25625 0.0921875 0.27734375
4 0.184375 0.39921875 0.225 0.37265625 0.246875 0.34921875 0.25625 0.32421875 0.25625 0.27578125 0.246875 0.23828125 0.2640625 0.19453125 0.26328125 0.1640625 0.2515625 0.16484375 0.240625 0.20859375 0.2203125 0.22265625 0.21015625 0.2453125 0.18046875 0.2375 0.14296875 0.2609375 0.12265625 0.2484375 0.0765625 0.31015625 0.0671875 0.35234375 0.08828125 0.384375 0.10703125 0.3921875 0.13671875 0.3859375 0.16171875 0.3984375
4 0.05625 0.74921875 0.078125 0.72421875 0.084375 0.70390625 0.0921875 0.52265625 0.0875 0.43671875 0.1 0.41171875 0.1 0.40078125 0.06015625 0.35 0.05 0.36171875 0.0359375 0.41171875 0.03125 0.48515625 0.034375 0.65078125 0.046875 0.73203125
4 0.109375 0.78046875 0.1359375 0.73515625 0.16875 0.63046875 0.1859375 0.52421875 0.1859375 0.47421875 0.175 0.43828125 0.16015625 0.4234375 0.14453125 0.421875 0.12890625 0.409375 0.121875 0.41171875 0.121875 0.50546875 0.10625 0.56015625 0.1 0.61640625 0.084375 0.65859375 0.0921875 0.76484375 0.10234375 0.78125
4 0.2609375 0.86796875 0.28515625 0.8609375 0.3015625 0.84453125 0.31875 0.75546875 0.31015625 0.7734375 0.29375 0.73203125 0.2265625 0.66953125 0.21953125 0.65625 0.21328125 0.65625 0.2125 0.67109375 0.2328125 0.69765625 0.234375 0.71171875 0.18359375 0.7265625 0.16171875 0.696875 0.14921875 0.6953125 0.1109375 0.80078125 0.1234375 0.82734375 0.14453125 0.8453125 0.17578125 0.8453125 0.21796875 0.8640625
4 0.684375 0.36953125 0.690625 0.36015625 0.6921875 0.32109375 0.71328125 0.2578125 0.73359375 0.259375 0.76328125 0.2453125 0.80703125 0.278125 0.8328125 0.28984375 0.8265625 0.18046875 0.79921875 0.14375 0.75703125 0.1234375 0.68359375 0.128125 0.62109375 0.1125 0.6171875 0.11953125 0.628125 0.14453125 0.6046875 0.16953125 0.603125 0.18515625 0.62578125 0.215625 0.665625 0.24140625 0.6640625 0.31953125 0.6765625 0.32578125 0.678125 0.36015625
4 0.8625 0.51328125 0.871875 0.47109375 0.8734375 0.42421875 0.85 0.33359375 0.8390625 0.30859375 0.82109375 0.2875 0.75703125 0.2453125 0.70546875 0.2859375 0.7 0.29765625 0.70625 0.32265625 0.740625 0.35390625 0.7265625 0.39921875 0.73828125 0.396875 0.75859375 0.371875 0.77421875 0.390625 0.79296875 0.39375 0.8109375 0.41015625
4 0.85625 0.69140625 0.8703125 0.66328125 0.871875 0.62890625 0.85625 0.51015625 0.8046875 0.40859375 0.76328125 0.390625 0.74453125 0.3921875 0.7234375 0.42578125 0.7203125 0.44296875 0.7234375 0.49765625 0.7015625 0.59140625 0.709375 0.61953125 0.71328125 0.625 0.71875 0.62265625 0.734375 0.56640625 0.75390625 0.55 0.7625 0.56953125 0.8046875 0.60390625 0.7984375 0.63828125 0.803125 0.66015625 0.82421875 0.659375
4 0.76875 0.83984375 0.80703125 0.81875 0.83984375 0.809375 0.8515625 0.80078125 0.85546875 0.7890625 0.8640625 0.79921875 0.8515625 0.73359375 0.8234375 0.67421875 0.81171875 0.6703125 0.796875 0.68046875 0.803125 0.69296875 0.80078125 0.7046875 0.759375 0.69453125 0.759375 0.68359375 0.775 0.66640625 0.77265625 0.65 0.73671875 0.6703125 0.7296875 0.68984375 0.703125 0.71171875 0.6875 0.74453125 0.6828125 0.77109375 0.690625 0.80078125 0.70859375 0.8265625 0.74296875 0.840625