4 0.2578125 0.38359375 0.2671875 0.36640625 0.271875 0.27578125 0.29375 0.22421875 0.29375 0.18359375 0.30625 0.15703125 0.3046875 0.13984375 0.29296875 0.134375 0.29296875 0.1515625 0.26796875 0.121875 0.22734375 0.1015625 0.20234375 0.1015625 0.12109375 0.1390625 0.11484375 0.1265625 0.0953125 0.18828125 0.1125 0.24921875 0.18359375 0.2421875 0.21484375 0.25625 0.23828125 0.25625 0.2515625 0.30546875 0.25 0.37578125 0.2515625 0.38359375
4 0.178125 0.45859375 0.20546875 0.4171875 0.23046875 0.4125 0.2421875 0.39921875 0.2484375 0.38359375 0.2515625 0.33203125 0.2453125 0.29765625 0.23125 0.27421875 0.20546875 0.25 0.16796875 0.2421875 0.1125 0.25703125 0.103125 0.27734375 0.0953125 0.27578125 0.0859375 0.32734375 0.1046875 0.36484375 0.11015625 0.4078125 0.12421875 0.40625 0.14296875 0.3828125 0.1828125 0.39921875 0.1828125 0.43046875 0.1734375 0.45078125
4 0.0734375 0.78515625 0.08984375 0.75625 0.10078125 0.759375 0.1078125 0.75390625 0.09375 0.72734375 0.1 0.67890625 0.11875 0.63515625 0.1359375 0.52890625 0.153125 0.50078125 0.165625 0.49765625 0.146875 0.43515625 0.12265625 0.4078125 0.10859375 0.4109375 0.090625 0.43828125 0.059375 0.55546875 0.0421875 0.69921875 0.0625 0.77734375
4 0.128125 0.78046875 0.15 0.75078125 0.165625 0.69765625 0.190625 0.65234375 0.228125 0.54453125 0.25 0.51484375 0.2921875 0.47890625 0.26640625 0.471875 0.2421875 0.42578125 0.22890625 0.4171875 0.20390625 0.425 0.1703125 0.47421875 0.1734375 0.50859375 0.1546875 0.51015625 0.128125 0.59140625 0.1109375 0.66171875 0.1125 0.69140625 0.10625 0.71796875 0.11875 0.77421875
4 0.2140625 0.83828125 0.2375 0.74453125 0.246875 0.72734375 0.284375 0.69765625 0.3109375 0.63671875 0.32109375 0.634375 0.3359375 0.64609375 0.36328125 0.69375 0.3671875 0.67734375 0.35625 0.63984375 0.37265625 0.659375 0.378125 0.65703125 0.3703125 0.62734375 0.3390625 0.57265625 0.3375 0.52109375 0.3265625 0.50078125 0.3078125 0.48671875 0.30234375 0.471875 0.2421875 0.52578125 0.2234375 0.55390625 0.1484375 0.75703125 0.1515625 0.77734375 0.16953125 0.815625 0.2046875 0.78828125 0.2078125 0.83828125
4 0.4 0.88046875 0.48203125 0.8421875 0.50078125 0.84375 0.51171875 0.859375 0.52109375 0.859375 0.53046875 0.84375 0.55078125 0.859375 0.5546875 0.83046875 0.55 0.81015625 0.5765625 0.79453125 0.5640625 0.76015625 0.5078125 0.71796875 0.51484375 0.6078125 0.509375 0.61171875 0.5 0.65390625 0.4859375 0.67109375 0.48359375 0.5921875 0.475 0.60078125 0.4734375 0.64453125 0.4578125 0.70078125 0.44921875 0.7125 0.38046875 0.7046875 0.32578125 0.746875 0.28359375 0.7296875 0.26796875 0.7171875 0.2515625 0.72578125 0.2890625 0.78515625 0.2890625 0.82109375 0.3078125 0.86171875 0.34140625 0.8796875
4 0.825 0.64609375 0.846875 0.63046875 0.8578125 0.58359375 0.8546875 0.53203125 0.8421875 0.50859375 0.78515625 0.4609375 0.73359375 0.43125 0.71015625 0.4265625 0.68515625 0.4421875 0.66953125 0.44375 0.65546875 0.415625 0.62890625 0.415625 0.6265625 0.43828125 0.6421875 0.46328125 0.6203125 0.48046875 0.6171875 0.51171875 0.6296875 0.53359375 0.64453125 0.54375 0.66015625 0.5375 0.68359375 0.546875 0.70703125 0.575 0.79765625 0.621875 0.81640625 0.64375
4 0.7734375 0.37265625 0.784375 0.34765625 0.7921875 0.29140625 0.809375 0.25390625 0.809375 0.21640625 0.7953125 0.17421875 0.75390625 0.1234375 0.73359375 0.1140625 0.63515625 0.0984375 0.61640625 0.071875 0.6140625 0.08671875 0.621875 0.11171875 0.60703125 0.13125 0.590625 0.13828125 0.590625 0.15390625 0.6109375 0.18046875 0.646875 0.21171875 0.61875 0.26328125 0.6203125 0.26953125 0.63359375 0.2765625 0.65078125 0.2578125 0.6578125 0.26328125 0.65546875 0.30625 0.665625 0.29609375 0.68671875 0.2375 0.69609375 0.2390625 0.71796875 0.265625 0.75234375 0.275 0.759375 0.29453125 0.759375 0.35703125 0.7625 0.36640625
4 0.871875 0.69609375 0.8734375 0.58671875 0.86640625 0.565625 0.8453125 0.63515625 0.815625 0.65390625 0.8140625 0.66953125 0.83046875 0.6875 0.85234375 0.6875
4 0.8671875 0.53671875 0.865625 0.44296875 0.853125 0.38671875 0.84296875 0.3734375 0.81640625 0.3640625 0.78828125 0.3390625 0.784375 0.36015625 0.8046875 0.40390625 0.8125 0.47734375 0.8453125 0.51171875 0.85625 0.53515625
4 0.85 0.80234375 0.8734375 0.78359375 0.8828125 0.76796875 0.88125 0.73203125 0.8703125 0.70390625 0.85390625 0.6890625 0.83984375 0.69375 0.80859375 0.6796875 0.78359375 0.653125 0.74453125 0.65 0.740625 0.69609375 0.73515625 0.7078125 0.721875 0.71171875 0.721875 0.72265625 0.76171875 0.7703125 0.77578125 0.7765625 0.79296875 0.775 0.83046875 0.8015625
1 0.5859375 0.85078125 0.74140625 0.8234375 0.775 0.80234375 0.775 0.78203125 0.7484375 0.76328125 0.7328125 0.73515625 0.71875 0.72265625 0.7203125 0.71015625 0.7390625 0.69296875 0.7375 0.64140625 0.74296875 0.634375 0.7515625 0.63515625 0.753125 0.60546875 0.70390625 0.5765625 0.68359375 0.553125 0.67109375 0.5484375 0.6515625 0.55390625 0.6640625 0.55703125 0.665625 0.58828125 0.66796875 0.5921875 0.67109375 0.584375 0.671875 0.59296875 0.65078125 0.5953125 0.64609375 0.6109375 0.63828125 0.596875 0.6328125 0.63203125 0.62109375 0.625 0.6140625 0.63828125 0.6171875 0.64765625 0.60546875 0.640625 0.5921875 0.65546875 0.60078125 0.6578125 0.6015625 0.66484375 0.5890625 0.67734375 0.6015625 0.67890625 0.59609375 0.6875 0.5890625 0.68359375 0.5859375 0.72421875 0.58046875 0.7328125 0.57578125 0.7171875 0.571875 0.74140625 0.559375 0.74765625 0.5796875 0.78359375 0.5796875 0.79765625 0.5640625 0.81953125 0.5703125 0.82421875 0.5640625 0.84765625