4 0.378125 0.29140625 0.43203125 0.2875 0.49296875 0.2328125 0.51328125 0.228125 0.51484375 0.24375 0.54375 0.22734375 0.546875 0.18671875 0.5828125 0.14921875 0.5734375 0.12734375 0.55 0.10234375 0.54921875 0.08125 0.52578125 0.0859375 0.52109375 0.10625 0.49296875 0.1015625 0.45703125 0.1296875 0.43984375 0.125 0.40390625 0.128125 0.409375 0.10703125 0.40078125 0.103125 0.35625 0.13984375 0.334375 0.17265625 0.3203125 0.24453125 0.33125 0.25390625 0.34296875 0.284375
4 0.7953125 0.25859375 0.8265625 0.23515625 0.8203125 0.20390625 0.825 0.18203125 0.81875 0.17265625 0.79453125 0.15 0.74765625 0.121875 0.67421875 0.096875 0.64609375 0.0953125 0.640625 0.08671875 0.65 0.08359375 0.65 0.07421875 0.64609375 0.0671875 0.63828125 0.0671875 0.6328125 0.08515625 0.6390625 0.10703125 0.61875 0.13515625 0.621875 0.18203125 0.5890625 0.25078125 0.60078125 0.25 0.63359375 0.215625 0.68515625 0.2015625 0.72109375 0.21875 0.75390625 0.225 0.77890625 0.253125
4 0.66875 0.46328125 0.671875 0.45546875 0.6609375 0.41484375 0.6625 0.35703125 0.68359375 0.359375 0.71171875 0.3421875 0.72734375 0.3515625 0.75390625 0.34375 0.77109375 0.3453125 0.8046875 0.31953125 0.7921875 0.29140625 0.79375 0.26484375 0.75078125 0.2234375 0.72421875 0.2203125 0.68671875 0.2015625 0.65546875 0.20625 0.62421875 0.221875 0.584375 0.27890625 0.590625 0.28828125 0.5953125 0.33046875 0.6328125 0.38359375 0.64375 0.44453125
4 0.7765625 0.47421875 0.82578125 0.4734375 0.83359375 0.46875 0.85 0.45234375 0.8703125 0.40546875 0.86875 0.35234375 0.8375 0.29453125 0.8296875 0.25546875 0.81953125 0.25 0.8140625 0.25078125 0.8125 0.26171875 0.828125 0.32421875 0.80546875 0.321875 0.76953125 0.353125 0.75859375 0.3453125 0.73046875 0.353125 0.71171875 0.3484375 0.7109375 0.36171875 0.7265625 0.37734375 0.69453125 0.3953125 0.684375 0.41015625 0.6859375 0.42890625 0.70234375 0.440625 0.71796875 0.4390625 0.73359375 0.4484375 0.74453125 0.4734375
4 0.825 0.67109375 0.84140625 0.65 0.84765625 0.6578125 0.8515625 0.65546875 0.853125 0.62265625 0.8703125 0.58359375 0.865625 0.53046875 0.82578125 0.4765625 0.74453125 0.475 0.7359375 0.45078125 0.71171875 0.4390625 0.7046875 0.44765625 0.703125 0.46796875 0.6921875 0.47109375 0.7 0.49296875 0.6921875 0.51328125 0.675 0.52890625 0.6734375 0.55078125 0.67890625 0.559375 0.721875 0.58203125 0.71953125 0.6078125 0.74921875 0.615625 0.77421875 0.5984375 0.80390625 0.6234375 0.83046875 0.6203125 0.828125 0.64609375 0.8171875 0.66171875
4 0.6640625 0.79140625 0.6765625 0.78203125 0.68515625 0.7609375 0.72109375 0.7484375 0.75078125 0.771875 0.78515625 0.7640625 0.7953125 0.76953125 0.80234375 0.7859375 0.81328125 0.790625 0.83515625 0.775 0.84609375 0.7875 0.8640625 0.76171875 0.8609375 0.74921875 0.86875 0.73359375 0.8671875 0.71796875 0.76953125 0.61875 0.74453125 0.6171875 0.73046875 0.609375 0.70546875 0.6140625 0.69296875 0.609375 0.6921875 0.62890625 0.68125 0.65390625 0.6765625 0.72578125 0.6546875 0.77734375 0.65625 0.78984375
4 0.2765625 0.79765625 0.3078125 0.77890625 0.315625 0.68671875 0.2703125 0.64453125 0.25 0.59140625 0.2234375 0.55546875 0.2140625 0.51328125 0.18125 0.46640625 0.1875 0.44296875 0.17734375 0.421875 0.1484375 0.48515625 0.14375 0.55390625 0.15 0.58671875 0.190625 0.68203125 0.234375 0.76484375 0.26328125 0.7953125
4 0.0625 0.79296875 0.0828125 0.77421875 0.1125 0.71640625 0.16015625 0.6828125 0.178125 0.65703125 0.1484375 0.58359375 0.14140625 0.5453125 0.109375 0.57734375 0.0828125 0.65234375 0.0625 0.68828125 0.0578125 0.75703125 0.0578125 0.79140625
4 0.053125 0.76171875 0.0609375 0.73984375 0.0625 0.68515625 0.09375 0.62109375 0.0890625 0.57578125 0.0953125 0.48515625 0.0875 0.40078125 0.1015625 0.36484375 0.1265625 0.33515625 0.12578125 0.3015625 0.08828125 0.3203125 0.08203125 0.3296875 0.06015625 0.3265625 0.0421875 0.35390625 0.034375 0.38671875 0.03125 0.66171875 0.0421875 0.74453125
4 0.209375 0.85703125 0.26328125 0.8390625 0.2828125 0.82265625 0.2828125 0.79921875 0.26328125 0.7953125 0.240625 0.77421875 0.18515625 0.678125 0.11953125 0.7109375 0.1078125 0.72421875 0.0796875 0.77890625 0.0734375 0.81796875 0.08671875 0.834375 0.11171875 0.8453125 0.14921875 0.840625 0.18515625 0.85625
1 0.521875 0.85859375 0.59921875 0.853125 0.71015625 0.834375 0.79921875 0.80625 0.803125 0.78984375 0.78515625 0.76875 0.74921875 0.7734375 0.71796875 0.753125 0.68984375 0.7625 0.67578125 0.7921875 0.65546875 0.79375 0.653125 0.77734375 0.6734375 0.72265625 0.66484375 0.7140625 0.65546875 0.73125 0.634375 0.73984375 0.63203125 0.7515625 0.62421875 0.7375 0.61484375 0.75 0.60859375 0.7390625 0.59765625 0.7515625 0.58984375 0.7453125 0.58515625 0.759375 0.57734375 0.7515625 0.56875 0.76171875 0.56953125 0.7734375 0.56171875 0.753125 0.55234375 0.775 0.55078125 0.76875 0.540625 0.77109375 0.5359375 0.77734375 0.5390625 0.78984375 0.5171875 0.80859375 0.5140625 0.82890625 0.5234375 0.83203125 0.51875 0.84453125 0.496875 0.85546875