1 0.5296875 0.86015625 0.628125 0.84453125 0.596875 0.78515625 0.565625 0.76328125 0.565625 0.75546875 0.578125 0.74609375 0.5734375 0.70859375 0.5890625 0.60390625 0.5859375 0.56015625 0.6 0.52265625 0.60390625 0.5171875 0.62265625 0.515625 0.6375 0.52265625 0.63984375 0.56875 0.65703125 0.553125 0.6671875 0.55859375 0.6640625 0.59140625 0.64375 0.62890625 0.6453125 0.64140625 0.659375 0.68359375 0.6875 0.70859375 0.70234375 0.7421875 0.696875 0.66328125 0.72421875 0.6265625 0.76875 0.60859375 0.765625 0.58984375 0.77109375 0.584375 0.79453125 0.584375 0.80625 0.57109375 0.803125 0.47734375 0.8109375 0.39609375 0.80078125 0.3796875 0.78515625 0.384375 0.7671875 0.40234375 0.76875 0.49296875 0.75390625 0.5109375 0.7421875 0.50703125 0.7104166666666666 0.5020833333333334 0.7020833333333334 0.478125 0.7010416666666666 0.459375 0.7010416666666666 0.4552083333333334 0.69375 0.446875 0.69609375 0.4375 0.68203125 0.4390625 0.66953125 0.453125 0.66015625 0.4546875 0.65234375 0.44375 0.64765625 0.446875 0.63671875 0.4296875 0.63359375 0.4375 0.61953125 0.4296875 0.61640625 0.45 0.6125 0.42421875 0.62734375 0.4234375 0.6296875 0.41640625 0.62734375 0.4078125 0.61953125 0.4078125 0.61640625 0.41875 0.615625 0.40859375 0.61015625 0.4078125 0.603125 0.41484375 0.603125 0.42890625 0.58828125 0.4296875 0.5859375 0.43828125 0.5796875 0.43828125 0.5859375 0.44296875 0.571875 0.44921875 0.56953125 0.4640625 0.55859375 0.459375 0.55390625 0.46875 0.54296875 0.4546875 0.53515625 0.478125 0.5328125 0.46640625 0.525 0.46328125 0.5234375 0.52265625 0.5171875 0.51796875 0.51484375 0.490625 0.509375 0.49453125 0.50390625 0.5390625 0.496875 0.53671875 0.5 0.52421875 0.49375 0.52421875 0.490625 0.55390625 0.503125 0.56171875 0.5125 0.58671875 0.5171875 0.65546875 0.49375 0.72265625 0.4703125 0.83984375 0.47578125 0.8609375
4 0.421875 0.94140625 0.4453125 0.93203125 0.4640625 0.89140625 0.46875 0.83359375 0.4921875 0.72109375 0.5140625 0.65859375 0.5078125 0.58203125 0.503125 0.57109375 0.48359375 0.5578125 0.46171875 0.5625 0.4453125 0.58671875 0.434375 0.67578125 0.41875 0.71015625 0.3859375 0.85078125 0.390625 0.91484375 0.41171875 0.9421875
4 0.2578125 0.87421875 0.28828125 0.865625 0.3546875 0.79921875 0.3796875 0.76171875 0.4078125 0.73828125 0.4078125 0.71328125 0.4203125 0.70234375 0.428125 0.68359375 0.42421875 0.6765625 0.40078125 0.690625 0.396875 0.68671875 0.4125 0.63984375 0.40390625 0.6171875 0.36796875 0.6421875 0.3609375 0.61328125 0.35078125 0.609375 0.3359375 0.63203125 0.3359375 0.67109375 0.3078125 0.71171875 0.29921875 0.71875 0.2828125 0.71796875 0.2859375 0.68046875 0.27734375 0.6734375 0.215625 0.75390625 0.20625 0.78359375 0.2125 0.83515625 0.23515625 0.865625
4 0.2109375 0.46328125 0.22734375 0.4421875 0.26484375 0.440625 0.28984375 0.41875 0.31796875 0.41875 0.35546875 0.409375 0.38828125 0.4265625 0.40859375 0.425 0.4234375 0.41015625 0.4296875 0.37890625 0.428125 0.33046875 0.421875 0.31171875 0.40703125 0.2953125 0.38515625 0.2859375 0.23984375 0.303125 0.215625 0.32734375 0.1984375 0.37578125 0.2 0.42578125 0.19375 0.45234375
4 0.0609375 0.43046875 0.084375 0.39453125 0.090625 0.33984375 0.10625 0.32109375 0.115625 0.28984375 0.15390625 0.24375 0.20859375 0.2375 0.2140625 0.23203125 0.2 0.20390625 0.190625 0.12578125 0.17734375 0.1015625 0.14765625 0.1078125 0.10703125 0.1375 0.084375 0.16484375 0.065625 0.20078125 0.0421875 0.28359375 0.046875 0.37265625 0.0546875 0.38984375 0.0546875 0.42421875
4 0.1296875 0.84140625 0.13828125 0.834375 0.15859375 0.8328125 0.1640625 0.81328125 0.1328125 0.74296875 0.128125 0.71328125 0.1109375 0.68359375 0.1046875 0.63046875 0.090625 0.59140625 0.09453125 0.5796875 0.11015625 0.5921875 0.1203125 0.58203125 0.096875 0.54140625 0.06328125 0.5140625 0.05234375 0.5125 0.0421875 0.52734375 0.0328125 0.57109375 0.034375 0.63203125 0.0453125 0.69140625 0.0890625 0.81328125
4 0.6671875 0.85078125 0.6921875 0.81953125 0.6984375 0.75859375 0.684375 0.70859375 0.659375 0.68828125 0.640625 0.63046875 0.659375 0.59765625 0.665625 0.55859375 0.65703125 0.5546875 0.63671875 0.575 0.6375 0.52890625 0.63203125 0.51875 0.62265625 0.5171875 0.61640625 0.525 0.603125 0.52265625 0.5875 0.55859375 0.590625 0.60546875 0.5765625 0.68515625 0.5765625 0.72890625 0.584375 0.76015625 0.615625 0.82109375 0.64296875 0.8484375
4 0.734375 0.81796875 0.74140625 0.80625 0.7484375 0.80546875 0.746875 0.77734375 0.75390625 0.7703125 0.78203125 0.7734375 0.79921875 0.7640625 0.82109375 0.78125 0.84921875 0.7875 0.85546875 0.7984375 0.87734375 0.803125 0.8828125 0.79296875 0.8765625 0.75859375 0.88828125 0.7546875 0.8953125 0.74296875 0.884375 0.71796875 0.8703125 0.71328125 0.8625 0.68203125 0.80859375 0.6296875 0.77890625 0.609375 0.73046875 0.625 0.7 0.66328125 0.70625 0.67265625 0.7109375 0.77265625 0.728125 0.81484375
4 0.8390625 0.64765625 0.853125 0.63046875 0.8625 0.59453125 0.8671875 0.38828125 0.8609375 0.29296875 0.85 0.28359375 0.83671875 0.2515625 0.83125 0.25859375 0.828125 0.29296875 0.8171875 0.30703125 0.8171875 0.33984375 0.81328125 0.346875 0.8015625 0.34921875 0.796875 0.36328125 0.796875 0.37265625 0.8140625 0.39140625 0.8046875 0.47578125 0.809375 0.57265625 0.79765625 0.5890625 0.77734375 0.584375 0.765625 0.59296875 0.83046875 0.6484375
4 0.75 0.50390625 0.765625 0.49296875 0.7578125 0.45703125 0.7578125 0.40078125 0.790625 0.37265625 0.80625 0.30703125 0.8265625 0.29296875 0.8296875 0.25546875 0.84375 0.22890625 0.846875 0.20078125 0.83125 0.18515625 0.82890625 0.1734375 0.81328125 0.1796875 0.79453125 0.1765625 0.7890625 0.19296875 0.7984375 0.20078125 0.8 0.21328125 0.77578125 0.215625 0.7421875 0.23984375 0.7015625 0.33203125 0.70625 0.40234375 0.73125 0.43203125 0.7296875 0.44609375 0.7390625 0.44140625 0.7390625 0.46796875 0.746875 0.46953125 0.740625 0.47421875 0.7421875 0.49609375
4 0.6203125 0.24140625 0.65078125 0.225 0.67734375 0.23125 0.71953125 0.21875 0.74921875 0.2203125 0.77265625 0.2109375 0.79609375 0.2125 0.7984375 0.20546875 0.7875 0.18984375 0.7859375 0.15390625 0.79375 0.10703125 0.78515625 0.10625 0.775 0.13203125 0.76796875 0.1328125 0.74140625 0.109375 0.70703125 0.109375 0.63359375 0.0875 0.61640625 0.090625 0.5921875 0.11484375 0.5796875 0.16171875 0.59375 0.20859375 0.6078125 0.23515625