4 0.65625 0.28671875 0.67265625 0.2859375 0.734375 0.24921875 0.746875 0.20390625 0.728125 0.15546875 0.70703125 0.13125 0.67578125 0.1125 0.62578125 0.1 0.58515625 0.0765625 0.55703125 0.0828125 0.546875 0.06640625 0.52421875 0.05 0.521875 0.07265625 0.5296875 0.09765625 0.51796875 0.1140625 0.496875 0.12578125 0.496875 0.14296875 0.55625 0.18984375 0.51796875 0.1984375 0.5140625 0.21171875 0.55859375 0.2234375 0.57578125 0.234375 0.60390625 0.221875 0.62890625 0.24375 0.6640625 0.26015625 0.64453125 0.2671875 0.6359375 0.27734375 0.63828125 0.2875
4 0.84375 0.42890625 0.8640625 0.41328125 0.875 0.37578125 0.871875 0.33046875 0.85625 0.29765625 0.8484375 0.25078125 0.8390625 0.24453125 0.8421875 0.28046875 0.83203125 0.3015625 0.81640625 0.2796875 0.78671875 0.2703125 0.7765625 0.25859375 0.76875 0.23984375 0.771875 0.20546875 0.76640625 0.2 0.759375 0.21640625 0.74921875 0.215625 0.7453125 0.22109375 0.740625 0.25546875 0.73359375 0.2671875 0.70078125 0.26875 0.6734375 0.28828125 0.6765625 0.30859375 0.6953125 0.32890625 0.6875 0.36171875 0.69453125 0.3703125 0.71484375 0.3640625 0.73046875 0.375 0.75390625 0.3734375 0.79921875 0.415625 0.82734375 0.4296875
4 0.8328125 0.57578125 0.85234375 0.5671875 0.86875 0.53984375 0.86875 0.48671875 0.853125 0.44453125 0.83671875 0.44375 0.81796875 0.425 0.77734375 0.40625 0.76875 0.38515625 0.75078125 0.3734375 0.74140625 0.375 0.73671875 0.3859375 0.70078125 0.38125 0.67109375 0.3890625 0.6609375 0.40859375 0.678125 0.43046875 0.66875 0.46328125 0.684375 0.47265625 0.675 0.49140625 0.68046875 0.4953125 0.69453125 0.4859375 0.70234375 0.4875 0.72421875 0.5171875 0.76015625 0.534375 0.78359375 0.5609375 0.81328125 0.575
4 0.7984375 0.71953125 0.85234375 0.6875 0.878125 0.64765625 0.890625 0.64296875 0.890625 0.56640625 0.884375 0.54140625 0.87109375 0.546875 0.85234375 0.56875 0.82265625 0.578125 0.78046875 0.5609375 0.76640625 0.5640625 0.746875 0.54921875 0.74296875 0.5296875 0.72265625 0.521875 0.7171875 0.53203125 0.715625 0.57734375 0.703125 0.61640625 0.703125 0.66640625 0.73359375 0.7078125 0.78046875 0.7203125
4 0.696875 0.86328125 0.71484375 0.8453125 0.81171875 0.8234375 0.8421875 0.80234375 0.8625 0.77578125 0.871875 0.75078125 0.875 0.71015625 0.86640625 0.6796875 0.79765625 0.721875 0.7296875 0.71015625 0.7359375 0.73359375 0.6984375 0.76640625 0.6734375 0.80390625 0.6734375 0.81640625 0.6984375 0.82890625 0.69375 0.83984375
4 0.309375 0.77109375 0.33828125 0.765625 0.38125 0.70703125 0.3859375 0.66796875 0.396875 0.64140625 0.396875 0.63046875 0.38984375 0.6328125 0.3875 0.62578125 0.4 0.55703125 0.42421875 0.5484375 0.43984375 0.525 0.46640625 0.515625 0.4734375 0.50546875 0.471875 0.48203125 0.4640625 0.47421875 0.4578125 0.44609375 0.46875 0.43046875 0.4671875 0.42109375 0.43828125 0.4078125 0.42734375 0.4234375 0.4125 0.41171875 0.44375 0.36484375 0.446875 0.34921875 0.44140625 0.3421875 0.3640625 0.43515625 0.3171875 0.51328125 0.2953125 0.57109375 0.2828125 0.67890625 0.290625 0.73515625
4 0.296875 0.85234375 0.3 0.82890625 0.2859375 0.77578125 0.2765625 0.76171875 0.2859375 0.74296875 0.2875 0.71953125 0.275 0.65546875 0.24453125 0.6359375 0.19921875 0.625 0.18203125 0.6296875 0.14765625 0.659375 0.12421875 0.6703125 0.0953125 0.72109375 0.1015625 0.77890625 0.11328125 0.7875 0.13046875 0.7890625 0.1484375 0.80546875 0.15859375 0.825 0.18359375 0.83125 0.1953125 0.81640625 0.171875 0.80859375 0.16875 0.78671875 0.21328125 0.7828125 0.24140625 0.7671875 0.2703125 0.79921875 0.28125 0.84609375 0.28828125 0.853125
4 0.1078125 0.68828125 0.12421875 0.66875 0.15546875 0.6515625 0.17265625 0.6234375 0.21640625 0.6109375 0.24140625 0.5796875 0.26875 0.61796875 0.275 0.64765625 0.2828125 0.64921875 0.2875 0.60234375 0.284375 0.55703125 0.278125 0.54453125 0.2828125 0.50546875 0.26640625 0.4328125 0.20859375 0.4359375 0.18515625 0.44375 0.14375 0.49296875 0.10625 0.56015625 0.09151785714285716 0.5446428571428571 0.1 0.66015625 0.1015625 0.68671875
4 0.075 0.73984375 0.078125 0.72109375 0.0875 0.71484375 0.08515625 0.7078125 0.0921875 0.71015625 0.0984375 0.68671875 0.09375 0.68203125 0.09375 0.67421875 0.1 0.67265625 0.096875 0.56328125 0.1296875 0.52109375 0.1546875 0.47578125 0.159375 0.45546875 0.1703125 0.45234375 0.165625 0.44765625 0.2 0.43515625 0.19296875 0.425 0.16015625 0.4203125 0.14375 0.38984375 0.12578125 0.3796875 0.10859375 0.3875 0.09375 0.41015625 0.059375 0.52734375 0.046875 0.69453125 0.0625 0.73671875
4 0.05625 0.54140625 0.0671875 0.48515625 0.0984375 0.40078125 0.0953125 0.37890625 0.1125 0.31796875 0.121875 0.23984375 0.12578125 0.2359375 0.14765625 0.259375 0.15 0.24296875 0.1375 0.21484375 0.14921875 0.2 0.16953125 0.1984375 0.178125 0.18984375 0.17109375 0.1796875 0.14140625 0.1734375 0.12265625 0.15 0.10703125 0.1484375 0.090625 0.16171875 0.05625 0.26015625 0.04375 0.40078125 0.040625 0.41953125 0.03125 0.43046875 0.03125 0.45546875 0.046875 0.50703125 0.0484375 0.53203125
1 0.8328125 0.29453125 0.8390625 0.28671875 0.8359375 0.24609375 0.8484375 0.23203125 0.840625 0.18515625 0.78203125 0.1578125 0.71796875 0.1375 0.7453125 0.18671875 0.75 0.21171875 0.75390625 0.215625 0.76484375 0.1984375 0.771875 0.20078125 0.7703125 0.23671875 0.7796875 0.25859375 0.79140625 0.2703125 0.81640625 0.278125