1 0.7 0.31171875 0.70234375 0.3 0.71484375 0.30625 0.71796875 0.2953125 0.72265625 0.303125 0.73125 0.29609375 0.7359375 0.22109375 0.7296875 0.17734375 0.7359375 0.16953125 0.7328125 0.15859375 0.74375 0.15390625 0.73828125 0.1453125 0.72265625 0.140625 0.71796875 0.1453125 0.71328125 0.1375 0.69296875 0.13125 0.63671875 0.121875 0.6421875 0.13359375 0.6359375 0.14609375 0.6421875 0.14921875 0.6375 0.15390625 0.6421875 0.17421875 0.6375 0.17734375 0.6484375 0.18046875 0.6375 0.19296875 0.64375 0.19609375 0.6375 0.20859375 0.64375 0.21484375 0.6375 0.22421875 0.6421875 0.22734375 0.6390625 0.23203125 0.6484375 0.23671875 0.65 0.27109375 0.6640625 0.27734375 0.65625 0.28671875 0.6640625 0.29140625 0.66640625 0.3046875 0.67578125 0.3046875 0.67890625 0.2984375 0.68359375 0.3046875 0.68671875 0.2984375
1 0.7875 0.70546875 0.8234375 0.67109375 0.8015625 0.54453125 0.75390625 0.51875 0.740625 0.56328125 0.73046875 0.559375 0.72265625 0.5640625 0.71484375 0.5515625 0.709375 0.55703125 0.70703125 0.584375 0.7015625 0.56171875 0.7046875 0.53671875 0.69765625 0.5359375 0.6953125 0.61328125 0.690625 0.61640625 0.68671875 0.590625 0.6765625 0.65234375 0.6875 0.69453125 0.69765625 0.7046875 0.73828125 0.675 0.74765625 0.69375
4 0.3 0.35234375 0.3203125 0.32109375 0.325 0.22421875 0.346875 0.17265625 0.3390625 0.12734375 0.34375 0.10703125 0.32890625 0.1046875 0.30546875 0.0890625 0.26015625 0.0859375 0.20390625 0.109375 0.17578125 0.1078125 0.16171875 0.11875 0.15703125 0.1125 0.13828125 0.115625 0.1375 0.14765625 0.1265625 0.16015625 0.1234375 0.18203125 0.1421875 0.20078125 0.159375 0.24140625 0.17109375 0.2421875 0.19296875 0.2234375 0.21015625 0.225 0.23359375 0.253125 0.25546875 0.253125 0.28515625 0.240625 0.2984375 0.28046875 0.29375 0.33046875 0.2953125 0.35078125
4 0.2078125 0.36328125 0.225 0.34140625 0.2359375 0.28828125 0.23125 0.25390625 0.20859375 0.225 0.18828125 0.2265625 0.16953125 0.246875 0.15546875 0.2484375 0.14296875 0.2578125 0.12421875 0.2578125 0.10859375 0.2484375 0.08671875 0.2578125 0.07578125 0.246875 0.065625 0.24765625 0.06875 0.28203125 0.065625 0.29765625 0.0515625 0.31796875 0.05546875 0.33125 0.06953125 0.3359375 0.07578125 0.325 0.08671875 0.3484375 0.12578125 0.359375 0.17578125 0.35
4 0.153125 0.47109375 0.19140625 0.4640625 0.209375 0.44921875 0.2171875 0.41640625 0.203125 0.36796875 0.17265625 0.35 0.14921875 0.3609375 0.10078125 0.3640625 0.07578125 0.3484375 0.05234375 0.3609375 0.046875 0.37109375 0.046875 0.42734375 0.0546875 0.45078125 0.08515625 0.45625 0.10390625 0.4671875
4 0.2640625 0.63828125 0.25625 0.60546875 0.240625 0.58203125 0.234375 0.55703125 0.2328125 0.50078125 0.20390625 0.4609375 0.13515625 0.471875 0.10703125 0.46875 0.07734375 0.45625 0.05859375 0.4609375 0.0453125 0.47421875 0.0453125 0.50390625 0.0578125 0.52109375 0.07578125 0.5703125 0.17109375 0.5734375 0.22109375 0.61875 0.22890625 0.584375 0.25 0.62421875
4 0.1984375 0.70546875 0.209375 0.67421875 0.215625 0.62109375 0.17265625 0.575 0.07421875 0.571875 0.05546875 0.6046875 0.04921875 0.596875 0.0375 0.60234375 0.0390625 0.61796875 0.046875 0.62734375 0.046875 0.65078125 0.0375 0.67265625 0.04140625 0.68125 0.06484375 0.6765625 0.09453125 0.6875 0.13984375 0.684375 0.16484375 0.703125
4 0.1890625 0.84140625 0.209375 0.82421875 0.221875 0.77890625 0.221875 0.74453125 0.20625 0.71796875 0.19453125 0.7078125 0.16328125 0.703125 0.14140625 0.6859375 0.11328125 0.6921875 0.07734375 0.6875 0.05546875 0.696875 0.046875 0.70859375 0.0453125 0.74921875 0.084375 0.80234375 0.10078125 0.8125 0.12265625 0.8046875 0.15703125 0.825 0.16796875 0.8390625
4 0.725 0.93515625 0.746875 0.92265625 0.7625 0.89296875 0.7640625 0.86484375 0.74375 0.82421875 0.72109375 0.7984375 0.69765625 0.796875 0.65234375 0.7671875 0.62109375 0.71875 0.60546875 0.7109375 0.58828125 0.7109375 0.5609375 0.74453125 0.5546875 0.76640625 0.55625 0.79921875 0.571875 0.83828125 0.59609375 0.865625 0.66640625 0.921875 0.70859375 0.9359375
4 0.7578125 0.83671875 0.79921875 0.81875 0.82578125 0.8140625 0.85 0.78203125 0.853125 0.75859375 0.81953125 0.6953125 0.80703125 0.69375 0.78515625 0.7109375 0.76171875 0.696875 0.73671875 0.7 0.740625 0.68046875 0.73359375 0.678125 0.7046875 0.70234375 0.6875 0.74140625 0.68125 0.78203125 0.69609375 0.7953125 0.72421875 0.8 0.7484375 0.83359375
4 0.859375 0.80703125 0.865625 0.78203125 0.8828125 0.77734375 0.8875 0.75078125 0.88125 0.73046875 0.8859375 0.67890625 0.8765625 0.56640625 0.8609375 0.47734375 0.83984375 0.446875 0.82421875 0.44375 0.790625 0.46796875 0.79375 0.48828125 0.7640625 0.50546875 0.7609375 0.52265625 0.78828125 0.528125 0.809375 0.55390625 0.8125 0.61328125 0.828125 0.66640625 0.81875 0.68671875 0.834375 0.72734375 0.853125 0.75546875 0.8515625 0.78671875 0.8546875 0.80703125
4 0.8609375 0.42265625 0.878125 0.38671875 0.89375 0.31796875 0.89375 0.27421875 0.884375 0.21640625 0.86875 0.15546875 0.8453125 0.10234375 0.81484375 0.0671875 0.80390625 0.0703125 0.80078125 0.065625 0.7984375 0.08515625 0.7890625 0.09765625 0.7609375 0.18515625 0.76640625 0.1890625 0.78515625 0.1734375 0.79921875 0.175 0.809375 0.18671875 0.8109375 0.20859375 0.834375 0.27109375 0.834375 0.28671875 0.821875 0.30703125 0.821875 0.31796875 0.83828125 0.321875 0.84375 0.33046875 0.8390625 0.36328125 0.8453125 0.40234375 0.85 0.41640625