1 0.790625 0.80703125 0.84609375 0.7890625 0.85625 0.77421875 0.85625 0.61484375 0.85078125 0.5578125 0.84296875 0.565625 0.81328125 0.5625 0.7984375 0.56953125 0.796875 0.61640625 0.79296875 0.603125 0.790625 0.62109375 0.8 0.65546875 0.8 0.69140625 0.78125 0.74921875 0.7875 0.79296875 0.7828125 0.80546875
4 0.60625 0.35390625 0.609375 0.34140625 0.6 0.30078125 0.596875 0.24765625 0.60078125 0.24375 0.62578125 0.25625 0.64765625 0.25625 0.653125 0.25078125 0.6515625 0.22734375 0.6640625 0.21328125 0.6625 0.20078125 0.64375 0.18359375 0.6328125 0.15546875 0.59140625 0.1125 0.56484375 0.103125 0.53203125 0.0796875 0.49140625 0.075 0.45234375 0.0859375 0.4 0.13359375 0.4140625 0.13828125 0.4109375 0.18671875 0.4265625 0.22578125 0.425 0.26484375 0.434375 0.34921875 0.4421875 0.33203125 0.4421875 0.27734375 0.45078125 0.2609375 0.465625 0.31484375 0.475 0.31953125 0.46875 0.24609375 0.4734375 0.22578125 0.48203125 0.2234375 0.50390625 0.2328125 0.54765625 0.228125 0.5578125 0.23671875 0.5859375 0.30234375 0.5953125 0.34296875
4 0.765625 0.37109375 0.790625 0.29140625 0.8078125 0.25859375 0.8078125 0.21484375 0.7984375 0.18046875 0.74921875 0.121875 0.63671875 0.09375 0.61640625 0.0625 0.6234375 0.10390625 0.60625 0.12265625 0.6640625 0.20234375 0.6546875 0.25234375 0.65625 0.31796875 0.6625 0.31796875 0.66640625 0.2890625 0.671875 0.31640625 0.6796875 0.31015625 0.6796875 0.25390625 0.6859375 0.23828125 0.69140625 0.2375 0.72265625 0.2734375 0.759375 0.28671875 0.7640625 0.32578125 0.7578125 0.36484375
4 0.7875 0.56796875 0.81171875 0.55625 0.83515625 0.5609375 0.8453125 0.55234375 0.85625 0.53359375 0.865625 0.47265625 0.8703125 0.36484375 0.8640625 0.27421875 0.853125 0.21640625 0.83203125 0.159375 0.82890625 0.178125 0.80546875 0.1703125 0.7984375 0.17734375 0.809375 0.24609375 0.790625 0.30390625 0.809375 0.31953125 0.8046875 0.38203125 0.8078125 0.48046875 0.7953125 0.51171875 0.7796875 0.52265625 0.78125 0.53203125 0.77734375 0.5265625 0.771875 0.53515625 0.7828125 0.54609375 0.7765625 0.56328125
4 0.5859375 0.87734375 0.60078125 0.8671875 0.63359375 0.8640625 0.66484375 0.840625 0.72265625 0.8140625 0.746875 0.79296875 0.7859375 0.73671875 0.796875 0.70234375 0.7984375 0.65546875 0.7765625 0.60390625 0.76171875 0.5140625 0.7515625 0.51796875 0.7453125 0.53359375 0.7546875 0.57578125 0.7484375 0.62421875 0.70390625 0.6328125 0.66328125 0.6953125 0.65625 0.69140625 0.64375 0.66015625 0.6515625 0.63515625 0.65 0.61015625 0.63125 0.62421875 0.621875 0.67421875 0.6203125 0.73046875 0.5703125 0.79453125 0.5546875 0.82421875 0.5546875 0.84140625 0.5765625 0.84609375 0.56875 0.87421875
4 0.415625 0.88046875 0.46484375 0.8703125 0.52890625 0.86875 0.54375 0.86015625 0.5359375 0.83046875 0.5578125 0.80546875 0.5578125 0.78828125 0.54921875 0.7765625 0.5 0.74609375 0.515625 0.64609375 0.50859375 0.64375 0.5015625 0.65078125 0.496875 0.67734375 0.48671875 0.6953125 0.4859375 0.63359375 0.48359375 0.6234375 0.4765625 0.62578125 0.4703125 0.64296875 0.4703125 0.67578125 0.4484375 0.72734375 0.43515625 0.7359375 0.39453125 0.7015625 0.37578125 0.696875 0.34453125 0.70625 0.3359375 0.70234375 0.3296875 0.66171875 0.3359375 0.60703125 0.33046875 0.5984375 0.3125 0.62109375 0.30625 0.69609375 0.2859375 0.73671875 0.2875 0.79921875 0.3078125 0.83515625 0.35390625 0.871875 0.37890625 0.88125
4 0.284375 0.85078125 0.2875 0.83984375 0.265625 0.81796875 0.253125 0.77265625 0.25625 0.75546875 0.2984375 0.69453125 0.3140625 0.61328125 0.34609375 0.584375 0.37890625 0.59375 0.3875 0.57109375 0.37734375 0.553125 0.33984375 0.5453125 0.3203125 0.49453125 0.30703125 0.48125 0.28671875 0.4734375 0.25625 0.51640625 0.2234375 0.57890625 0.2015625 0.66796875 0.1734375 0.73828125 0.1765625 0.76953125 0.190625 0.79140625 0.21171875 0.809375 0.23515625 0.8125 0.26640625 0.846875
4 0.140625 0.80859375 0.16171875 0.775 0.171875 0.80390625 0.1875 0.80078125 0.175 0.76796875 0.1734375 0.73203125 0.203125 0.65859375 0.225 0.57421875 0.253125 0.51640625 0.278125 0.48203125 0.278125 0.47421875 0.2609375 0.46640625 0.2484375 0.43828125 0.23203125 0.421875 0.20546875 0.4296875 0.1859375 0.45390625 0.1515625 0.53203125 0.11875 0.64765625 0.115625 0.73828125 0.1328125 0.80703125
4 0.075 0.77890625 0.084375 0.76796875 0.090625 0.74296875 0.1046875 0.73203125 0.1109375 0.71640625 0.109375 0.66171875 0.1359375 0.58359375 0.1359375 0.52578125 0.1828125 0.46015625 0.1515625 0.43671875 0.12734375 0.396875 0.11484375 0.3984375 0.0984375 0.41484375 0.0703125 0.50390625 0.0625 0.55390625 0.05 0.72421875 0.0640625 0.77265625
4 0.190625 0.44296875 0.20859375 0.421875 0.23359375 0.4171875 0.2515625 0.39296875 0.253125 0.36953125 0.2609375 0.36484375 0.2609375 0.35546875 0.246875 0.30234375 0.221875 0.26171875 0.19140625 0.240625 0.11953125 0.2484375 0.0953125 0.28046875 0.090625 0.30546875 0.090625 0.32109375 0.1046875 0.34765625 0.109375 0.39140625 0.12109375 0.390625 0.125 0.37421875 0.13671875 0.36875 0.16171875 0.3890625 0.18203125 0.3953125
4 0.2921875 0.36015625 0.29375 0.24296875 0.303125 0.20859375 0.3046875 0.16953125 0.3234375 0.16953125 0.309375 0.15859375 0.290625 0.12578125 0.26328125 0.10625 0.21171875 0.1 0.11953125 0.1375 0.11953125 0.1046875 0.09375 0.18984375 0.096875 0.21015625 0.1125 0.22890625 0.115625 0.24453125 0.19140625 0.2390625 0.21953125 0.25625 0.24453125 0.25 0.259375 0.28671875 0.2625 0.35078125 0.26796875 0.3578125 0.27578125 0.290625 0.2828125 0.34453125 0.2921875 0.36015625