4 0.4625 0.47578125 0.4921875 0.46484375 0.5015625 0.41953125 0.4875 0.26171875 0.48203125 0.2515625 0.475 0.25234375 0.478125 0.29453125 0.46328125 0.3 0.434375 0.25703125 0.396875 0.21953125 0.38125 0.16484375 0.371875 0.14921875 0.3578125 0.14140625 0.359375 0.08671875 0.34921875 0.0859375 0.33515625 0.1015625 0.3296875 0.08046875 0.32109375 0.075 0.3015625 0.13203125 0.2828125 0.15703125 0.28125 0.17734375 0.29453125 0.18125 0.3 0.17578125 0.303125 0.23359375 0.3328125 0.29296875 0.371875 0.40078125 0.41171875 0.4515625 0.44140625 0.475
4 0.6875 0.37421875 0.6953125 0.35234375 0.7 0.27890625 0.71484375 0.2609375 0.76171875 0.25 0.80390625 0.2859375 0.8203125 0.28828125 0.825 0.19453125 0.8109375 0.15859375 0.76796875 0.128125 0.75078125 0.121875 0.66328125 0.1265625 0.65625 0.09921875 0.63984375 0.0890625 0.634375 0.10078125 0.6359375 0.13515625 0.621875 0.16953125 0.60625 0.18828125 0.60625 0.20546875 0.61640625 0.21875 0.6671875 0.24765625 0.6671875 0.31484375 0.67109375 0.321875 0.6796875 0.31640625
4 0.85 0.49765625 0.86875 0.45859375 0.871875 0.42734375 0.8515625 0.34296875 0.8390625 0.31796875 0.82265625 0.2984375 0.78359375 0.275 0.76640625 0.2515625 0.73984375 0.2546875 0.70390625 0.2734375 0.7 0.30078125 0.71875 0.33359375 0.7421875 0.35859375 0.715625 0.41796875 0.72421875 0.421875 0.74609375 0.3984375 0.77421875 0.3890625 0.8296875 0.45234375 0.84375 0.49609375
4 0.840625 0.69140625 0.859375 0.67265625 0.8671875 0.62265625 0.8515625 0.52890625 0.8328125 0.46171875 0.815625 0.43515625 0.78515625 0.40625 0.74609375 0.4015625 0.7203125 0.43046875 0.7265625 0.44453125 0.7265625 0.50390625 0.703125 0.58046875 0.703125 0.60546875 0.71484375 0.6171875 0.7375 0.56796875 0.75390625 0.55625 0.7640625 0.58359375 0.8015625 0.61640625 0.7921875 0.66328125 0.7984375 0.68359375 0.81640625 0.6875 0.82421875 0.678125 0.82890625 0.6890625
4 0.7765625 0.83046875 0.84453125 0.796875 0.846875 0.81953125 0.853125 0.81796875 0.8578125 0.70859375 0.871875 0.65078125 0.859375 0.67890625 0.83203125 0.7 0.76484375 0.678125 0.7609375 0.65859375 0.771875 0.62890625 0.76953125 0.6171875 0.7453125 0.64609375 0.74921875 0.5671875 0.7390625 0.58046875 0.7234375 0.65859375 0.7015625 0.68984375 0.696875 0.74609375 0.68984375 0.7453125 0.6890625 0.75234375 0.7140625 0.79765625 0.73046875 0.8140625 0.75234375 0.8296875
4 0.23125 0.85859375 0.26484375 0.8453125 0.28125 0.83203125 0.3078125 0.77421875 0.2984375 0.72109375 0.275 0.69140625 0.2765625 0.66484375 0.25859375 0.5984375 0.253125 0.60390625 0.25234375 0.6296875 0.234375 0.61171875 0.2453125 0.66796875 0.24375 0.69921875 0.21015625 0.6953125 0.17734375 0.7078125 0.171875 0.67734375 0.175 0.63984375 0.16953125 0.6375 0.146875 0.67890625 0.1140625 0.77109375 0.109375 0.82421875 0.11328125 0.834375 0.16171875 0.8328125 0.20078125 0.85625
4 0.0953125 0.29765625 0.11171875 0.2546875 0.14609375 0.265625 0.16640625 0.2625 0.16953125 0.2703125 0.18046875 0.2703125 0.190625 0.25859375 0.19296875 0.24375 0.20546875 0.2515625 0.2078125 0.24296875 0.221875 0.23359375 0.2359375 0.19921875 0.234375 0.14609375 0.20546875 0.11875 0.16953125 0.1140625 0.07890625 0.15625 0.06796875 0.146875 0.0625 0.15078125 0.0625 0.17421875 0.0703125 0.18515625 0.0671875 0.21171875 0.084375 0.24453125 0.0875 0.28203125
4 0.1828125 0.43515625 0.23828125 0.4078125 0.240625 0.38984375 0.2515625 0.37109375 0.25 0.28984375 0.259375 0.22421875 0.25546875 0.203125 0.24765625 0.2125 0.24296875 0.203125 0.2375 0.20546875 0.2296875 0.24453125 0.22578125 0.246875 0.21875 0.23828125 0.21875 0.26015625 0.2109375 0.26640625 0.20859375 0.28125 0.17265625 0.271875 0.13671875 0.2875 0.1390625 0.26796875 0.12421875 0.2625 0.1078125 0.27578125 0.0984375 0.30234375 0.0828125 0.31328125 0.075 0.32734375 0.078125 0.40703125 0.08984375 0.403125 0.11796875 0.409375 0.14765625 0.4296875
4 0.059375 0.74765625 0.0734375 0.73828125 0.08125 0.70390625 0.078125 0.63359375 0.0875 0.58359375 0.090625 0.45859375 0.10703125 0.4609375 0.109375 0.45234375 0.1015625 0.42421875 0.075 0.40390625 0.0734375 0.36171875 0.06484375 0.35 0.05625 0.35234375 0.0421875 0.38828125 0.03125 0.45390625 0.034375 0.64921875 0.05 0.73984375
4 0.1109375 0.78828125 0.1125 0.76953125 0.14375 0.68671875 0.1734375 0.62890625 0.1859375 0.53203125 0.1875 0.48359375 0.178125 0.47109375 0.175 0.45078125 0.16640625 0.440625 0.15390625 0.4375 0.14140625 0.440625 0.13125 0.45546875 0.128125 0.48671875 0.1109375 0.52734375 0.103125 0.57265625 0.0890625 0.59296875 0.0796875 0.63828125 0.0796875 0.75078125 0.0859375 0.76953125 0.10390625 0.7890625
1 0.46875 0.86015625 0.63359375 0.846875 0.7234375 0.82421875 0.6703125 0.72265625 0.690625 0.72421875 0.7 0.68671875 0.71875 0.65546875 0.71875 0.63359375 0.7015625 0.61640625 0.696875 0.59609375 0.721875 0.50703125 0.7125 0.40859375 0.7328125 0.37265625 0.7328125 0.35703125 0.70546875 0.328125 0.696875 0.36953125 0.68828125 0.378125 0.6828125 0.37578125 0.675 0.33359375 0.6625 0.31796875 0.659375 0.25390625 0.6015625 0.21015625 0.596875 0.18203125 0.6109375 0.16953125 0.6109375 0.15859375 0.6234375 0.15078125 0.625 0.12109375 0.61953125 0.1171875 0.5890625 0.11953125 0.584375 0.13046875 0.59375 0.14296875 0.5890625 0.15390625 0.596875 0.15859375 0.584375 0.17734375 0.5859375 0.19609375 0.571875 0.20078125 0.5859375 0.20390625 0.57734375 0.2171875 0.5953125 0.22109375 0.5890625 0.24765625 0.5953125 0.25234375 0.5890625 0.27890625 0.5953125 0.28203125 0.59375 0.29453125 0.6046875 0.30078125 0.60390625 0.3109375 0.61875 0.31484375 0.609375 0.35703125 0.61875 0.36171875 0.6171875 0.37265625 0.6265625 0.37734375 0.6296875 0.41171875 0.625 0.43359375 0.61015625 0.4390625 0.6046875 0.45078125 0.609375 0.45234375 0.609375 0.46796875 0.625 0.47109375 0.61875 0.48359375 0.625 0.49453125 0.6125 0.50859375 0.6203125 0.52265625 0.6125 0.53046875 0.6171875 0.54453125 0.6125 0.54140625 0.609375 0.57734375 0.625 0.58046875 0.625 0.60546875 0.6203125 0.60859375 0.625 0.62109375 0.61328125 0.625 0.609375 0.63671875 0.59609375 0.640625 0.59296875 0.65 0.57109375 0.659375 0.56328125 0.671875 0.54921875 0.671875 0.54140625 0.6578125 0.534375 0.66015625 0.52890625 0.6734375 0.51796875 0.6734375 0.50703125 0.6828125 0.48828125 0.684375 0.48359375 0.675 0.43515625 0.66875 0.42734375 0.6734375 0.35703125 0.671875 0.3453125 0.67890625 0.3359375 0.71015625 0.3203125 0.71796875 0.3140625 0.73515625 0.3140625 0.77421875 0.3015625 0.81015625 0.309375 0.81640625 0.30703125 0.828125 0.33359375 0.83125 0.33515625 0.8453125 0.36171875 0.85625