5 0.56875 0.6067708333333334 0.58359375 0.6088541666666667 0.59375 0.615625 0.600390625 0.63125 0.601953125 0.6520833333333333 0.600390625 0.6557291666666667 0.6 0.6651041666666667 0.5953125 0.6765625 0.587109375 0.7322916666666667 0.584375 0.740625 0.580078125 0.75 0.5703125 0.7619791666666667 0.564453125 0.78125 0.551171875 0.7890625 0.54453125 0.7890625 0.524609375 0.7671875 0.51328125 0.7619791666666667 0.512109375 0.7552083333333334 0.530078125 0.7427083333333333 0.534375 0.7036458333333333 0.538671875 0.684375 0.543359375 0.671875 0.55 0.6348958333333333 0.5578125 0.61875
5 0.53203125 0.5760416666666667 0.53671875 0.5760416666666667 0.542578125 0.5796875 0.546484375 0.5854166666666667 0.54921875 0.5947916666666667 0.548828125 0.61875 0.544140625 0.6328125 0.542578125 0.659375 0.54140625 0.6625 0.5375 0.6630208333333333 0.533203125 0.6666666666666666 0.53046875 0.68125 0.525390625 0.6848958333333334 0.524609375 0.696875 0.521875 0.7010416666666667 0.519140625 0.7015625 0.518359375 0.7078125 0.516015625 0.7088541666666667 0.514453125 0.7135416666666666 0.51015625 0.7182291666666667 0.508984375 0.7239583333333334 0.501171875 0.725 0.5 0.7229166666666667 0.499609375 0.6760416666666667 0.49453125 0.6729166666666667 0.491796875 0.6666666666666666 0.49140625 0.6598958333333333 0.496875 0.6541666666666667 0.498828125 0.6395833333333333 0.51796875 0.5989583333333334 0.521875 0.5838541666666667 0.525 0.5791666666666667
5 0.50703125 0.54375 0.514453125 0.5447916666666667 0.522265625 0.5520833333333334 0.526171875 0.5640625 0.527734375 0.5760416666666667 0.5203125 0.5854166666666667 0.51796875 0.5979166666666667 0.5109375 0.6083333333333333 0.499609375 0.6348958333333333 0.49609375 0.6380208333333334 0.48671875 0.6369791666666667 0.48515625 0.6385416666666667 0.483984375 0.6552083333333333 0.48046875 0.671875 0.478515625 0.671875 0.46953125 0.6661458333333333 0.46875 0.6333333333333333 0.461328125 0.6302083333333334 0.459765625 0.6255208333333333 0.462890625 0.6213541666666667 0.471875 0.61875 0.474609375 0.6161458333333333 0.47578125 0.5921875 0.487890625 0.5677083333333334 0.501953125 0.5473958333333333
5 0.4671875 0.5401041666666667 0.473828125 0.5421875 0.4796875 0.5526041666666667 0.48125 0.5604166666666667 0.480859375 0.5796875 0.469140625 0.6015625 0.46796875 0.6119791666666666 0.46484375 0.6197916666666666 0.453125 0.628125 0.452734375 0.6578125 0.441796875 0.6671875 0.439453125 0.6822916666666666 0.431640625 0.6822916666666666 0.42890625 0.6786458333333333 0.42734375 0.6572916666666667 0.42421875 0.6505208333333333 0.418359375 0.6463541666666667 0.41796875 0.6375 0.42421875 0.6302083333333334 0.42890625 0.609375 0.433984375 0.6078125 0.43671875 0.6041666666666666 0.437890625 0.5921875 0.442578125 0.584375 0.444140625 0.578125 0.448046875 0.5739583333333333 0.45 0.5625 0.45703125 0.5453125 0.460546875 0.5416666666666666
5 0.62265625 0.48489583333333336 0.631640625 0.48489583333333336 0.6375 0.49270833333333336 0.63828125 0.528125 0.640234375 0.5458333333333333 0.63828125 0.5630208333333333 0.637890625 0.5880208333333333 0.634765625 0.5911458333333334 0.633984375 0.6026041666666667 0.63203125 0.6036458333333333 0.627734375 0.6130208333333333 0.62578125 0.6130208333333333 0.62421875 0.6171875 0.621875 0.6177083333333333 0.621484375 0.6255208333333333 0.61953125 0.6260416666666667 0.6125 0.6229166666666667 0.609375 0.5947916666666667 0.60078125 0.5916666666666667 0.6 0.5859375 0.602734375 0.58125 0.6109375 0.58125 0.6125 0.5796875 0.61171875 0.5515625 0.61484375 0.4973958333333333 0.618359375 0.48854166666666665
5 0.5890625 0.5171875 0.598046875 0.5197916666666667 0.6015625 0.5255208333333333 0.602734375 0.53125 0.602734375 0.5598958333333334 0.6015625 0.565625 0.598828125 0.56875 0.596875 0.5869791666666667 0.59453125 0.5921875 0.59375 0.6083333333333333 0.591796875 0.6104166666666667 0.5875 0.609375 0.583984375 0.6057291666666667 0.572265625 0.6052083333333333 0.572265625 0.5984375 0.569921875 0.5916666666666667 0.570703125 0.5692708333333333 0.58125 0.540625 0.581640625 0.5244791666666667
5 0.533984375 0.5 0.540625 0.5005208333333333 0.54375 0.5041666666666667 0.55 0.521875 0.553125 0.5572916666666666 0.556640625 0.5614583333333333 0.55625 0.6072916666666667 0.5546875 0.6088541666666667 0.550390625 0.6083333333333333 0.549609375 0.5848958333333333 0.540625 0.5744791666666667 0.540234375 0.56875 0.52890625 0.5661458333333333 0.525 0.5578125 0.525 0.5083333333333333 0.52734375 0.5072916666666667 0.526953125 0.5052083333333334 0.529296875 0.5015625
5 0.5703125 0.4796875 0.57578125 0.4796875 0.581640625 0.48385416666666664 0.584375 0.49166666666666664 0.584375 0.5078125 0.5828125 0.509375 0.583203125 0.5151041666666667 0.58125 0.5177083333333333 0.579296875 0.528125 0.57734375 0.5338541666666666 0.57578125 0.5338541666666666 0.574609375 0.5578125 0.571484375 0.5625 0.563671875 0.5625 0.559765625 0.5567708333333333 0.55859375 0.5505208333333333 0.556640625 0.5494791666666666 0.555859375 0.5135416666666667 0.556640625 0.5088541666666667 0.558984375 0.5078125 0.5640625 0.48385416666666664
5 0.594140625 0.434375 0.59921875 0.434375 0.60625 0.4421875 0.61171875 0.4583333333333333 0.6125 0.5260416666666666 0.611328125 0.5328125 0.6046875 0.5291666666666667 0.603125 0.5223958333333333 0.594140625 0.5151041666666667 0.5921875 0.5114583333333333 0.587890625 0.49114583333333334 0.587890625 0.48489583333333336 0.58515625 0.478125 0.58828125 0.4453125 0.591015625 0.4375
5 0.53671875 0.425 0.544921875 0.4276041666666667 0.549609375 0.4317708333333333 0.558203125 0.45625 0.562890625 0.46458333333333335 0.57421875 0.4630208333333333 0.576171875 0.465625 0.574609375 0.46979166666666666 0.569140625 0.4703125 0.5671875 0.47239583333333335 0.56328125 0.4953125 0.55859375 0.5041666666666667 0.555859375 0.5046875 0.547265625 0.5015625 0.5421875 0.4973958333333333 0.53359375 0.49583333333333335 0.530078125 0.490625 0.526171875 0.46770833333333334 0.52578125 0.4390625 0.530078125 0.4296875
5 0.49609375 0.4203125 0.50625 0.42291666666666666 0.50390625 0.48072916666666665 0.502734375 0.4901041666666667 0.49453125 0.4953125 0.492578125 0.5322916666666667 0.48984375 0.5348958333333333 0.486328125 0.5348958333333333 0.484375 0.5255208333333333 0.483984375 0.5098958333333333 0.481640625 0.5119791666666667 0.48046875 0.5166666666666667 0.473046875 0.5244791666666667 0.471875 0.521875 0.462890625 0.5182291666666666 0.462109375 0.5083333333333333 0.44765625 0.5036458333333333 0.446875 0.49270833333333336 0.468359375 0.4921875 0.469140625 0.4765625 0.471484375 0.46770833333333334 0.470703125 0.4578125 0.472265625 0.45260416666666664 0.478125 0.44635416666666666 0.487890625 0.4265625
5 0.5578125 0.3958333333333333 0.568359375 0.39739583333333334 0.580859375 0.41770833333333335 0.584765625 0.4328125 0.590234375 0.43802083333333336 0.587890625 0.4427083333333333 0.5859375 0.4666666666666667 0.57578125 0.465625 0.57421875 0.4588541666666667 0.56953125 0.4578125 0.556640625 0.44114583333333335 0.5546875 0.4171875 0.551953125 0.409375 0.554296875 0.4005208333333333 0.55546875 0.403125 0.55546875 0.39895833333333336
5 0.487890625 0.38385416666666666 0.49453125 0.384375 0.504296875 0.39895833333333336 0.51171875 0.4140625 0.512890625 0.41822916666666665 0.512109375 0.4421875 0.50625 0.44166666666666665 0.505859375 0.421875 0.500390625 0.42083333333333334 0.4984375 0.41770833333333335 0.495703125 0.4171875 0.493359375 0.42135416666666664 0.48671875 0.42552083333333335 0.48203125 0.4234375 0.480078125 0.41510416666666666 0.479296875 0.3932291666666667 0.481640625 0.38697916666666665
5 0.5125 0.365625 0.518359375 0.36666666666666664 0.530078125 0.3880208333333333 0.53203125 0.3885416666666667 0.536328125 0.38385416666666666 0.5375 0.3848958333333333 0.537109375 0.39114583333333336 0.534765625 0.3932291666666667 0.534375 0.396875 0.535546875 0.421875 0.53125 0.421875 0.5296875 0.4244791666666667 0.523046875 0.4244791666666667 0.51796875 0.4203125 0.518359375 0.41354166666666664 0.515234375 0.4078125 0.515234375 0.384375 0.5125 0.38333333333333336 0.512109375 0.3796875 0.503125 0.37864583333333335 0.50546875 0.36875
5 0.4875 0.365625 0.49609375 0.36770833333333336 0.50078125 0.3776041666666667 0.50859375 0.38645833333333335 0.5109375 0.403125 0.51015625 0.4114583333333333 0.502734375 0.3958333333333333 0.4953125 0.3848958333333333 0.489453125 0.38333333333333336 0.48125 0.3854166666666667 0.481640625 0.371875 0.48359375 0.36770833333333336
5 0.525 0.35104166666666664 0.532421875 0.3536458333333333 0.54296875 0.36770833333333336 0.5484375 0.3828125 0.55234375 0.3890625 0.55234375 0.4041666666666667 0.548828125 0.40572916666666664 0.547265625 0.4088541666666667 0.541796875 0.4078125 0.538671875 0.4041666666666667 0.537890625 0.3848958333333333 0.53046875 0.38333333333333336 0.51953125 0.36666666666666664 0.51953125 0.35625