5 0.375390625 0.7786458333333334 0.39140625 0.7822916666666667 0.39765625 0.7880208333333333 0.40078125 0.7953125 0.405078125 0.8244791666666667 0.40625 0.8640625 0.400390625 0.896875 0.4015625 0.9244791666666666 0.3953125 0.9859375 0.378515625 0.9963541666666667 0.366015625 0.9994791666666667 0.353125 0.9875 0.349609375 0.9713541666666666 0.3484375 0.9458333333333333 0.35 0.9348958333333334 0.350390625 0.8536458333333333 0.353125 0.8177083333333334 0.358984375 0.7895833333333333 0.365625 0.7802083333333333
5 0.429296875 0.821875 0.44453125 0.8255208333333334 0.4546875 0.8333333333333334 0.46328125 0.8447916666666667 0.4671875 0.859375 0.468359375 0.8822916666666667 0.465625 0.9109375 0.467578125 0.9473958333333333 0.466796875 0.9796875 0.466015625 0.9895833333333334 0.4625 1 0.413671875 1 0.409375 0.9869791666666666 0.406640625 0.9078125 0.41171875 0.8489583333333334 0.416015625 0.8328125
5 0.5203125 0.8604166666666667 0.5390625 0.8677083333333333 0.544140625 0.8744791666666667 0.546875 0.8817708333333333 0.556640625 0.9375 0.55859375 0.971875 0.55703125 1 0.52421875 1 0.51328125 0.99375 0.507421875 0.9864583333333333 0.501953125 0.9505208333333334 0.501171875 0.9083333333333333 0.50234375 0.8869791666666667 0.50625 0.8729166666666667 0.511328125 0.8666666666666667
5 0.612109375 0.940625 0.626171875 0.9421875 0.634375 0.946875 0.63828125 0.9520833333333333 0.642578125 0.9625 0.64375 0.9864583333333333 0.646875 1 0.6 0.9994791666666667 0.594140625 0.984375 0.593359375 0.971875 0.59453125 0.9625 0.5984375 0.953125 0.605078125 0.9432291666666667
5 0.565625 0.7354166666666667 0.580078125 0.7375 0.58671875 0.7421875 0.60234375 0.7895833333333333 0.61875 0.8302083333333333 0.623828125 0.8390625 0.62734375 0.8375 0.628125 0.8442708333333333 0.630078125 0.846875 0.63046875 0.8640625 0.629296875 0.9322916666666666 0.6265625 0.9421875 0.613671875 0.9380208333333333 0.6109375 0.9197916666666667 0.60625 0.9359375 0.6046875 0.9380208333333333 0.60078125 0.9364583333333333 0.588671875 0.9182291666666667 0.5828125 0.9140625 0.569921875 0.8984375 0.56484375 0.8807291666666667 0.555859375 0.8770833333333333 0.55390625 0.8677083333333333 0.554296875 0.8411458333333334 0.552734375 0.8229166666666666 0.553125 0.7447916666666666 0.556640625 0.7401041666666667
5 0.655078125 0.7098958333333333 0.66875 0.7114583333333333 0.67578125 0.7151041666666667 0.67890625 0.7192708333333333 0.68125 0.7421875 0.692578125 0.778125 0.7 0.8114583333333333 0.703125 0.8354166666666667 0.706640625 0.8458333333333333 0.70625 0.8494791666666667 0.700390625 0.8604166666666667 0.697265625 0.8723958333333334 0.69453125 0.896875 0.69453125 0.93125 0.68984375 0.94375 0.684765625 0.95 0.68125 0.95 0.674609375 0.9458333333333333 0.667578125 0.9364583333333333 0.658984375 0.9072916666666667 0.648828125 0.8875 0.640625 0.8401041666666667 0.633984375 0.7677083333333333 0.634375 0.7333333333333333 0.63671875 0.721875 0.640234375 0.7166666666666667 0.645703125 0.7125
5 0.6 0.6260416666666667 0.6125 0.6260416666666667 0.61875 0.6317708333333333 0.62421875 0.6479166666666667 0.625 0.6963541666666667 0.6203125 0.7083333333333334 0.61796875 0.7208333333333333 0.61875 0.7713541666666667 0.610546875 0.7760416666666666 0.599609375 0.7776041666666667 0.594140625 0.7677083333333333 0.5875 0.7494791666666667 0.58671875 0.7427083333333333 0.581640625 0.7364583333333333 0.58125 0.7276041666666667 0.59140625 0.6473958333333333 0.5953125 0.6302083333333334
5 0.5875 0.5182291666666666 0.60078125 0.5208333333333334 0.60234375 0.5244791666666667 0.605859375 0.5255208333333333 0.606640625 0.5322916666666667 0.612109375 0.5348958333333333 0.612890625 0.615625 0.614453125 0.6182291666666667 0.613671875 0.621875 0.61484375 0.625 0.59375 0.6296875 0.58984375 0.6338541666666667 0.58125 0.6338541666666667 0.580078125 0.6307291666666667 0.581640625 0.6109375 0.580859375 0.5255208333333333 0.581640625 0.5208333333333334
5 0.523828125 0.5651041666666666 0.53359375 0.5703125 0.534765625 0.5859375 0.5375 0.5932291666666667 0.537890625 0.6760416666666667 0.534765625 0.6932291666666667 0.534375 0.709375 0.53203125 0.7145833333333333 0.53046875 0.703125 0.5265625 0.7015625 0.525390625 0.7223958333333333 0.51953125 0.740625 0.51953125 0.7567708333333333 0.515625 0.7635416666666667 0.51484375 0.7859375 0.505859375 0.7911458333333333 0.483203125 0.7869791666666667 0.480859375 0.7848958333333333 0.479296875 0.7770833333333333 0.48125 0.6760416666666667 0.483203125 0.659375 0.48984375 0.634375 0.492578125 0.6302083333333334 0.49375 0.6171875 0.49609375 0.6135416666666667 0.496875 0.603125 0.501171875 0.5854166666666667 0.5109375 0.5682291666666667
5 0.484765625 0.5114583333333333 0.4921875 0.5119791666666667 0.49921875 0.515625 0.50546875 0.5286458333333334 0.50859375 0.5291666666666667 0.512109375 0.5432291666666667 0.512109375 0.5666666666666667 0.505859375 0.5760416666666667 0.501953125 0.5864583333333333 0.493359375 0.6333333333333333 0.491796875 0.6348958333333333 0.48984375 0.6333333333333333 0.48671875 0.6197916666666666 0.483203125 0.61875 0.478515625 0.6328125 0.4765625 0.6447916666666667 0.469140625 0.6526041666666667 0.46875 0.6614583333333334 0.470703125 0.6697916666666667 0.465234375 0.6682291666666667 0.448046875 0.66875 0.43828125 0.671875 0.426171875 0.6723958333333333 0.423828125 0.6661458333333333 0.425 0.628125 0.43203125 0.6072916666666667 0.437109375 0.5723958333333333 0.44453125 0.5583333333333333 0.457421875 0.5473958333333333 0.464453125 0.5322916666666667 0.474609375 0.5182291666666666
5 0.52109375 0.46041666666666664 0.53125 0.46145833333333336 0.535546875 0.4640625 0.5421875 0.4739583333333333 0.544921875 0.484375 0.5453125 0.5057291666666667 0.54296875 0.5192708333333333 0.54296875 0.5322916666666667 0.5453125 0.5458333333333333 0.539453125 0.5703125 0.53359375 0.5760416666666667 0.513671875 0.5729166666666666 0.50859375 0.56875 0.512109375 0.5416666666666666 0.506640625 0.5078125 0.508203125 0.47291666666666665 0.509375 0.46770833333333334 0.5125 0.4640625
5 0.470703125 0.44635416666666666 0.474609375 0.4473958333333333 0.47734375 0.45208333333333334 0.48359375 0.4984375 0.483984375 0.5119791666666667 0.48125 0.5166666666666667 0.476171875 0.51875 0.46484375 0.5333333333333333 0.458984375 0.5338541666666666 0.456640625 0.5255208333333333 0.45703125 0.46770833333333334 0.459375 0.465625 0.46015625 0.4588541666666667 0.4625 0.45677083333333335 0.462890625 0.4479166666666667
5 0.490625 0.4322916666666667 0.49609375 0.43333333333333335 0.501171875 0.44114583333333335 0.507421875 0.46770833333333334 0.50625 0.4953125 0.508203125 0.5083333333333333 0.506640625 0.5125 0.50234375 0.5161458333333333 0.49453125 0.5166666666666667 0.489453125 0.5135416666666667 0.484765625 0.5067708333333333 0.482421875 0.4953125 0.481640625 0.4661458333333333 0.476171875 0.4427083333333333 0.479296875 0.43802083333333336
5 0.514453125 0.36614583333333334 0.521484375 0.3671875 0.525 0.3885416666666667 0.525 0.4244791666666667 0.521484375 0.4322916666666667 0.52109375 0.43697916666666664 0.518359375 0.41770833333333335 0.5125 0.4161458333333333 0.512109375 0.41041666666666665 0.509375 0.40677083333333336 0.508203125 0.371875 0.509765625 0.3671875
5 0.491015625 0.35833333333333334 0.4984375 0.359375 0.50390625 0.3671875 0.505859375 0.37552083333333336 0.505859375 0.3984375 0.503515625 0.39895833333333336 0.50078125 0.40625 0.500390625 0.428125 0.498828125 0.434375 0.496484375 0.43385416666666665 0.49453125 0.42552083333333335 0.493359375 0.409375 0.490625 0.40729166666666666 0.48984375 0.40208333333333335 0.483203125 0.39791666666666664 0.483984375 0.3958333333333333 0.48671875 0.3953125 0.4875 0.3625
5 0.526171875 0.32447916666666665 0.534375 0.3255208333333333 0.5359375 0.3302083333333333 0.534765625 0.3734375 0.531640625 0.38385416666666666 0.53046875 0.4 0.5265625 0.4015625 0.525 0.3885416666666667 0.522265625 0.3802083333333333 0.521875 0.3671875 0.51640625 0.3640625 0.515625 0.35885416666666664 0.516015625 0.34375 0.51875 0.33177083333333335 0.522265625 0.3260416666666667
5 0.494921875 0.3255208333333333 0.503125 0.3265625 0.5078125 0.33125 0.5078125 0.34322916666666664 0.505859375 0.3515625 0.503515625 0.35572916666666665 0.496875 0.35989583333333336 0.49375 0.35989583333333336 0.48984375 0.35625 0.48671875 0.3458333333333333 0.48671875 0.34010416666666665 0.489453125 0.33125