5 0.563671875 0.8369791666666667 0.566015625 0.8385416666666666 0.56875 0.8458333333333333 0.591796875 0.8505208333333333 0.596484375 0.853125 0.60625 0.8697916666666666 0.61640625 0.8942708333333333 0.6234375 0.9067708333333333 0.628125 0.9213541666666667 0.634375 0.9484375 0.640625 1 0.566015625 1 0.56171875 0.9229166666666667 0.55703125 0.8932291666666666 0.557421875 0.865625 0.558984375 0.8552083333333333 0.5609375 0.8536458333333333 0.56171875 0.8411458333333334
5 0.498046875 0.76875 0.512109375 0.7692708333333333 0.517578125 0.7755208333333333 0.52421875 0.7932291666666667 0.534765625 0.8322916666666667 0.54140625 0.8979166666666667 0.54140625 0.9380208333333333 0.54453125 1 0.501953125 1 0.49453125 0.9666666666666667 0.48984375 0.9270833333333334 0.48671875 0.8489583333333334 0.4796875 0.8125 0.47890625 0.79375 0.48125 0.7838541666666666 0.48671875 0.775
5 0.42265625 0.7677083333333333 0.436328125 0.7703125 0.44453125 0.7776041666666667 0.44921875 0.7848958333333333 0.45234375 0.796875 0.454296875 0.8197916666666667 0.4609375 0.846875 0.4625 0.8635416666666667 0.4640625 0.9447916666666667 0.46171875 0.9744791666666667 0.458203125 0.990625 0.4578125 1 0.41171875 1 0.41171875 0.9854166666666667 0.4078125 0.9729166666666667 0.40546875 0.95 0.402734375 0.9416666666666667 0.408984375 0.903125 0.41484375 0.7875 0.418359375 0.7723958333333333
5 0.39140625 0.7135416666666666 0.39921875 0.715625 0.40390625 0.7192708333333333 0.40625 0.7244791666666667 0.405859375 0.771875 0.397265625 0.8026041666666667 0.397265625 0.8270833333333333 0.39375 0.8473958333333333 0.39296875 0.8645833333333334 0.38984375 0.8677083333333333 0.384375 0.8822916666666667 0.37890625 0.9151041666666667 0.375390625 0.9182291666666667 0.36328125 0.91875 0.358984375 0.9145833333333333 0.357421875 0.909375 0.35390625 0.8802083333333334 0.3515625 0.8317708333333333 0.3515625 0.8234375 0.35546875 0.8104166666666667 0.35703125 0.7822916666666667 0.3609375 0.7677083333333333 0.363671875 0.7651041666666667 0.369921875 0.7286458333333333 0.374609375 0.7255208333333333 0.37578125 0.7171875 0.378515625 0.7182291666666667 0.381640625 0.715625
5 0.645703125 0.6645833333333333 0.656640625 0.6671875 0.66171875 0.6739583333333333 0.668359375 0.7182291666666667 0.67734375 0.7625 0.68046875 0.7723958333333333 0.68828125 0.7817708333333333 0.689453125 0.7854166666666667 0.68828125 0.7932291666666667 0.68515625 0.7984375 0.671484375 0.8005208333333333 0.668359375 0.8052083333333333 0.66640625 0.815625 0.665234375 0.8458333333333333 0.661328125 0.8546875 0.65703125 0.8583333333333333 0.646484375 0.8572916666666667 0.64375 0.8515625 0.641015625 0.8385416666666666 0.63828125 0.8140625 0.636328125 0.7328125 0.63046875 0.6994791666666667 0.630078125 0.6848958333333334 0.632421875 0.6713541666666667 0.637109375 0.6671875
5 0.55234375 0.6760416666666667 0.5609375 0.6786458333333333 0.568359375 0.6875 0.5859375 0.7479166666666667 0.591015625 0.753125 0.59296875 0.7578125 0.596484375 0.790625 0.596484375 0.8307291666666666 0.5953125 0.8447916666666667 0.590234375 0.8484375 0.578125 0.8479166666666667 0.574609375 0.8411458333333334 0.572265625 0.8270833333333333 0.569921875 0.8244791666666667 0.560546875 0.8234375 0.552734375 0.8197916666666667 0.54453125 0.8203125 0.543359375 0.8177083333333334 0.541796875 0.803125 0.5390625 0.7979166666666667 0.5390625 0.7390625 0.5375 0.7234375 0.534375 0.7135416666666666 0.534375 0.7020833333333333 0.539453125 0.6869791666666667 0.548046875 0.678125
5 0.60078125 0.6286458333333333 0.610546875 0.6291666666666667 0.615234375 0.634375 0.625 0.678125 0.623828125 0.6875 0.62109375 0.6885416666666667 0.61953125 0.6921875 0.618359375 0.7307291666666667 0.61328125 0.7494791666666667 0.611328125 0.7645833333333333 0.608203125 0.7635416666666667 0.601953125 0.7666666666666667 0.59765625 0.7640625 0.5859375 0.746875 0.588671875 0.7015625 0.589453125 0.6536458333333334 0.594921875 0.6333333333333333
5 0.522265625 0.4453125 0.527734375 0.4453125 0.534375 0.44895833333333335 0.537109375 0.4979166666666667 0.537109375 0.5067708333333333 0.533984375 0.5234375 0.525390625 0.54375 0.519921875 0.5416666666666666 0.51875 0.5359375 0.51328125 0.5328125 0.510546875 0.5104166666666666 0.512109375 0.5041666666666667 0.5125 0.45416666666666666 0.515234375 0.45
5 0.528125 0.5520833333333334 0.533203125 0.5526041666666667 0.535546875 0.5572916666666666 0.5375 0.5854166666666667 0.53671875 0.6265625 0.53359375 0.6395833333333333 0.53046875 0.6442708333333333 0.52578125 0.6588541666666666 0.52421875 0.6786458333333333 0.519140625 0.6901041666666666 0.5171875 0.7135416666666666 0.5125 0.7223958333333333 0.502734375 0.7239583333333334 0.498828125 0.7161458333333334 0.490625 0.7083333333333334 0.483984375 0.7072916666666667 0.480078125 0.7088541666666667 0.478125 0.6916666666666667 0.479296875 0.6875 0.4875 0.684375 0.491015625 0.6802083333333333 0.49375 0.6619791666666667 0.494140625 0.6291666666666667 0.50703125 0.5963541666666666 0.5125 0.5625 0.51640625 0.5567708333333333
5 0.583203125 0.496875 0.5953125 0.5 0.6 0.5052083333333334 0.61171875 0.5322916666666667 0.61640625 0.5557291666666667 0.617578125 0.5927083333333333 0.61484375 0.6234375 0.608984375 0.6338541666666667 0.59765625 0.6380208333333334 0.590234375 0.6380208333333334 0.587109375 0.6354166666666666 0.583203125 0.609375 0.576171875 0.590625 0.571484375 0.5317708333333333 0.575390625 0.5046875 0.579296875 0.49895833333333334
5 0.473046875 0.5151041666666667 0.49609375 0.5177083333333333 0.49921875 0.5208333333333334 0.5 0.5364583333333334 0.497265625 0.5447916666666667 0.496875 0.5645833333333333 0.49453125 0.5723958333333333 0.495703125 0.6213541666666667 0.49375 0.6291666666666667 0.491015625 0.6338541666666667 0.484765625 0.6359375 0.48125 0.6447916666666667 0.4609375 0.6432291666666666 0.45625 0.6458333333333334 0.444140625 0.6463541666666667 0.441015625 0.6484375 0.42890625 0.6447916666666667 0.425390625 0.6375 0.42578125 0.6255208333333333 0.43125 0.6234375 0.43515625 0.6171875 0.443359375 0.6161458333333333 0.444140625 0.6125 0.44453125 0.565625 0.449609375 0.5541666666666667 0.45546875 0.5484375 0.464453125 0.5239583333333333 0.468359375 0.5182291666666666
5 0.467578125 0.44947916666666665 0.480859375 0.4505208333333333 0.48359375 0.48333333333333334 0.48359375 0.5072916666666667 0.48203125 0.509375 0.48046875 0.521875 0.47265625 0.521875 0.467578125 0.5192708333333333 0.465625 0.5239583333333333 0.462890625 0.5255208333333333 0.462109375 0.5338541666666666 0.45625 0.5338541666666666 0.45625 0.49270833333333336 0.459375 0.49166666666666664 0.459375 0.4588541666666667 0.4625 0.45729166666666665 0.462890625 0.45
5 0.47421875 0.421875 0.479296875 0.421875 0.480859375 0.4244791666666667 0.4859375 0.4265625 0.496875 0.4515625 0.500390625 0.46979166666666666 0.50078125 0.4953125 0.499609375 0.5 0.491015625 0.5 0.490625 0.4942708333333333 0.487109375 0.49166666666666664 0.484765625 0.4635416666666667 0.480859375 0.4510416666666667 0.477734375 0.44895833333333335 0.46640625 0.44895833333333335 0.465625 0.4354166666666667 0.462890625 0.4322916666666667 0.46328125 0.4265625
5 0.5328125 0.32083333333333336 0.53515625 0.321875 0.535546875 0.353125 0.533984375 0.3645833333333333 0.531640625 0.36770833333333336 0.53125 0.3859375 0.5296875 0.39114583333333336 0.526953125 0.38229166666666664 0.528125 0.3645833333333333 0.519140625 0.3578125 0.518359375 0.34427083333333336 0.52578125 0.32864583333333336
5 0.494140625 0.346875 0.499609375 0.3484375 0.502734375 0.3541666666666667 0.504296875 0.3640625 0.5046875 0.3885416666666667 0.500390625 0.38958333333333334 0.499609375 0.4041666666666667 0.492578125 0.4166666666666667 0.4875 0.41458333333333336 0.487109375 0.3890625 0.480078125 0.38333333333333336 0.47890625 0.3776041666666667 0.48046875 0.3765625 0.483984375 0.3802083333333333 0.484375 0.35572916666666665 0.487890625 0.3494791666666667
5 0.5125 0.35625 0.5171875 0.3567708333333333 0.519921875 0.359375 0.52421875 0.37135416666666665 0.52578125 0.38229166666666664 0.52578125 0.4 0.52265625 0.4296875 0.51953125 0.4359375 0.513671875 0.4348958333333333 0.50703125 0.4114583333333333 0.505859375 0.3963541666666667 0.506640625 0.3645833333333333 0.507421875 0.35989583333333336
5 0.497265625 0.32083333333333336 0.502734375 0.32135416666666666 0.506640625 0.3255208333333333 0.506640625 0.3458333333333333 0.5046875 0.34739583333333335 0.494140625 0.3458333333333333 0.493359375 0.340625 0.491796875 0.340625 0.490234375 0.3463541666666667 0.48515625 0.3463541666666667 0.484375 0.3375 0.48515625 0.3338541666666667 0.487109375 0.3333333333333333 0.4875 0.3255208333333333