5 0.3765625 0.7536458333333333 0.391796875 0.7557291666666667 0.39609375 0.7588541666666667 0.400390625 0.7666666666666667 0.40546875 0.7885416666666667 0.40625 0.8255208333333334 0.4046875 0.8458333333333333 0.4 0.8713541666666667 0.40078125 0.8989583333333333 0.398828125 0.9260416666666667 0.391796875 0.9567708333333333 0.39296875 0.9864583333333333 0.37734375 0.9953125 0.367578125 0.9984375 0.364453125 0.9958333333333333 0.359375 0.9864583333333333 0.355078125 0.9677083333333333 0.3484375 0.8895833333333333 0.348828125 0.85 0.353125 0.809375 0.359375 0.7838541666666666 0.360546875 0.7619791666666667 0.365234375 0.7572916666666667
5 0.42734375 0.8098958333333334 0.434375 0.8109375 0.4484375 0.8197916666666667 0.45703125 0.8317708333333333 0.46171875 0.8458333333333333 0.469140625 0.9109375 0.471875 0.9713541666666666 0.47109375 0.9890625 0.46796875 0.9963541666666667 0.463671875 1 0.4109375 1 0.408984375 0.9885416666666667 0.410546875 0.9328125 0.409765625 0.8838541666666667 0.4125 0.825 0.4171875 0.815625
5 0.51796875 0.8286458333333333 0.530859375 0.83125 0.53828125 0.8375 0.543359375 0.8479166666666667 0.5484375 0.8713541666666667 0.555859375 0.9447916666666667 0.555078125 0.9864583333333333 0.549609375 1 0.51484375 1 0.5078125 0.9911458333333333 0.50546875 0.9854166666666667 0.502734375 0.9572916666666667 0.4984375 0.8473958333333333 0.50078125 0.8395833333333333 0.50546875 0.8328125
5 0.60859375 0.9057291666666667 0.621875 0.9104166666666667 0.632421875 0.925 0.63984375 0.9505208333333334 0.6453125 1 0.612890625 1 0.598828125 0.9880208333333333 0.59453125 0.9817708333333334 0.59140625 0.9645833333333333 0.591015625 0.925 0.595703125 0.9166666666666666
5 0.559765625 0.715625 0.56484375 0.715625 0.5765625 0.7208333333333333 0.587890625 0.7359375 0.590625 0.7427083333333333 0.594921875 0.7671875 0.6 0.784375 0.606640625 0.7963541666666667 0.612109375 0.815625 0.61875 0.8234375 0.619140625 0.8932291666666666 0.61875 0.9052083333333333 0.6171875 0.9067708333333333 0.598828125 0.9119791666666667 0.587890625 0.9125 0.583984375 0.9046875 0.58046875 0.9020833333333333 0.57265625 0.9010416666666666 0.566015625 0.9046875 0.56015625 0.8723958333333334 0.558203125 0.8703125 0.55390625 0.8708333333333333 0.55234375 0.8791666666666667 0.549609375 0.8807291666666667 0.5484375 0.8786458333333333 0.54296875 0.8505208333333333 0.54453125 0.75 0.546875 0.7265625 0.550390625 0.7203125
5 0.653125 0.6932291666666667 0.665625 0.6953125 0.675390625 0.7083333333333334 0.68359375 0.7494791666666667 0.690234375 0.7666666666666667 0.697265625 0.8067708333333333 0.701953125 0.821875 0.701953125 0.8328125 0.69765625 0.8494791666666667 0.69296875 0.8963541666666667 0.690234375 0.9020833333333333 0.683984375 0.9072916666666667 0.66640625 0.9052083333333333 0.656640625 0.8994791666666667 0.646484375 0.8791666666666667 0.643359375 0.8630208333333333 0.640234375 0.8171875 0.63359375 0.7598958333333333 0.633203125 0.7161458333333334 0.634765625 0.7036458333333333 0.63828125 0.696875 0.643359375 0.6942708333333333
5 0.605859375 0.6276041666666666 0.61484375 0.628125 0.61875 0.6338541666666667 0.62421875 0.6703125 0.625 0.6869791666666667 0.6171875 0.7072916666666667 0.612890625 0.7390625 0.6125 0.7682291666666666 0.6046875 0.7666666666666667 0.598828125 0.7734375 0.596875 0.7734375 0.587890625 0.753125 0.58671875 0.7364583333333333 0.583984375 0.7322916666666667 0.584375 0.7104166666666667 0.58828125 0.6890625 0.590625 0.6552083333333333 0.594921875 0.6354166666666666 0.6 0.6286458333333333
5 0.525390625 0.5604166666666667 0.531640625 0.5614583333333333 0.535546875 0.5677083333333334 0.54296875 0.6119791666666666 0.54296875 0.6239583333333333 0.5375 0.6609375 0.5359375 0.7104166666666667 0.5296875 0.7447916666666666 0.526171875 0.7552083333333334 0.508984375 0.7723958333333333 0.50390625 0.7755208333333333 0.494921875 0.7765625 0.48984375 0.7734375 0.480859375 0.7583333333333333 0.480859375 0.721875 0.482421875 0.70625 0.481640625 0.6791666666666667 0.484765625 0.6447916666666667 0.496484375 0.6088541666666667 0.50234375 0.578125 0.5109375 0.565625 0.517578125 0.5614583333333333
5 0.591796875 0.5114583333333333 0.598828125 0.5125 0.6078125 0.521875 0.611328125 0.534375 0.6140625 0.5661458333333333 0.613671875 0.6265625 0.610546875 0.634375 0.596875 0.64375 0.59375 0.6416666666666667 0.58828125 0.6223958333333334 0.586328125 0.5828125 0.577734375 0.534375 0.5796875 0.5182291666666666 0.58359375 0.5145833333333333
5 0.486328125 0.5114583333333333 0.492578125 0.5119791666666667 0.4984375 0.5151041666666667 0.5015625 0.5244791666666667 0.504296875 0.5276041666666667 0.50546875 0.5338541666666666 0.506640625 0.5473958333333333 0.505859375 0.5677083333333334 0.499609375 0.6145833333333334 0.494921875 0.6223958333333334 0.49453125 0.5869791666666667 0.49296875 0.5760416666666667 0.487890625 0.5817708333333333 0.484375 0.615625 0.481640625 0.6213541666666667 0.48046875 0.6322916666666667 0.476171875 0.6411458333333333 0.46640625 0.6427083333333333 0.458203125 0.6505208333333333 0.433984375 0.6526041666666667 0.43125 0.6239583333333333 0.436328125 0.6010416666666667 0.437109375 0.5760416666666667 0.439453125 0.5666666666666667 0.441796875 0.5614583333333333 0.44609375 0.559375 0.455859375 0.5479166666666667 0.463671875 0.5317708333333333 0.472265625 0.5203125
5 0.517578125 0.4588541666666667 0.524609375 0.459375 0.53046875 0.4635416666666667 0.53515625 0.471875 0.53671875 0.48125 0.5375 0.5520833333333334 0.534375 0.5645833333333333 0.531640625 0.5661458333333333 0.526171875 0.5645833333333333 0.523828125 0.5598958333333334 0.51953125 0.5604166666666667 0.518359375 0.5578125 0.51796875 0.5520833333333334 0.515625 0.5494791666666666 0.512890625 0.5145833333333333 0.512109375 0.534375 0.51015625 0.5322916666666667 0.508984375 0.5005208333333333 0.51015625 0.4869791666666667 0.5109375 0.49947916666666664 0.512109375 0.49947916666666664 0.512109375 0.465625 0.513671875 0.46145833333333336
5 0.469140625 0.44895833333333335 0.47421875 0.44947916666666665 0.47890625 0.4546875 0.48125 0.5052083333333334 0.475 0.51875 0.467578125 0.525 0.464453125 0.5229166666666667 0.4625 0.5171875 0.461328125 0.4901041666666667 0.4640625 0.4546875
5 0.48984375 0.4322916666666667 0.49375 0.4328125 0.498046875 0.4390625 0.505078125 0.4671875 0.50390625 0.5057291666666667 0.500390625 0.5114583333333333 0.494921875 0.5140625 0.48984375 0.5125 0.484375 0.5046875 0.48203125 0.4859375 0.481640625 0.465625 0.476953125 0.44635416666666666 0.477734375 0.4401041666666667 0.48125 0.4354166666666667
5 0.4921875 0.3541666666666667 0.499609375 0.35572916666666665 0.503515625 0.365625 0.505859375 0.3828125 0.50546875 0.4005208333333333 0.49921875 0.41354166666666664 0.5 0.4203125 0.497265625 0.42864583333333334 0.495703125 0.42864583333333334 0.491015625 0.4203125 0.48984375 0.4046875 0.4875 0.4 0.48828125 0.36302083333333335 0.488671875 0.359375
5 0.513671875 0.3619791666666667 0.524609375 0.36354166666666665 0.52578125 0.378125 0.52734375 0.3802083333333333 0.525390625 0.3885416666666667 0.52734375 0.4114583333333333 0.524609375 0.41354166666666664 0.525 0.4473958333333333 0.518359375 0.4473958333333333 0.514453125 0.40989583333333335 0.5125 0.4078125 0.512109375 0.4005208333333333 0.509765625 0.4 0.50625 0.3932291666666667 0.50625 0.3703125 0.509375 0.3640625
5 0.495703125 0.3234375 0.505078125 0.32916666666666666 0.506640625 0.3416666666666667 0.503125 0.353125 0.496484375 0.36041666666666666 0.49296875 0.36041666666666666 0.487109375 0.353125 0.48515625 0.34010416666666665 0.48984375 0.3265625
5 0.526953125 0.32395833333333335 0.5359375 0.3260416666666667 0.5359375 0.35885416666666664 0.531640625 0.37083333333333335 0.527734375 0.3697916666666667 0.524609375 0.3625 0.523828125 0.35572916666666665 0.521875 0.36041666666666666 0.515625 0.3567708333333333 0.5203125 0.32916666666666666 0.51953125 0.3265625