5 0.365625 0.8026041666666667 0.380859375 0.8026041666666667 0.394140625 0.8088541666666667 0.39921875 0.8177083333333334 0.402734375 0.8354166666666667 0.4046875 0.8796875 0.399609375 0.9348958333333334 0.3984375 0.9875 0.39296875 1 0.346875 1 0.340625 0.9864583333333333 0.3375 0.9744791666666667 0.34140625 0.9072916666666667 0.345703125 0.875 0.353515625 0.834375 0.355078125 0.8140625 0.358984375 0.8057291666666667
5 0.43515625 0.8494791666666667 0.44375 0.85 0.46015625 0.8604166666666667 0.46953125 0.8734375 0.473828125 0.8854166666666666 0.475390625 0.9104166666666667 0.471484375 0.9348958333333334 0.472265625 1 0.40859375 1 0.4046875 0.9875 0.403125 0.9333333333333333 0.404296875 0.9015625 0.40625 0.8890625 0.412109375 0.8734375 0.42421875 0.8546875 0.42890625 0.8505208333333333
5 0.530859375 0.896875 0.546875 0.9041666666666667 0.553515625 0.9130208333333333 0.55625 0.9239583333333333 0.561328125 0.9635416666666666 0.56328125 1 0.51328125 1 0.506640625 0.9854166666666667 0.503125 0.9583333333333334 0.503515625 0.9213541666666667 0.50703125 0.9125 0.513671875 0.9046875
5 0.58125 0.7458333333333333 0.583984375 0.746875 0.59921875 0.76875 0.60546875 0.7848958333333333 0.625390625 0.821875 0.633203125 0.85 0.648046875 0.8734375 0.6515625 0.8833333333333333 0.653125 0.8994791666666667 0.653515625 0.9697916666666667 0.651171875 0.9895833333333334 0.646875 0.9989583333333333 0.634375 0.9947916666666666 0.621484375 0.99375 0.60703125 0.984375 0.591796875 0.978125 0.586328125 0.9739583333333334 0.576953125 0.9619791666666667 0.573046875 0.9526041666666667 0.566796875 0.9072916666666667 0.5625 0.8348958333333333 0.556640625 0.8083333333333333 0.55625 0.7828125 0.5578125 0.771875 0.563671875 0.759375 0.57109375 0.7505208333333333
5 0.655859375 0.7333333333333333 0.66796875 0.7359375 0.674609375 0.7427083333333333 0.67578125 0.7552083333333334 0.68046875 0.7630208333333334 0.682421875 0.7723958333333333 0.68671875 0.7822916666666667 0.690625 0.8026041666666667 0.7015625 0.828125 0.709765625 0.8546875 0.712109375 0.85625 0.720703125 0.8552083333333333 0.725390625 0.8604166666666667 0.72578125 0.8697916666666666 0.72421875 0.8734375 0.713671875 0.8744791666666667 0.70703125 0.878125 0.705859375 0.9572916666666667 0.693359375 0.9473958333333333 0.684765625 0.9354166666666667 0.676953125 0.9291666666666667 0.665625 0.928125 0.659375 0.9302083333333333 0.65625 0.9255208333333333 0.653125 0.9078125 0.65234375 0.8770833333333333 0.64765625 0.8567708333333334 0.646484375 0.8359375 0.637109375 0.7734375 0.63828125 0.7510416666666667 0.644921875 0.7411458333333333
5 0.605078125 0.6244791666666667 0.608984375 0.625 0.621484375 0.6328125 0.62734375 0.6817708333333333 0.627734375 0.6963541666666667 0.625390625 0.7161458333333334 0.6265625 0.7375 0.625 0.775 0.6234375 0.7885416666666667 0.61953125 0.7989583333333333 0.60703125 0.7932291666666667 0.5984375 0.7765625 0.59140625 0.7677083333333333 0.583984375 0.7625 0.572265625 0.759375 0.575 0.7520833333333333 0.58203125 0.7151041666666667 0.584375 0.6963541666666667 0.58671875 0.6447916666666667 0.596484375 0.6270833333333333
5 0.518359375 0.5723958333333333 0.52890625 0.5723958333333333 0.531640625 0.5744791666666667 0.534375 0.5817708333333333 0.53671875 0.6052083333333333 0.53671875 0.6255208333333333 0.533984375 0.6572916666666667 0.527734375 0.6947916666666667 0.525390625 0.7208333333333333 0.52578125 0.7505208333333333 0.523046875 0.7635416666666667 0.519921875 0.76875 0.508984375 0.7776041666666667 0.49296875 0.7833333333333333 0.48125 0.7703125 0.475390625 0.7494791666666667 0.468359375 0.7348958333333333 0.480078125 0.7088541666666667 0.478125 0.6604166666666667 0.48125 0.6453125 0.48203125 0.63125 0.4875 0.6083333333333333 0.50390625 0.5796875
5 0.5953125 0.5255208333333333 0.60390625 0.5276041666666667 0.609765625 0.5317708333333333 0.612109375 0.5447916666666667 0.6140625 0.5739583333333333 0.61328125 0.6328125 0.609765625 0.6380208333333334 0.6014013208629233 0.6268595687367235 0.6002292933414701 0.6292047865608147 0.5972991798278533 0.6237326613390743 0.5937830078435259 0.6370220997859629 0.5972991798278533 0.6323316939584641 0.591015625 0.6385416666666667 0.58359375 0.596875 0.58515625 0.5375 0.58828125 0.5296875
5 0.48671875 0.5151041666666667 0.496875 0.5151041666666667 0.505078125 0.5234375 0.5109375 0.5416666666666666 0.513671875 0.5703125 0.507421875 0.5770833333333333 0.497265625 0.6010416666666667 0.49375 0.6145833333333334 0.4921875 0.6286458333333333 0.486328125 0.6453125 0.48125 0.6520833333333333 0.466015625 0.6494791666666667 0.455859375 0.65 0.45078125 0.6515625 0.445703125 0.65625 0.430859375 0.653125 0.42734375 0.6489583333333333 0.426171875 0.6307291666666667 0.4328125 0.6067708333333334 0.43515625 0.5807291666666666 0.438671875 0.56875 0.4453125 0.5583333333333333 0.454296875 0.5515625 0.4625 0.5369791666666667 0.472265625 0.5244791666666667
5 0.5265625 0.4708333333333333 0.533984375 0.47239583333333335 0.540234375 0.48125 0.543359375 0.5140625 0.54296875 0.5546875 0.5359375 0.5739583333333333 0.531640625 0.5791666666666667 0.521484375 0.5734375 0.517578125 0.5682291666666667 0.51328125 0.5109375 0.51328125 0.4791666666666667 0.518359375 0.47291666666666665
5 0.468359375 0.44895833333333335 0.472265625 0.44895833333333335 0.476953125 0.4546875 0.483203125 0.49947916666666664 0.483203125 0.509375 0.48125 0.5177083333333333 0.473046875 0.53125 0.46875 0.5354166666666667 0.466015625 0.5348958333333333 0.4640625 0.5302083333333333 0.4625 0.4947916666666667 0.46328125 0.45729166666666665 0.46484375 0.45260416666666664
5 0.490234375 0.4354166666666667 0.494140625 0.4354166666666667 0.498828125 0.4401041666666667 0.509765625 0.46822916666666664 0.5109375 0.4765625 0.509765625 0.49635416666666665 0.51171875 0.5083333333333333 0.51015625 0.51875 0.50703125 0.5223958333333333 0.49140625 0.51875 0.486328125 0.5083333333333333 0.482421875 0.4734375 0.4765625 0.4546875 0.4765625 0.44479166666666664 0.478125 0.44114583333333335
5 0.493359375 0.3671875 0.501953125 0.3692708333333333 0.505859375 0.37864583333333335 0.50625 0.4036458333333333 0.5 0.41822916666666665 0.49921875 0.44166666666666665 0.496875 0.44114583333333335 0.49609375 0.434375 0.49296875 0.43385416666666665 0.493359375 0.42083333333333334 0.491015625 0.4192708333333333 0.490234375 0.4119791666666667 0.486328125 0.40520833333333334 0.487109375 0.37604166666666666
5 0.516015625 0.37083333333333335 0.52109375 0.37135416666666665 0.5234375 0.37552083333333336 0.52890625 0.3932291666666667 0.531640625 0.4114583333333333 0.539453125 0.4125 0.540625 0.41458333333333336 0.537890625 0.41770833333333335 0.537109375 0.425 0.534765625 0.4270833333333333 0.53359375 0.45 0.525 0.45 0.524609375 0.4270833333333333 0.523828125 0.43125 0.519921875 0.43385416666666665 0.510546875 0.4348958333333333 0.506640625 0.43333333333333335 0.50625 0.3796875 0.5109375 0.37135416666666665
5 0.521484375 0.325 0.5296875 0.32708333333333334 0.534375 0.3380208333333333 0.53515625 0.36770833333333336 0.5296875 0.3880208333333333 0.525390625 0.38697916666666665 0.523046875 0.37604166666666666 0.51953125 0.37447916666666664 0.516015625 0.36822916666666666 0.513671875 0.3567708333333333 0.5140625 0.33645833333333336
5 0.491015625 0.325 0.506640625 0.3260416666666667 0.50546875 0.36822916666666666 0.489453125 0.36770833333333336 0.4875 0.365625 0.487890625 0.334375 0.48984375 0.3333333333333333