5 0.3671875 0.7947916666666667 0.38046875 0.7947916666666667 0.391015625 0.8010416666666667 0.39765625 0.8083333333333333 0.401953125 0.8223958333333333 0.4046875 0.8588541666666667 0.40390625 0.9166666666666666 0.398828125 0.9708333333333333 0.398828125 0.9875 0.39375 1 0.356640625 1 0.352734375 0.9984375 0.34296875 0.9895833333333334 0.337109375 0.9703125 0.336328125 0.9473958333333333 0.33984375 0.8901041666666667 0.346875 0.8609375 0.355078125 0.8098958333333334 0.361328125 0.7989583333333333
5 0.439453125 0.8447916666666667 0.445703125 0.8458333333333333 0.4609375 0.8578125 0.4703125 0.871875 0.47265625 0.88125 0.473046875 0.9 0.46953125 0.9260416666666667 0.469140625 0.9880208333333333 0.4671875 1 0.412109375 1 0.40859375 0.9864583333333333 0.406640625 0.959375 0.406640625 0.9239583333333333 0.411328125 0.8729166666666667 0.416015625 0.8619791666666666 0.421484375 0.8541666666666666
5 0.519140625 0.8796875 0.530859375 0.88125 0.53984375 0.8859375 0.5484375 0.8947916666666667 0.552734375 0.9046875 0.559765625 0.9369791666666667 0.562890625 0.9703125 0.5625 1 0.515234375 1 0.504296875 0.9869791666666666 0.50234375 0.9666666666666667 0.501953125 0.909375 0.506640625 0.8942708333333333 0.515625 0.8817708333333333
5 0.621484375 0.959375 0.63359375 0.9609375 0.641796875 0.9697916666666667 0.644140625 0.9755208333333333 0.644921875 0.9869791666666666 0.64921875 1 0.596875 1 0.60859375 0.9723958333333333
5 0.575 0.7494791666666667 0.57890625 0.7505208333333333 0.59296875 0.7614583333333333 0.600390625 0.7817708333333333 0.611328125 0.8036458333333333 0.63359375 0.8567708333333334 0.643359375 0.8609375 0.64375 0.9578125 0.642578125 0.9619791666666667 0.634765625 0.9630208333333333 0.62890625 0.9614583333333333 0.6203125 0.9635416666666666 0.6171875 0.9604166666666667 0.612890625 0.9682291666666667 0.59609375 0.9666666666666667 0.591015625 0.9588541666666667 0.58515625 0.9458333333333333 0.582421875 0.9348958333333334 0.576171875 0.9239583333333333 0.57265625 0.9322916666666666 0.5671875 0.934375 0.5640625 0.93125 0.5625 0.8552083333333333 0.561328125 0.84375 0.556640625 0.825 0.557421875 0.7692708333333333 0.560546875 0.7625
5 0.660546875 0.7286458333333333 0.66796875 0.7296875 0.67421875 0.7348958333333333 0.676953125 0.7536458333333333 0.683984375 0.7692708333333333 0.687890625 0.7885416666666667 0.6921875 0.7994791666666666 0.6984375 0.8026041666666667 0.700390625 0.8130208333333333 0.705859375 0.821875 0.70703125 0.8333333333333334 0.7125 0.8479166666666667 0.71796875 0.8505208333333333 0.719140625 0.8536458333333333 0.718359375 0.8744791666666667 0.706640625 0.8802083333333334 0.705859375 0.9307291666666667 0.704296875 0.94375 0.702734375 0.9484375 0.69296875 0.9526041666666667 0.68515625 0.9515625 0.673046875 0.94375 0.669140625 0.9270833333333334 0.663671875 0.9171875 0.662109375 0.9046875 0.658203125 0.8979166666666667 0.65546875 0.8786458333333333 0.65 0.8770833333333333 0.64765625 0.8791666666666667 0.647265625 0.8765625 0.643359375 0.8036458333333333 0.63828125 0.7911458333333333 0.63828125 0.7552083333333334 0.640625 0.7390625 0.642578125 0.7348958333333333
5 0.608984375 0.6260416666666667 0.61484375 0.6270833333333333 0.618359375 0.6322916666666667 0.62421875 0.6802083333333333 0.621484375 0.7151041666666667 0.621484375 0.76875 0.619921875 0.7802083333333333 0.616015625 0.7796875 0.615625 0.7770833333333333 0.612890625 0.775 0.605859375 0.7859375 0.603125 0.7859375 0.59765625 0.7755208333333333 0.59296875 0.759375 0.58125 0.7536458333333333 0.58125 0.7119791666666667 0.587109375 0.6869791666666667 0.5875 0.6640625 0.58515625 0.6541666666666667 0.584765625 0.6411458333333333 0.5921875 0.6317708333333333
5 0.51953125 0.565625 0.526953125 0.5671875 0.531640625 0.5723958333333333 0.534375 0.58125 0.537109375 0.6083333333333333 0.537109375 0.6223958333333334 0.53359375 0.6572916666666667 0.528515625 0.6828125 0.523828125 0.7208333333333333 0.525 0.74375 0.52265625 0.765625 0.51796875 0.7822916666666667 0.508984375 0.7932291666666667 0.503515625 0.7953125 0.47109375 0.7932291666666667 0.468359375 0.7901041666666667 0.466015625 0.7822916666666667 0.466015625 0.7619791666666667 0.469921875 0.7473958333333334 0.470703125 0.7328125 0.479296875 0.7041666666666667 0.4796875 0.6807291666666667 0.478125 0.6677083333333333 0.48515625 0.621875 0.490234375 0.6046875 0.5015625 0.5807291666666666 0.50703125 0.5739583333333333
5 0.592578125 0.5239583333333333 0.60546875 0.5260416666666666 0.60703125 0.5354166666666667 0.61171875 0.5447916666666667 0.612890625 0.6145833333333334 0.61171875 0.6244791666666667 0.601171875 0.6265625 0.587109375 0.6369791666666667 0.586328125 0.6177083333333333 0.584765625 0.6135416666666667 0.585546875 0.6 0.583984375 0.5947916666666667 0.584375 0.5328125 0.586328125 0.5260416666666666
5 0.487109375 0.5140625 0.496875 0.5151041666666667 0.50546875 0.5223958333333333 0.511328125 0.5427083333333333 0.512109375 0.5671875 0.50625 0.5760416666666667 0.498046875 0.5953125 0.49609375 0.5953125 0.494921875 0.5885416666666666 0.488671875 0.5921875 0.482421875 0.6052083333333333 0.475390625 0.6296875 0.475 0.6510416666666666 0.4421875 0.6520833333333333 0.42578125 0.65 0.42578125 0.6255208333333333 0.43125 0.6125 0.436328125 0.5760416666666667 0.43984375 0.5630208333333333 0.443359375 0.5588541666666667 0.4546875 0.553125 0.4578125 0.5494791666666666 0.465234375 0.5328125 0.476953125 0.5197916666666667
5 0.5203125 0.4640625 0.526953125 0.465625 0.534375 0.4703125 0.541015625 0.478125 0.543359375 0.4859375 0.54375 0.5338541666666666 0.545703125 0.5458333333333333 0.533984375 0.571875 0.531640625 0.5739583333333333 0.522265625 0.571875 0.51875 0.56875 0.513671875 0.5463541666666667 0.512890625 0.478125 0.516015625 0.46770833333333334
5 0.471875 0.44427083333333334 0.474609375 0.44427083333333334 0.47578125 0.4505208333333333 0.48125 0.4546875 0.48203125 0.47552083333333334 0.484375 0.484375 0.484375 0.5140625 0.48046875 0.5203125 0.47265625 0.5265625 0.469140625 0.5333333333333333 0.46328125 0.5348958333333333 0.45859375 0.5317708333333333 0.45625 0.4635416666666667 0.461328125 0.4630208333333333 0.462890625 0.44947916666666665
5 0.490625 0.434375 0.496484375 0.4359375 0.50078125 0.4421875 0.509765625 0.46927083333333336 0.512109375 0.5119791666666667 0.51015625 0.5208333333333334 0.507421875 0.5234375 0.491015625 0.515625 0.48515625 0.5057291666666667 0.483984375 0.48020833333333335 0.48125 0.4661458333333333 0.476953125 0.45416666666666666 0.476171875 0.44427083333333334 0.478515625 0.4395833333333333
5 0.515625 0.3671875 0.527734375 0.36822916666666666 0.528515625 0.3963541666666667 0.53046875 0.4078125 0.53203125 0.4125 0.537109375 0.4125 0.537890625 0.41458333333333336 0.53671875 0.4197916666666667 0.531640625 0.41822916666666665 0.53125 0.4479166666666667 0.5203125 0.4479166666666667 0.51875 0.4427083333333333 0.518359375 0.42864583333333334 0.517578125 0.43333333333333335 0.512890625 0.4322916666666667 0.51171875 0.4114583333333333 0.509375 0.4078125 0.50859375 0.3723958333333333 0.511328125 0.36875
5 0.493359375 0.35520833333333335 0.497265625 0.35520833333333335 0.50390625 0.3609375 0.50703125 0.36770833333333336 0.50859375 0.3807291666666667 0.505859375 0.4078125 0.498828125 0.42864583333333334 0.496484375 0.4317708333333333 0.49296875 0.4317708333333333 0.491015625 0.42864583333333334 0.48515625 0.4010416666666667 0.487890625 0.36822916666666666 0.491015625 0.3578125
5 0.521484375 0.325 0.530859375 0.3265625 0.533984375 0.3296875 0.535546875 0.33541666666666664 0.535546875 0.3609375 0.529296875 0.3796875 0.52109375 0.37864583333333335 0.516015625 0.35885416666666664 0.517578125 0.3307291666666667
5 0.49609375 0.3255208333333333 0.505859375 0.32708333333333334 0.508203125 0.3333333333333333 0.503515625 0.35520833333333335 0.496484375 0.3614583333333333 0.493359375 0.3614583333333333 0.487890625 0.35520833333333335 0.487890625 0.340625 0.491015625 0.3296875