5 0.3828125 0.73125 0.394140625 0.7317708333333334 0.40625 0.74375 0.414453125 0.7708333333333334 0.415625 0.7854166666666667 0.40703125 0.8119791666666667 0.40390625 0.834375 0.400390625 0.8479166666666667 0.399609375 0.875 0.385546875 0.9317708333333333 0.37265625 0.9625 0.36875 0.98125 0.366015625 0.98125 0.36328125 0.9630208333333333 0.35859375 0.9473958333333333 0.357421875 0.9229166666666667 0.353515625 0.8947916666666667 0.351953125 0.8625 0.353125 0.815625 0.355078125 0.7963541666666667 0.365234375 0.7463541666666667 0.373046875 0.7354166666666667
5 0.420703125 0.7927083333333333 0.43203125 0.7927083333333333 0.440625 0.7953125 0.446875 0.7989583333333333 0.45078125 0.8041666666666667 0.453515625 0.8109375 0.45703125 0.8364583333333333 0.4625 0.85625 0.465625 0.8770833333333333 0.467578125 0.9067708333333333 0.469140625 0.9755208333333333 0.468359375 0.9869791666666666 0.459765625 1 0.41328125 1 0.40859375 0.9869791666666666 0.406640625 0.9625 0.409375 0.9244791666666666 0.409375 0.8744791666666667 0.412890625 0.8255208333333334 0.4125 0.8005208333333333 0.414453125 0.7953125
5 0.505859375 0.79375 0.508984375 0.7942708333333334 0.526171875 0.8067708333333333 0.535546875 0.8203125 0.54375 0.8541666666666666 0.55234375 0.8770833333333333 0.566796875 0.9432291666666667 0.569140625 0.9619791666666667 0.56875 0.9739583333333334 0.5671875 0.9786458333333333 0.5546875 1 0.523828125 1 0.519921875 0.9984375 0.50546875 1 0.501171875 0.9895833333333334 0.4984375 0.9145833333333333 0.49140625 0.8489583333333334 0.490234375 0.8177083333333334 0.4921875 0.8078125
5 0.58359375 0.8682291666666667 0.597265625 0.8692708333333333 0.611328125 0.8786458333333333 0.614453125 0.8833333333333333 0.62109375 0.9041666666666667 0.62890625 0.9109375 0.633984375 0.9234375 0.63828125 0.9291666666666667 0.643359375 0.94375 0.646484375 0.9588541666666667 0.648828125 1 0.58125 1 0.573046875 0.9630208333333333 0.570703125 0.9369791666666667 0.566796875 0.915625 0.56640625 0.8984375 0.566796875 0.8880208333333334 0.56875 0.8817708333333333 0.576953125 0.871875
5 0.64375 0.6760416666666667 0.65859375 0.6791666666666667 0.666015625 0.6895833333333333 0.676953125 0.7203125 0.685546875 0.7583333333333333 0.687109375 0.7833333333333333 0.689453125 0.7953125 0.6890625 0.8098958333333334 0.683984375 0.8229166666666666 0.683203125 0.8302083333333333 0.684375 0.8463541666666666 0.68359375 0.8776041666666666 0.68046875 0.8828125 0.671484375 0.8848958333333333 0.659375 0.8921875 0.64609375 0.8828125 0.640234375 0.8619791666666666 0.633984375 0.8177083333333334 0.633203125 0.7697916666666667 0.6265625 0.715625 0.626953125 0.6953125 0.62890625 0.6895833333333333 0.633203125 0.6822916666666666
5 0.55234375 0.6942708333333333 0.56484375 0.6953125 0.57578125 0.6984375 0.58046875 0.7020833333333333 0.5828125 0.7078125 0.583203125 0.7213541666666666 0.588671875 0.7375 0.59375 0.7598958333333333 0.60703125 0.7958333333333333 0.609375 0.8098958333333334 0.609765625 0.825 0.60625 0.859375 0.60390625 0.8666666666666667 0.597265625 0.8723958333333334 0.57265625 0.8692708333333333 0.558984375 0.8645833333333334 0.555859375 0.8588541666666667 0.5546875 0.8489583333333334 0.5484375 0.8348958333333333 0.54140625 0.7963541666666667 0.537109375 0.7270833333333333 0.537890625 0.7098958333333333 0.539453125 0.7046875 0.54375 0.6979166666666666
5 0.605859375 0.625 0.6171875 0.6302083333333334 0.620703125 0.6354166666666666 0.626171875 0.6807291666666667 0.625390625 0.6963541666666667 0.6203125 0.7083333333333334 0.61640625 0.7234375 0.61484375 0.7447916666666666 0.616015625 0.7833333333333333 0.609375 0.7932291666666667 0.60390625 0.790625 0.594140625 0.7755208333333333 0.58671875 0.7463541666666667 0.58671875 0.73125 0.590625 0.7078125 0.591015625 0.6447916666666667 0.594140625 0.6317708333333333 0.598046875 0.6276041666666666
5 0.520703125 0.5572916666666666 0.53046875 0.5572916666666666 0.536328125 0.5598958333333334 0.541015625 0.5786458333333333 0.54375 0.6229166666666667 0.53828125 0.6432291666666666 0.537890625 0.7020833333333333 0.534375 0.7166666666666667 0.528515625 0.7229166666666667 0.523046875 0.7328125 0.501953125 0.7328125 0.490234375 0.7286458333333333 0.485546875 0.721875 0.481640625 0.7213541666666666 0.477734375 0.7177083333333333 0.47578125 0.7145833333333333 0.476171875 0.7046875 0.481640625 0.659375 0.486328125 0.6510416666666666 0.487890625 0.6364583333333333 0.49296875 0.63125 0.493359375 0.6270833333333333 0.498828125 0.6161458333333333 0.499609375 0.6083333333333333 0.51015625 0.5682291666666667 0.5140625 0.5625
5 0.5875 0.5010416666666667 0.593359375 0.5010416666666667 0.599609375 0.5067708333333333 0.60078125 0.5145833333333333 0.605859375 0.5171875 0.612109375 0.5364583333333334 0.615625 0.5671875 0.615625 0.6208333333333333 0.6125 0.6286458333333333 0.6015625 0.6276041666666666 0.59453125 0.6317708333333333 0.591796875 0.6229166666666667 0.58828125 0.621875 0.58671875 0.625 0.584375 0.6239583333333333 0.578515625 0.6104166666666667 0.57890625 0.5770833333333333 0.57421875 0.5458333333333333 0.574609375 0.5046875 0.575390625 0.5020833333333333
5 0.48046875 0.5114583333333333 0.492578125 0.5119791666666667 0.5015625 0.5161458333333333 0.505078125 0.5208333333333334 0.5078125 0.53125 0.507421875 0.5557291666666667 0.502734375 0.5807291666666666 0.5015625 0.609375 0.49375 0.6442708333333333 0.4890625 0.6520833333333333 0.481640625 0.6572916666666667 0.44453125 0.6536458333333334 0.43359375 0.65 0.42890625 0.6453125 0.429296875 0.6348958333333333 0.436328125 0.6036458333333333 0.441796875 0.5666666666666667 0.44609375 0.5557291666666667 0.45625 0.5401041666666667 0.46328125 0.5234375 0.46953125 0.5171875
5 0.52109375 0.45 0.529296875 0.45260416666666664 0.531640625 0.4552083333333333 0.53515625 0.4796875 0.53671875 0.5463541666666667 0.533984375 0.5583333333333333 0.530859375 0.5604166666666667 0.52109375 0.5588541666666667 0.518359375 0.5557291666666667 0.5140625 0.5208333333333334 0.512109375 0.46510416666666665 0.5140625 0.4546875
5 0.466015625 0.44947916666666665 0.477734375 0.44947916666666665 0.4796875 0.4588541666666667 0.47890625 0.4869791666666667 0.48046875 0.5057291666666667 0.478125 0.5119791666666667 0.46875 0.5213541666666667 0.4625 0.5197916666666667 0.4609375 0.5098958333333333 0.462109375 0.4510416666666667
5 0.480859375 0.4244791666666667 0.4890625 0.42552083333333335 0.494921875 0.43072916666666666 0.50078125 0.4505208333333333 0.503515625 0.4552083333333333 0.503515625 0.49583333333333335 0.500390625 0.5026041666666666 0.4953125 0.5078125 0.483984375 0.5057291666666667 0.48125 0.496875 0.48046875 0.46458333333333335 0.47578125 0.44114583333333335 0.472265625 0.43333333333333335 0.473828125 0.42552083333333335
5 0.48984375 0.3515625 0.498046875 0.3578125 0.502734375 0.35885416666666664 0.5046875 0.36822916666666666 0.503515625 0.39114583333333336 0.50078125 0.39427083333333335 0.501171875 0.4005208333333333 0.498828125 0.4119791666666667 0.497265625 0.41354166666666664 0.490234375 0.4119791666666667 0.490234375 0.4088541666666667 0.487890625 0.40572916666666664 0.487109375 0.38958333333333334 0.481640625 0.3802083333333333 0.483203125 0.37552083333333336 0.483203125 0.3692708333333333 0.48203125 0.36822916666666666 0.483203125 0.3651041666666667 0.48203125 0.3640625 0.487890625 0.35208333333333336
5 0.51015625 0.3567708333333333 0.5125 0.3572916666666667 0.51328125 0.3619791666666667 0.51953125 0.36302083333333335 0.525 0.36875 0.525390625 0.4010416666666667 0.522265625 0.4166666666666667 0.52109375 0.44114583333333335 0.51953125 0.44114583333333335 0.517578125 0.43645833333333334 0.5125 0.43385416666666665 0.508984375 0.4010416666666667 0.506640625 0.39895833333333336 0.50625 0.3625
5 0.49375 0.3234375 0.5015625 0.3255208333333333 0.50625 0.3307291666666667 0.507421875 0.3421875 0.505078125 0.3484375 0.50234375 0.35104166666666664 0.491015625 0.35208333333333336 0.485546875 0.34427083333333336 0.48515625 0.340625 0.4890625 0.32760416666666664
5 0.53125 0.31666666666666665 0.534375 0.31666666666666665 0.535546875 0.31927083333333334 0.53515625 0.35260416666666666 0.533203125 0.36666666666666664 0.530859375 0.37135416666666665 0.52734375 0.3723958333333333 0.530078125 0.375 0.53046875 0.38177083333333334 0.528515625 0.384375 0.52578125 0.37916666666666665 0.526953125 0.3734375 0.52421875 0.36614583333333334 0.52265625 0.34479166666666666 0.521875 0.353125 0.519921875 0.3546875 0.519921875 0.3572916666666667 0.516015625 0.3536458333333333 0.516015625 0.35104166666666664 0.519921875 0.3375 0.523828125 0.33229166666666665 0.525390625 0.3260416666666667 0.530078125 0.32135416666666666