5 0.529296875 0.9328125 0.533984375 0.9333333333333333 0.545703125 0.9421875 0.556640625 0.9567708333333333 0.5625 0.9734375 0.565625 1 0.51484375 1 0.513671875 0.9697916666666667 0.515625 0.9494791666666667 0.521875 0.9375
5 0.428515625 0.8546875 0.433984375 0.8557291666666667 0.459375 0.8723958333333334 0.465234375 0.8807291666666667 0.47265625 0.8973958333333333 0.475 0.9114583333333334 0.473828125 0.9447916666666667 0.476171875 0.9723958333333333 0.475 1 0.4125 1 0.409375 0.9734375 0.413671875 0.9098958333333333 0.42421875 0.8739583333333333 0.426171875 0.8588541666666667
5 0.36796875 0.8223958333333333 0.379296875 0.8223958333333333 0.3859375 0.8255208333333334 0.39609375 0.8354166666666667 0.39921875 0.8447916666666667 0.40078125 0.8609375 0.40078125 0.8984375 0.395703125 0.9619791666666667 0.395703125 0.9875 0.390234375 1 0.336328125 1 0.334375 0.9864583333333333 0.33515625 0.9494791666666667 0.3390625 0.8953125 0.35078125 0.8364583333333333 0.357421875 0.8276041666666667
5 0.586328125 0.7875 0.596875 0.7880208333333333 0.60703125 0.7958333333333333 0.6125 0.8026041666666667 0.637890625 0.8526041666666667 0.64453125 0.8739583333333333 0.665234375 0.9125 0.6671875 0.9229166666666667 0.6671875 0.9494791666666667 0.66484375 1 0.63828125 1 0.621484375 0.9833333333333333 0.606640625 0.9791666666666666 0.595703125 0.9677083333333333 0.588671875 0.9515625 0.580859375 0.9255208333333333 0.578515625 0.8864583333333333 0.56953125 0.8265625 0.569921875 0.8088541666666667 0.57265625 0.7984375 0.57890625 0.790625
5 0.65859375 0.75 0.67421875 0.7541666666666667 0.68359375 0.7625 0.69140625 0.7880208333333333 0.70390625 0.8114583333333333 0.72734375 0.8734375 0.7296875 0.8875 0.725390625 0.9109375 0.719140625 0.971875 0.72109375 1 0.696484375 1 0.6859375 0.9864583333333333 0.681640625 0.9776041666666667 0.671484375 0.9682291666666667 0.666015625 0.9494791666666667 0.665234375 0.9260416666666667 0.6625 0.9125 0.6546875 0.8994791666666667 0.64609375 0.8770833333333333 0.641796875 0.8479166666666667 0.63984375 0.8135416666666667 0.63671875 0.7916666666666666 0.63671875 0.771875 0.643359375 0.7572916666666667
5 0.558984375 0.7760416666666666 0.559765625 0.7947916666666667 0.56328125 0.8010416666666667 0.570703125 0.8067708333333333 0.609375 0.8041666666666667 0.61875 0.7958333333333333 0.621875 0.7546875 0.621875 0.6671875 0.61953125 0.6364583333333333 0.618359375 0.63125 0.614453125 0.6265625 0.595703125 0.6239583333333333 0.58828125 0.6328125 0.5828125 0.6494791666666667
5 0.475390625 0.6614583333333334 0.4640625 0.7348958333333333 0.464453125 0.7473958333333334 0.46953125 0.771875 0.491796875 0.7864583333333334 0.514453125 0.7619791666666667 0.5203125 0.746875 0.525 0.7229166666666667 0.537109375 0.6171875 0.53671875 0.5916666666666667 0.533984375 0.5765625 0.531640625 0.5729166666666666 0.505859375 0.5796875 0.491015625 0.5979166666666667 0.4828125 0.6213541666666667
5 0.5828125 0.5734375 0.583203125 0.6078125 0.593359375 0.6552083333333333 0.596484375 0.65625 0.6109375 0.6296875 0.615625 0.5458333333333333 0.612890625 0.5380208333333333 0.609375 0.534375 0.603125 0.5328125 0.59453125 0.5328125 0.5890625 0.5364583333333334 0.584765625 0.5447916666666667
5 0.421875 0.6369791666666667 0.421875 0.6494791666666667 0.425390625 0.6604166666666667 0.430859375 0.6677083333333333 0.467578125 0.6677083333333333 0.478515625 0.659375 0.520703125 0.56875 0.51484375 0.54375 0.51015625 0.5317708333333333 0.499609375 0.5213541666666667 0.490625 0.51875 0.476953125 0.5255208333333333 0.443359375 0.5520833333333334 0.4359375 0.5755208333333334
5 0.5125 0.4869791666666667 0.512109375 0.5057291666666667 0.5171875 0.5604166666666667 0.52109375 0.5734375 0.529296875 0.578125 0.533984375 0.5734375 0.53828125 0.5567708333333333 0.53828125 0.4921875 0.534375 0.48125 0.530078125 0.478125 0.51796875 0.478125 0.5140625 0.4817708333333333
5 0.456640625 0.4635416666666667 0.45703125 0.484375 0.462890625 0.5322916666666667 0.465625 0.5369791666666667 0.46875 0.5375 0.47734375 0.5328125 0.486328125 0.5223958333333333 0.485546875 0.49375 0.478125 0.45260416666666664 0.475 0.4473958333333333 0.466015625 0.446875
5 0.4765625 0.453125 0.490234375 0.5182291666666666 0.509375 0.5322916666666667 0.512890625 0.528125 0.51484375 0.5192708333333333 0.51484375 0.48125 0.51015625 0.46197916666666666 0.5 0.44635416666666666 0.494140625 0.44114583333333335 0.48125 0.44427083333333334
5 0.487890625 0.3927083333333333 0.4875 0.4083333333333333 0.49375 0.44114583333333335 0.496484375 0.4421875 0.50625 0.40729166666666666 0.505859375 0.3890625 0.503515625 0.3776041666666667 0.49765625 0.3729166666666667 0.49140625 0.37552083333333336
5 0.50859375 0.38385416666666666 0.508984375 0.40989583333333335 0.525 0.44895833333333335 0.533984375 0.45 0.537109375 0.4421875 0.537890625 0.4161458333333333 0.528125 0.37916666666666665 0.520703125 0.37395833333333334 0.509765625 0.37864583333333335
5 0.51328125 0.3390625 0.513671875 0.35572916666666665 0.518359375 0.37395833333333334 0.52109375 0.3770833333333333 0.52890625 0.37552083333333336 0.53359375 0.35833333333333334 0.5328125 0.3416666666666667 0.53046875 0.3328125 0.527734375 0.3302083333333333 0.51953125 0.32916666666666666 0.515625 0.33229166666666665
5 0.4875 0.3260416666666667 0.4875 0.375 0.50546875 0.37604166666666666 0.50625 0.3265625