5 0.337109375 0.9276041666666667 0.333984375 0.9729166666666667 0.335546875 1 0.3859375 1 0.39453125 0.9864583333333333 0.3984375 0.9177083333333333 0.39765625 0.8973958333333333 0.387109375 0.8630208333333333 0.381640625 0.8583333333333333 0.368359375 0.8546875 0.353125 0.8578125 0.347265625 0.8708333333333333
5 0.413671875 0.9265625 0.41328125 0.9765625 0.418359375 1 0.483984375 1 0.475390625 0.9338541666666667 0.471875 0.9223958333333333 0.461328125 0.9020833333333333 0.43359375 0.8854166666666666 0.428515625 0.8854166666666666 0.421875 0.8994791666666667
5 0.583203125 0.828125 0.580078125 0.8458333333333333 0.580078125 0.8598958333333333 0.58359375 0.9421875 0.59296875 1 0.68046875 1 0.68046875 0.975 0.67421875 0.9411458333333333 0.6640625 0.9067708333333333 0.6375 0.8411458333333334 0.623828125 0.8197916666666667 0.606640625 0.8104166666666667 0.5921875 0.8104166666666667 0.5875 0.815625
5 0.631640625 0.8109375 0.63125 0.8234375 0.667578125 0.9609375 0.679296875 0.9895833333333334 0.681640625 0.9927083333333333 0.712890625 1 0.741015625 1 0.75078125 0.9104166666666667 0.747265625 0.9 0.703125 0.8171875 0.686328125 0.7901041666666667 0.66953125 0.7791666666666667 0.658203125 0.7796875 0.65078125 0.784375 0.6390625 0.7963541666666667
5 0.5625 0.7609375 0.5625 0.7723958333333333 0.569921875 0.7947916666666667 0.606640625 0.8005208333333333 0.6140625 0.7994791666666666 0.618359375 0.7942708333333334 0.621484375 0.66875 0.61796875 0.634375 0.614453125 0.6276041666666666 0.6015625 0.6276041666666666 0.59453125 0.64375
5 0.578515625 0.59375 0.578515625 0.653125 0.579296875 0.6557291666666667 0.59140625 0.6541666666666667 0.6125 0.6239583333333333 0.6125 0.55 0.608984375 0.5427083333333333 0.587890625 0.5432291666666667 0.581640625 0.5598958333333334
5 0.465234375 0.7348958333333333 0.46484375 0.7734375 0.46640625 0.7864583333333334 0.47109375 0.7947916666666667 0.48359375 0.7942708333333334 0.49921875 0.7786458333333334 0.51640625 0.7395833333333334 0.521484375 0.7223958333333333 0.53671875 0.6208333333333333 0.535546875 0.6046875 0.528515625 0.5890625 0.51875 0.5854166666666667 0.5046875 0.5895833333333333 0.496484375 0.5984375 0.48828125 0.6130208333333333 0.4734375 0.66875
5 0.424609375 0.6375 0.42578125 0.653125 0.428125 0.659375 0.433984375 0.665625 0.446875 0.6713541666666667 0.468359375 0.6708333333333333 0.48125 0.6505208333333333 0.516015625 0.5822916666666667 0.513671875 0.5447916666666667 0.50859375 0.5317708333333333 0.496875 0.5239583333333333 0.487109375 0.525 0.444921875 0.553125 0.43515625 0.5796875
5 0.512890625 0.4947916666666667 0.5140625 0.5572916666666666 0.51640625 0.5822916666666667 0.52890625 0.5989583333333334 0.53125 0.5994791666666667 0.533984375 0.5953125 0.5375 0.5677083333333334 0.53984375 0.5223958333333333 0.538671875 0.4947916666666667 0.533203125 0.48854166666666665 0.5234375 0.4864583333333333 0.516015625 0.48854166666666665
5 0.45546875 0.46770833333333334 0.448828125 0.5536458333333333 0.44921875 0.5588541666666667 0.453125 0.5614583333333333 0.459765625 0.5588541666666667 0.4828125 0.5302083333333333 0.479296875 0.4552083333333333 0.47265625 0.4510416666666667 0.465234375 0.4510416666666667 0.458203125 0.45677083333333335
5 0.481640625 0.4557291666666667 0.49453125 0.51875 0.503125 0.5255208333333333 0.508984375 0.525 0.5125 0.5182291666666666 0.51484375 0.49375 0.51484375 0.4817708333333333 0.5109375 0.46927083333333336 0.5046875 0.4552083333333333 0.49765625 0.44895833333333335 0.491015625 0.4484375
5 0.485546875 0.3880208333333333 0.48671875 0.415625 0.491015625 0.43125 0.501171875 0.44947916666666665 0.508984375 0.44947916666666665 0.511328125 0.4328125 0.511328125 0.4088541666666667 0.50546875 0.38177083333333334 0.50078125 0.3776041666666667 0.494140625 0.378125 0.488671875 0.3807291666666667
5 0.50703125 0.3875 0.50859375 0.4203125 0.519140625 0.45416666666666666 0.526953125 0.46041666666666664 0.54296875 0.46145833333333336 0.54375 0.45677083333333335 0.537890625 0.4234375 0.526171875 0.38177083333333334 0.5140625 0.378125
5 0.51015625 0.3421875 0.51015625 0.35625 0.518359375 0.3880208333333333 0.520703125 0.39010416666666664 0.528515625 0.3885416666666667 0.53515625 0.37395833333333334 0.532421875 0.3421875 0.52265625 0.3328125 0.5140625 0.33489583333333334
5 0.487109375 0.3338541666666667 0.484375 0.36875 0.490625 0.37916666666666665 0.49609375 0.3796875 0.499609375 0.3770833333333333 0.50625 0.3640625 0.50625 0.3385416666666667 0.5 0.32916666666666666 0.488671875 0.3296875